Name:				289_n100_m200_bt3_1713
Problem:			3L-VRPTW
Number_of_used_Vehicles:	1
Total_Travel_Distance:		2704.42
Calculation_Time:		770.52
Total_Iterations:		1
ConstraintSet:			P1

-------------------------------------------------------------------------------------------------------------------
Tour_Id:			1
No_of_Customers:		63
No_of_Items:			128
Customer_Sequence:		6 50 54 46 36 7 60 56 53 40 15 47 35 64 62 44 34 30 23 1 51 17 13 55 12 26 25 18 65 58 9 61 43 37 41 27 8 4 11 29 19 42 16 2 31 48 63 57 20 5 24 14 39 45 32 49 3 21 59 38 52 10 28 

CustId	Id	TypeId	Rotated	x	y	z	Length	Width	Height	mass	Fragility	LoadBearingStrength
28	53	3	0	0	0	0	8	3	8	82.75	0		24.770523
28	52	2	0	0	3	0	17	3	7	110.96	1		2.731464
10	17	3	0	0	6	0	8	3	8	82.75	0		24.770523
10	16	2	0	0	9	0	17	3	7	110.96	1		2.731464
52	99	1	0	0	12	0	10	7	4	245.01	0		18.421572
52	100	3	0	0	19	0	8	3	8	82.75	0		24.770523
38	67	1	0	0	12	4	10	7	4	245.01	0		18.421572
38	69	3	0	0	22	0	8	3	8	82.75	0		24.770523
38	68	2	0	0	3	7	17	3	7	110.96	1		2.731464
59	115	1	0	0	12	8	10	7	4	245.01	0		18.421572
59	116	3	0	0	0	8	8	3	8	82.75	0		24.770523
21	40	1	0	0	12	12	10	7	4	245.01	0		18.421572
21	41	2	0	0	9	7	17	3	7	110.96	1		2.731464
3	3	3	0	0	6	8	8	3	8	82.75	0		24.770523
49	94	1	0	0	12	16	10	7	4	245.01	0		18.421572
49	95	2	0	0	3	14	17	3	7	110.96	1		2.731464
32	58	3	0	0	19	8	8	3	8	82.75	0		24.770523
45	86	3	0	0	22	8	8	3	8	82.75	0		24.770523
45	85	2	0	0	9	14	17	3	7	110.96	1		2.731464
39	70	2	0	0	3	21	17	3	7	110.96	1		2.731464
14	25	2	0	0	9	21	17	3	7	110.96	1		2.731464
24	46	3	0	0	0	16	8	3	8	82.75	0		24.770523
2	2	1	0	0	12	20	10	7	4	245.01	0		18.421572
24	45	2	0	8	0	0	17	3	7	110.96	1		2.731464
5	7	2	0	8	6	0	17	3	7	110.96	1		2.731464
4	4	1	0	0	12	24	10	7	4	245.01	0		18.421572
20	38	2	0	8	19	0	17	3	7	110.96	1		2.731464
57	110	1	0	10	12	0	10	7	4	245.01	0		18.421572
57	111	3	0	0	6	16	8	3	8	82.75	0		24.770523
63	124	1	0	10	12	4	10	7	4	245.01	0		18.421572
63	125	2	0	8	22	0	17	3	7	110.96	1		2.731464
63	126	2	0	8	0	7	17	3	7	110.96	1		2.731464
48	93	3	0	0	19	16	8	3	8	82.75	0		24.770523
27	51	1	0	10	12	8	10	7	4	245.01	0		18.421572
65	129	1	0	10	12	12	10	7	4	245.01	0		18.421572
24	44	2	0	17	3	0	17	3	7	110.96	1		2.731464
16	29	1	0	20	12	0	10	7	4	245.01	0		18.421572
16	30	2	0	8	6	7	17	3	7	110.96	1		2.731464
16	31	2	0	8	19	7	17	3	7	110.96	1		2.731464
42	79	3	0	0	22	16	8	3	8	82.75	0		24.770523
42	77	2	0	8	22	7	17	3	7	110.96	1		2.731464
42	78	2	0	8	0	14	17	3	7	110.96	1		2.731464
19	37	3	0	17	9	0	8	3	8	82.75	0		24.770523
19	36	2	0	8	6	14	17	3	7	110.96	1		2.731464
29	54	2	0	8	19	14	17	3	7	110.96	1		2.731464
11	18	1	0	20	12	4	10	7	4	245.01	0		18.421572
11	19	2	0	8	22	14	17	3	7	110.96	1		2.731464
11	20	2	0	8	0	21	17	3	7	110.96	1		2.731464
20	39	3	0	34	3	0	8	3	8	82.75	0		24.770523
4	5	2	0	8	6	21	17	3	7	110.96	1		2.731464
4	6	2	0	8	19	21	17	3	7	110.96	1		2.731464
8	12	2	0	8	22	21	17	3	7	110.96	1		2.731464
48	92	2	0	25	0	0	17	3	7	110.96	1		2.731464
41	74	1	0	20	12	8	10	7	4	245.01	0		18.421572
41	76	3	0	17	9	8	8	3	8	82.75	0		24.770523
41	75	2	0	25	6	0	17	3	7	110.96	1		2.731464
37	66	3	0	17	9	16	8	3	8	82.75	0		24.770523
43	81	3	0	25	9	0	8	3	8	82.75	0		24.770523
58	113	1	0	30	12	0	10	7	4	245.01	0		18.421572
61	120	1	0	42	0	0	10	7	4	245.01	0		18.421572
61	121	2	0	25	19	0	17	3	7	110.96	1		2.731464
9	13	1	0	42	0	4	10	7	4	245.01	0		18.421572
9	15	3	0	25	22	0	8	3	8	82.75	0		24.770523
9	14	2	0	25	0	7	17	3	7	110.96	1		2.731464
58	112	1	0	30	12	4	10	7	4	245.01	0		18.421572
31	57	3	0	34	3	8	8	3	8	82.75	0		24.770523
58	114	3	0	25	9	8	8	3	8	82.75	0		24.770523
43	80	2	0	25	6	7	17	3	7	110.96	1		2.731464
65	130	3	0	10	12	16	8	3	8	82.75	0		24.770523
18	33	1	0	20	12	12	10	7	4	245.01	0		18.421572
12	21	2	0	10	15	16	17	3	7	110.96	1		2.731464
18	34	2	0	25	19	7	17	3	7	110.96	1		2.731464
25	47	3	0	18	12	16	8	3	8	82.75	0		24.770523
25	48	3	0	25	22	8	8	3	8	82.75	0		24.770523
26	49	1	0	30	12	8	10	7	4	245.01	0		18.421572
26	50	3	0	25	9	16	8	3	8	82.75	0		24.770523
18	35	3	0	33	9	0	8	3	8	82.75	0		24.770523
12	22	2	0	10	15	23	17	3	7	110.96	1		2.731464
55	105	1	0	30	12	12	10	7	4	245.01	0		18.421572
55	106	1	0	30	12	16	10	7	4	245.01	0		18.421572
55	107	1	0	30	12	20	10	7	4	245.01	0		18.421572
13	24	3	0	25	22	16	8	3	8	82.75	0		24.770523
13	23	2	0	25	0	14	17	3	7	110.96	1		2.731464
17	32	3	0	33	22	0	8	3	8	82.75	0		24.770523
51	98	1	0	30	12	24	10	7	4	245.01	0		18.421572
1	1	3	0	33	9	8	8	3	8	82.75	0		24.770523
23	43	1	0	40	12	0	10	7	4	245.01	0		18.421572
30	56	3	0	33	22	8	8	3	8	82.75	0		24.770523
30	55	2	0	25	6	14	17	3	7	110.96	1		2.731464
34	60	1	0	40	12	4	10	7	4	245.01	0		18.421572
34	62	3	0	33	9	16	8	3	8	82.75	0		24.770523
34	61	2	0	25	19	14	17	3	7	110.96	1		2.731464
44	82	1	0	40	12	8	10	7	4	245.01	0		18.421572
44	83	1	0	40	12	12	10	7	4	245.01	0		18.421572
44	84	2	0	25	0	21	17	3	7	110.96	1		2.731464
62	123	3	0	33	22	16	8	3	8	82.75	0		24.770523
53	103	3	0	34	3	16	8	3	8	82.75	0		24.770523
64	127	1	0	40	12	16	10	7	4	245.01	0		18.421572
35	63	2	0	25	6	21	17	3	7	110.96	1		2.731464
64	128	1	0	40	12	20	10	7	4	245.01	0		18.421572
47	90	2	0	25	19	21	17	3	7	110.96	1		2.731464
47	91	2	0	41	9	0	17	3	7	110.96	1		2.731464
15	26	1	0	40	12	24	10	7	4	245.01	0		18.421572
15	27	1	0	42	0	8	10	7	4	245.01	0		18.421572
15	28	1	0	42	0	12	10	7	4	245.01	0		18.421572
40	71	1	0	50	12	0	10	7	4	245.01	0		18.421572
40	72	1	0	50	12	4	10	7	4	245.01	0		18.421572
40	73	3	0	41	22	0	8	3	8	82.75	0		24.770523
53	101	1	0	42	0	16	10	7	4	245.01	0		18.421572
53	102	1	0	42	0	20	10	7	4	245.01	0		18.421572
62	122	2	0	42	19	0	17	3	7	110.96	1		2.731464
56	108	2	0	41	9	7	17	3	7	110.96	1		2.731464
60	118	3	0	41	22	8	8	3	8	82.75	0		24.770523
60	117	1	0	42	0	24	10	7	4	245.01	0		18.421572
56	109	2	0	41	9	14	17	3	7	110.96	1		2.731464
60	119	3	0	41	22	16	8	3	8	82.75	0		24.770523
7	10	1	0	50	12	8	10	7	4	245.01	0		18.421572
7	11	2	0	41	9	21	17	3	7	110.96	1		2.731464
36	64	1	0	50	12	12	10	7	4	245.01	0		18.421572
36	65	3	0	49	22	0	8	3	8	82.75	0		24.770523
46	87	1	0	50	12	16	10	7	4	245.01	0		18.421572
46	89	3	0	49	22	8	8	3	8	82.75	0		24.770523
46	88	2	0	42	19	7	17	3	7	110.96	1		2.731464
54	104	3	0	49	22	16	8	3	8	82.75	0		24.770523
50	96	1	0	50	12	20	10	7	4	245.01	0		18.421572
50	97	3	0	52	0	0	8	3	8	82.75	0		24.770523
6	8	2	0	42	19	14	17	3	7	110.96	1		2.731464
6	9	2	0	42	19	21	17	3	7	110.96	1		2.731464


