Name:				052_n020_m200_bt10
Problem:			3L-VRPTW
Number_of_used_Vehicles:	2
Total_Travel_Distance:		295.24
Calculation_Time:		3600.00
Total_Iterations:		1125
ConstraintSet:			P18

-------------------------------------------------------------------------------------------------------------------
Tour_Id:			1
No_of_Customers:		10
No_of_Items:			99
Customer_Sequence:		12 10 17 16 1 7 11 3 20 14 

CustId	Id	TypeId	Rotated	x	y	z	Length	Width	Height	mass	Fragility	LoadBearingStrength
14	135	2	0	0	0	0	17	7	5	60.79	0		24.029025
17	168	2	0	0	7	0	17	7	5	60.79	0		24.029025
20	196	6	0	0	14	0	7	6	5	21.66	0		3.613636
11	102	4	0	0	0	5	11	7	6	107.45	0		6.563532
12	112	2	0	0	7	5	17	7	5	60.79	0		24.029025
17	167	2	0	0	7	10	17	7	5	60.79	0		24.029025
20	193	2	0	0	7	15	17	7	5	60.79	0		24.029025
11	101	2	0	0	7	20	17	7	5	60.79	0		24.029025
11	100	2	0	0	7	25	17	7	5	60.79	0		24.029025
12	113	2	0	7	14	0	17	7	5	60.79	0		24.029025
20	192	2	0	0	14	5	17	7	5	60.79	0		24.029025
1	2	4	0	0	14	10	11	7	6	107.45	0		6.563532
3	25	4	0	0	0	11	11	7	6	107.45	0		6.563532
3	24	4	0	0	14	16	11	7	6	107.45	0		6.563532
16	159	3	0	0	0	17	13	7	5	64.03	0		6.253563
20	197	7	0	0	0	22	17	6	8	152.03	1		1.645841
12	114	3	0	0	14	22	13	7	5	64.03	0		6.253563
7	61	4	0	17	0	0	11	7	6	107.45	0		6.563532
7	62	4	0	17	7	0	11	7	6	107.45	0		6.563532
7	63	4	0	17	0	6	11	7	6	107.45	0		6.563532
14	134	1	0	0	21	0	13	2	6	20.93	0		2.474172
1	1	3	0	17	7	6	13	7	5	64.03	0		6.253563
10	90	3	0	17	7	11	13	7	5	64.03	0		6.253563
10	91	3	0	17	0	12	13	7	5	64.03	0		6.253563
7	60	3	0	17	7	16	13	7	5	64.03	0		6.253563
1	3	4	0	17	0	17	11	7	6	107.45	0		6.563532
11	103	6	1	11	0	5	7	6	5	21.66	0		3.613636
10	92	4	0	17	7	21	11	7	6	107.45	0		6.563532
12	115	3	0	17	0	23	13	7	5	64.03	0		6.253563
16	160	3	0	24	14	0	13	7	5	64.03	0		6.253563
14	136	3	0	17	14	5	13	7	5	64.03	0		6.253563
20	194	3	0	11	14	10	13	7	5	64.03	0		6.253563
10	95	5	0	28	0	0	10	5	8	74.18	0		5.158658
1	5	6	1	11	0	10	7	6	5	21.66	0		3.613636
7	64	5	0	37	14	0	10	5	8	74.18	0		5.158658
1	10	9	0	11	14	15	9	6	6	65.22	0		5.004437
12	111	2	0	28	5	0	17	7	5	60.79	0		24.029025
10	94	5	0	30	0	8	10	5	8	74.18	0		5.158658
17	171	10	0	0	14	27	13	3	3	22.34	0		5.573092
12	116	5	0	30	0	16	10	5	8	74.18	0		5.158658
20	195	5	0	37	19	0	10	5	8	74.18	0		5.158658
1	11	9	0	13	14	21	9	6	6	65.22	0		5.004437
16	156	1	0	0	23	0	13	2	6	20.93	0		2.474172
7	65	5	0	37	14	8	10	5	8	74.18	0		5.158658
16	163	7	1	47	0	0	17	6	8	152.03	1		1.645841
10	97	9	1	24	14	10	9	6	6	65.22	0		5.004437
16	161	5	1	24	14	16	10	5	8	74.18	0		5.158658
10	96	6	1	24	14	24	7	6	5	21.66	0		3.613636
12	118	9	1	30	5	5	9	6	6	65.22	0		5.004437
3	28	9	1	30	14	5	9	6	6	65.22	0		5.004437
3	27	6	0	30	5	11	7	6	5	21.66	0		3.613636
1	4	6	0	30	11	11	7	6	5	21.66	0		3.613636
16	162	6	0	30	17	11	7	6	5	21.66	0		3.613636
1	7	7	1	30	5	16	17	6	8	152.03	1		1.645841
16	158	1	0	0	21	6	13	2	6	20.93	0		2.474172
14	133	1	0	0	23	6	13	2	6	20.93	0		2.474172
1	9	8	0	30	0	24	7	5	6	49.78	1		1.460868
3	26	5	0	37	5	5	10	5	8	74.18	0		5.158658
16	157	1	0	0	21	12	13	2	6	20.93	0		2.474172
14	139	6	0	37	19	8	7	6	5	21.66	0		3.613636
20	200	10	0	0	17	27	13	3	3	22.34	0		5.573092
12	109	1	0	0	23	12	13	2	6	20.93	0		2.474172
7	67	7	1	47	0	8	17	6	8	152.03	1		1.645841
12	119	9	0	37	5	13	9	6	6	65.22	0		5.004437
1	13	10	0	0	21	18	13	3	3	22.34	0		5.573092
14	140	6	0	36	5	19	7	6	5	21.66	0		3.613636
14	137	3	0	47	17	0	13	7	5	64.03	0		6.253563
16	165	9	0	36	5	24	9	6	6	65.22	0		5.004437
14	143	9	0	37	19	13	9	6	6	65.22	0		5.004437
11	106	8	1	30	5	24	7	5	6	49.78	1		1.460868
11	99	1	0	0	21	21	13	2	6	20.93	0		2.474172
12	120	10	0	0	20	27	13	3	3	22.34	0		5.573092
14	144	10	0	13	21	0	13	3	3	22.34	0		5.573092
12	110	1	0	13	21	3	13	2	6	20.93	0		2.474172
1	8	8	0	30	12	24	7	5	6	49.78	1		1.460868
17	169	3	0	47	17	5	13	7	5	64.03	0		6.253563
20	199	9	0	37	19	19	9	6	6	65.22	0		5.004437
11	108	10	0	17	7	27	13	3	3	22.34	0		5.573092
1	12	10	0	17	10	27	13	3	3	22.34	0		5.573092
7	59	2	1	53	0	0	17	7	5	60.79	0		24.029025
17	166	1	0	47	17	10	13	2	6	20.93	0		2.474172
11	105	8	0	30	17	24	7	5	6	49.78	1		1.460868
11	104	8	0	37	14	16	7	5	6	49.78	1		1.460868
14	132	1	0	46	19	10	13	2	6	20.93	0		2.474172
12	117	7	1	46	0	16	17	6	8	152.03	1		1.645841
14	138	6	0	37	19	25	7	6	5	21.66	0		3.613636
1	6	7	1	53	0	5	17	6	8	152.03	1		1.645841
10	93	5	0	46	17	16	10	5	8	74.18	0		5.158658
10	98	10	0	46	21	10	13	3	3	22.34	0		5.573092
14	141	8	0	37	14	22	7	5	6	49.78	1		1.460868
14	142	8	0	38	0	0	7	5	6	49.78	1		1.460868
16	164	8	0	45	0	24	7	5	6	49.78	1		1.460868
11	107	10	0	46	21	13	13	3	3	22.34	0		5.573092
20	198	8	0	45	5	24	7	5	6	49.78	1		1.460868
20	191	1	0	46	22	16	13	2	6	20.93	0		2.474172
7	66	7	1	53	0	13	17	6	8	152.03	1		1.645841
17	170	7	1	52	0	21	17	6	8	152.03	1		1.645841
7	69	8	0	45	10	24	7	5	6	49.78	1		1.460868
7	68	8	0	46	17	24	7	5	6	49.78	1		1.460868


-------------------------------------------------------------------------------------------------------------------
Tour_Id:			2
No_of_Customers:		10
No_of_Items:			101
Customer_Sequence:		5 13 15 6 19 4 9 18 2 8 

CustId	Id	TypeId	Rotated	x	y	z	Length	Width	Height	mass	Fragility	LoadBearingStrength
8	71	2	0	0	0	0	17	7	5	60.79	0		24.029025
4	30	2	0	0	7	0	17	7	5	60.79	0		24.029025
6	47	2	0	0	14	0	17	7	5	60.79	0		24.029025
6	48	2	0	0	0	5	17	7	5	60.79	0		24.029025
15	145	2	0	0	7	5	17	7	5	60.79	0		24.029025
15	146	2	0	0	14	5	17	7	5	60.79	0		24.029025
13	122	2	0	0	0	10	17	7	5	60.79	0		24.029025
5	41	2	0	0	7	10	17	7	5	60.79	0		24.029025
9	86	4	0	0	14	10	11	7	6	107.45	0		6.563532
6	49	3	0	0	0	15	13	7	5	64.03	0		6.253563
19	184	5	0	0	7	15	10	5	8	74.18	0		5.158658
2	23	10	0	0	21	0	13	3	3	22.34	0		5.573092
8	78	9	0	0	14	16	9	6	6	65.22	0		5.004437
8	79	9	0	0	0	20	9	6	6	65.22	0		5.004437
15	149	7	0	17	0	0	17	6	8	152.03	1		1.645841
8	72	3	0	17	6	0	13	7	5	64.03	0		6.253563
8	73	4	0	17	13	0	11	7	6	107.45	0		6.563532
5	44	4	0	17	6	5	11	7	6	107.45	0		6.563532
13	124	4	0	17	13	6	11	7	6	107.45	0		6.563532
8	77	9	0	0	14	22	9	6	6	65.22	0		5.004437
18	176	4	0	17	6	11	11	7	6	107.45	0		6.563532
5	43	3	0	17	13	12	13	7	5	64.03	0		6.253563
8	81	10	0	0	21	3	13	3	3	22.34	0		5.573092
6	53	5	0	17	20	0	10	5	8	74.18	0		5.158658
6	50	4	0	17	6	17	11	7	6	107.45	0		6.563532
13	125	5	0	17	20	8	10	5	8	74.18	0		5.158658
19	182	3	0	17	13	17	13	7	5	64.03	0		6.253563
19	187	7	0	17	0	8	17	6	8	152.03	1		1.645841
5	42	3	0	17	13	22	13	7	5	64.03	0		6.253563
6	52	5	0	17	20	16	10	5	8	74.18	0		5.158658
8	74	4	0	17	6	23	11	7	6	107.45	0		6.563532
5	45	5	0	27	20	0	10	5	8	74.18	0		5.158658
13	123	3	0	28	13	0	13	7	5	64.03	0		6.253563
13	126	7	0	13	0	16	17	6	8	152.03	1		1.645841
9	85	3	0	28	13	5	13	7	5	64.03	0		6.253563
18	177	4	0	30	6	0	11	7	6	107.45	0		6.563532
15	147	4	0	28	6	6	11	7	6	107.45	0		6.563532
2	18	5	0	27	20	8	10	5	8	74.18	0		5.158658
18	172	1	0	0	21	6	13	2	6	20.93	0		2.474172
15	154	9	0	0	7	23	9	6	6	65.22	0		5.004437
2	16	3	0	28	6	12	13	7	5	64.03	0		6.253563
4	37	9	0	28	6	17	9	6	6	65.22	0		5.004437
13	128	9	0	28	6	23	9	6	6	65.22	0		5.004437
18	173	1	0	0	21	12	13	2	6	20.93	0		2.474172
4	32	5	0	27	20	16	10	5	8	74.18	0		5.158658
15	153	9	0	34	0	0	9	6	6	65.22	0		5.004437
15	152	9	0	34	0	6	9	6	6	65.22	0		5.004437
6	58	9	0	34	0	12	9	6	6	65.22	0		5.004437
18	180	9	0	34	0	18	9	6	6	65.22	0		5.004437
19	183	4	0	41	6	0	11	7	6	107.45	0		6.563532
18	178	4	0	39	6	6	11	7	6	107.45	0		6.563532
4	31	3	0	41	13	0	13	7	5	64.03	0		6.253563
2	20	6	0	10	7	15	7	6	5	21.66	0		3.613636
6	54	6	0	10	6	20	7	6	5	21.66	0		3.613636
6	55	6	0	10	6	25	7	6	5	21.66	0		3.613636
6	56	6	1	11	14	10	7	6	5	21.66	0		3.613636
19	186	6	1	11	13	15	7	6	5	21.66	0		3.613636
13	131	10	0	17	20	24	13	3	3	22.34	0		5.573092
18	174	1	0	0	21	18	13	2	6	20.93	0		2.474172
19	185	5	0	37	20	0	10	5	8	74.18	0		5.158658
4	38	10	0	17	13	27	13	3	3	22.34	0		5.573092
4	34	6	0	10	12	20	7	6	5	21.66	0		3.613636
9	84	3	0	30	13	10	13	7	5	64.03	0		6.253563
13	121	1	0	0	21	24	13	2	6	20.93	0		2.474172
9	89	10	0	17	16	27	13	3	3	22.34	0		5.573092
8	70	1	0	17	23	24	13	2	6	20.93	0		2.474172
9	83	1	0	30	13	15	13	2	6	20.93	0		2.474172
5	40	1	0	30	15	15	13	2	6	20.93	0		2.474172
4	29	1	0	30	17	15	13	2	6	20.93	0		2.474172
13	127	7	0	30	13	21	17	6	8	152.03	1		1.645841
2	17	3	0	41	13	5	13	7	5	64.03	0		6.253563
8	80	10	0	17	19	27	13	3	3	22.34	0		5.573092
13	129	10	0	37	20	8	13	3	3	22.34	0		5.573092
13	130	10	0	37	20	11	13	3	3	22.34	0		5.573092
4	33	6	0	9	12	25	7	6	5	21.66	0		3.613636
4	35	7	0	43	0	0	17	6	8	152.03	1		1.645841
2	19	5	0	41	6	12	10	5	8	74.18	0		5.158658
2	21	10	0	37	20	14	13	3	3	22.34	0		5.573092
2	22	10	0	37	20	17	13	3	3	22.34	0		5.573092
9	88	10	0	37	20	20	13	3	3	22.34	0		5.573092
5	46	9	0	34	0	24	9	6	6	65.22	0		5.004437
4	39	10	0	37	20	23	13	3	3	22.34	0		5.573092
2	14	1	0	37	23	8	13	2	6	20.93	0		2.474172
18	181	10	0	37	20	26	13	3	3	22.34	0		5.573092
18	179	7	0	43	0	8	17	6	8	152.03	1		1.645841
2	15	1	0	37	23	14	13	2	6	20.93	0		2.474172
8	82	10	0	41	6	20	13	3	3	22.34	0		5.573092
6	51	4	0	43	13	10	11	7	6	107.45	0		6.563532
15	148	7	0	43	0	16	17	6	8	152.03	1		1.645841
15	155	10	0	41	6	23	13	3	3	22.34	0		5.573092
19	188	7	1	54	6	0	17	6	8	152.03	1		1.645841
18	175	3	0	43	13	16	13	7	5	64.03	0		6.253563
15	150	8	0	13	0	24	7	5	6	49.78	1		1.460868
6	57	8	0	20	0	24	7	5	6	49.78	1		1.460868
8	75	8	0	30	19	24	7	5	6	49.78	1		1.460868
8	76	8	0	43	0	24	7	5	6	49.78	1		1.460868
19	189	8	0	47	20	0	7	5	6	49.78	1		1.460868
19	190	8	0	47	13	21	7	5	6	49.78	1		1.460868
15	151	8	0	50	0	24	7	5	6	49.78	1		1.460868
9	87	8	1	54	6	8	7	5	6	49.78	1		1.460868
4	36	8	1	54	13	8	7	5	6	49.78	1		1.460868


