Name:				074_n060_m200_bt100
Problem:			3L-VRPTW
Number_of_used_Vehicles:	14
Total_Travel_Distance:		1126.77
Calculation_Time:		26.81
Total_Iterations:		14292
ConstraintSet:			P18

-------------------------------------------------------------------------------------------------------------------
Tour_Id:			1
No_of_Customers:		5
No_of_Items:			16
Customer_Sequence:		34 17 18 6 10 

CustId	Id	TypeId	Rotated	x	y	z	Length	Width	Height	mass	Fragility	LoadBearingStrength
17	49	40	0	0	0	0	33	12	10	1026.19	0		74.560347
6	16	9	0	0	12	0	22	12	9	1024.34	0		80.865762
17	48	7	0	0	12	9	19	12	11	310.40	0		14.463810
34	108	43	0	0	12	20	19	13	10	578.45	0		23.896320
18	51	50	0	33	0	0	14	14	13	817.13	0		19.978967
18	53	80	0	0	0	10	23	9	11	741.17	0		73.260515
10	28	47	0	0	0	21	30	9	7	401.27	0		34.779645
10	26	21	0	33	0	13	16	14	8	1141.65	0		22.155939
18	54	91	0	22	14	0	26	5	12	294.59	0		45.490113
10	27	36	0	19	14	12	29	5	10	460.50	0		64.804795
6	18	53	0	30	0	21	21	11	6	402.84	0		41.294918
34	110	77	0	47	0	0	13	13	8	997.57	0		74.465011
34	109	65	0	19	14	22	28	6	7	352.58	0		59.038093
18	52	72	0	22	19	0	17	6	8	360.94	0		30.704979
6	17	29	0	22	19	8	18	6	6	131.97	0		65.275487
18	50	10	0	48	14	0	12	9	14	254.60	1		3.279806


-------------------------------------------------------------------------------------------------------------------
Tour_Id:			2
No_of_Customers:		5
No_of_Items:			17
Customer_Sequence:		20 44 47 39 32 

CustId	Id	TypeId	Rotated	x	y	z	Length	Width	Height	mass	Fragility	LoadBearingStrength
32	104	92	0	0	0	0	28	13	13	877.75	0		13.250341
20	61	38	0	0	13	0	24	9	11	678.51	0		8.309041
32	101	53	0	0	13	11	21	11	6	402.84	0		41.294918
44	146	9	0	0	0	13	22	12	9	1024.34	0		80.865762
47	157	7	0	0	13	17	19	12	11	310.40	0		14.463810
32	100	22	0	24	13	0	32	6	9	243.41	0		7.502336
32	102	77	0	0	0	22	13	13	8	997.57	0		74.465011
20	60	5	0	28	0	0	13	12	6	114.95	0		26.029573
44	147	57	0	41	0	0	19	11	12	486.97	0		42.240055
32	103	91	0	24	19	0	26	5	12	294.59	0		45.490113
39	128	3	0	24	13	9	31	6	13	302.58	0		20.856848
47	156	5	0	28	0	6	13	12	6	114.95	0		26.029573
39	129	35	0	28	0	12	30	9	6	1257.31	0		107.738503
47	158	72	0	24	19	12	17	6	8	360.94	0		30.704979
20	62	39	0	24	19	20	16	5	6	58.66	0		3.198538
44	148	61	0	28	0	18	20	10	10	416.97	1		4.609785
39	130	79	0	24	13	22	31	5	7	1350.59	1		28.634776


-------------------------------------------------------------------------------------------------------------------
Tour_Id:			3
No_of_Customers:		5
No_of_Items:			16
Customer_Sequence:		7 30 29 57 55 

CustId	Id	TypeId	Rotated	x	y	z	Length	Width	Height	mass	Fragility	LoadBearingStrength
55	183	24	0	0	0	0	17	7	7	184.31	0		26.767821
30	92	40	0	0	7	0	33	12	10	1026.19	0		74.560347
7	20	89	0	0	7	10	27	9	14	426.15	0		9.711142
57	190	56	0	33	0	0	27	9	10	394.61	0		9.373436
30	95	85	0	33	9	0	16	13	10	1993.44	0		80.370217
7	19	36	0	0	19	0	29	5	10	460.50	0		64.804795
29	88	65	0	0	16	10	28	6	7	352.58	0		59.038093
55	184	75	0	0	0	7	22	7	7	350.73	0		83.826994
30	94	78	0	0	0	14	21	7	7	297.39	0		12.057445
30	91	16	0	0	16	17	13	6	13	321.99	0		24.957289
57	191	86	0	27	0	10	33	14	11	1079.99	0		22.147811
57	188	29	0	0	0	21	18	6	6	131.97	0		65.275487
29	90	83	0	27	0	21	30	9	9	286.52	1		1.730014
29	89	73	0	27	9	21	27	6	8	334.88	1		7.528289
57	189	41	1	49	9	0	14	10	7	327.97	1		6.900676
30	93	71	0	0	7	24	21	7	6	272.85	1		6.371753


-------------------------------------------------------------------------------------------------------------------
Tour_Id:			4
No_of_Customers:		6
No_of_Items:			20
Customer_Sequence:		16 3 27 59 51 11 

CustId	Id	TypeId	Rotated	x	y	z	Length	Width	Height	mass	Fragility	LoadBearingStrength
3	9	95	0	0	0	0	14	7	11	251.16	0		11.994911
51	168	30	0	0	7	0	17	7	14	397.20	0		9.895407
51	171	70	0	0	14	0	25	10	10	823.73	0		17.972788
11	29	26	0	17	0	0	26	14	8	922.43	0		16.333862
3	8	54	0	25	14	0	35	11	6	919.84	0		22.649996
3	6	27	0	17	0	8	22	13	7	260.55	0		3.794610
51	170	56	0	0	14	10	27	9	10	394.61	0		9.373436
27	82	52	0	0	14	20	27	8	6	439.44	0		60.787245
11	30	99	0	17	0	15	23	7	8	248.61	0		14.215867
16	45	72	0	0	0	11	17	6	8	360.94	0		30.704979
16	47	99	0	17	7	15	23	7	8	248.61	0		14.215867
16	44	31	0	0	7	14	12	7	12	116.25	0		5.294305
3	7	39	0	0	0	19	16	5	6	58.66	0		3.198538
59	197	81	0	17	0	23	15	6	7	197.05	0		50.079710
16	46	81	0	17	6	23	15	6	7	197.05	0		50.079710
27	84	89	0	27	14	6	27	9	14	426.15	0		9.711142
59	196	11	0	43	0	0	14	11	14	613.96	1		6.019016
51	167	11	0	43	0	14	14	11	14	613.96	1		6.019016
27	83	79	0	27	14	20	31	5	7	1350.59	1		28.634776
51	169	41	1	32	0	23	14	10	7	327.97	1		6.900676


-------------------------------------------------------------------------------------------------------------------
Tour_Id:			5
No_of_Customers:		5
No_of_Items:			18
Customer_Sequence:		33 4 38 45 58 

CustId	Id	TypeId	Rotated	x	y	z	Length	Width	Height	mass	Fragility	LoadBearingStrength
58	192	4	0	0	0	0	30	9	11	771.20	0		15.421505
58	195	80	0	0	9	0	23	9	11	741.17	0		73.260515
58	194	58	0	0	18	0	14	7	10	142.96	0		9.991097
38	127	54	0	0	0	11	35	11	6	919.84	0		22.649996
33	105	43	0	0	0	17	19	13	10	578.45	0		23.896320
4	13	80	0	23	9	0	23	9	11	741.17	0		73.260515
45	149	49	0	0	13	11	27	6	12	675.24	0		44.940636
4	11	46	0	14	18	0	28	7	10	347.69	0		24.905772
4	12	62	0	27	11	11	19	8	14	485.08	0		20.591955
33	106	52	0	0	13	23	27	8	6	439.44	0		60.787245
45	151	76	0	0	19	10	18	5	12	1431.64	0		25.834656
58	193	57	0	19	0	17	19	11	12	486.97	0		42.240055
4	10	29	0	18	19	10	18	6	6	131.97	0		65.275487
38	125	16	0	35	0	0	13	6	13	321.99	0		24.957289
45	150	58	0	42	18	0	14	7	10	142.96	0		9.991097
38	124	12	1	48	0	0	17	12	13	419.07	1		2.744635
33	107	61	1	48	0	13	20	10	10	416.97	1		4.609785
38	126	41	1	46	0	23	14	10	7	327.97	1		6.900676


-------------------------------------------------------------------------------------------------------------------
Tour_Id:			6
No_of_Customers:		5
No_of_Items:			14
Customer_Sequence:		22 24 2 50 54 

CustId	Id	TypeId	Rotated	x	y	z	Length	Width	Height	mass	Fragility	LoadBearingStrength
22	66	68	0	0	0	0	26	10	11	1416.08	0		70.938440
2	3	4	0	0	10	0	30	9	11	771.20	0		15.421505
22	67	92	0	0	0	11	28	13	13	877.75	0		13.250341
54	179	6	0	30	0	0	24	12	9	2105.64	0		30.457302
24	73	43	0	30	12	0	19	13	10	578.45	0		23.896320
54	180	9	0	30	0	9	22	12	9	1024.34	0		80.865762
50	164	21	0	28	0	18	16	14	8	1141.65	0		22.155939
54	181	22	0	0	14	11	32	6	9	243.41	0		7.502336
54	182	36	0	0	19	0	29	5	10	460.50	0		64.804795
2	4	20	0	0	20	10	33	5	7	230.78	1		3.862857
24	74	53	0	0	0	24	21	11	6	402.84	0		41.294918
50	166	78	0	0	14	20	21	7	7	297.39	0		12.057445
2	5	53	0	33	14	10	21	11	6	402.84	0		41.294918
50	165	41	0	33	14	16	14	10	7	327.97	1		6.900676


-------------------------------------------------------------------------------------------------------------------
Tour_Id:			7
No_of_Customers:		4
No_of_Items:			13
Customer_Sequence:		52 56 1 25 

CustId	Id	TypeId	Rotated	x	y	z	Length	Width	Height	mass	Fragility	LoadBearingStrength
25	76	14	0	0	0	0	32	10	11	693.28	0		17.037279
1	1	44	0	0	10	0	35	14	7	1188.38	0		14.119352
52	174	38	0	0	10	7	24	9	11	678.51	0		8.309041
56	186	87	1	24	10	7	15	13	12	484.54	0		18.462704
52	172	2	0	0	0	11	32	7	7	313.50	1		22.840361
52	175	81	0	0	19	7	15	6	7	197.05	0		50.079710
25	78	96	0	0	10	18	20	9	6	238.08	0		13.843517
52	173	31	0	32	0	0	12	7	12	116.25	0		5.294305
25	77	72	0	0	19	14	17	6	8	360.94	0		30.704979
25	75	11	0	44	0	0	14	11	14	613.96	1		6.019016
1	2	74	0	37	11	0	23	7	8	257.06	0		7.842739
56	185	11	0	44	0	14	14	11	14	613.96	1		6.019016
56	187	97	0	24	10	19	16	8	11	242.32	0		14.765561


-------------------------------------------------------------------------------------------------------------------
Tour_Id:			8
No_of_Customers:		5
No_of_Items:			16
Customer_Sequence:		42 60 26 14 5 

CustId	Id	TypeId	Rotated	x	y	z	Length	Width	Height	mass	Fragility	LoadBearingStrength
14	39	94	0	0	0	0	20	12	6	383.82	0		20.065948
60	198	26	0	20	0	0	26	14	8	922.43	0		16.333862
26	81	80	0	0	14	0	23	9	11	741.17	0		73.260515
26	80	56	0	0	14	11	27	9	10	394.61	0		9.373436
60	200	57	0	0	0	6	19	11	12	486.97	0		42.240055
14	38	59	0	20	0	8	26	8	10	426.30	0		20.599401
14	36	22	0	0	0	18	32	6	9	243.41	0		7.502336
60	199	30	0	27	14	0	17	7	14	397.20	0		9.895407
42	140	96	0	0	14	21	20	9	6	238.08	0		13.843517
42	139	17	0	27	14	14	15	9	9	138.20	0		14.352732
42	138	15	1	46	0	0	20	14	11	577.18	0		27.953403
14	37	31	0	32	0	18	12	7	12	116.25	0		5.294305
5	14	39	0	0	6	18	16	5	6	58.66	0		3.198538
26	79	37	1	46	0	11	25	13	12	2500.77	1		19.550876
5	15	73	0	19	8	8	27	6	8	334.88	1		7.528289
14	35	20	0	27	14	23	33	5	7	230.78	1		3.862857


-------------------------------------------------------------------------------------------------------------------
Tour_Id:			9
No_of_Customers:		4
No_of_Items:			13
Customer_Sequence:		9 23 49 48 

CustId	Id	TypeId	Rotated	x	y	z	Length	Width	Height	mass	Fragility	LoadBearingStrength
23	70	51	0	0	0	0	31	14	11	554.90	0		9.576113
9	25	89	0	0	14	0	27	9	14	426.15	0		9.711142
9	23	51	0	0	0	11	31	14	11	554.90	0		9.576113
23	68	42	0	0	14	14	13	9	8	105.87	0		6.553102
49	162	25	0	0	0	22	33	8	7	366.45	0		9.696033
49	163	64	0	27	14	0	24	9	12	694.61	0		55.396647
48	161	69	0	27	14	12	26	8	10	577.71	0		17.015311
23	69	46	0	31	0	0	28	7	10	347.69	0		24.905772
48	160	46	0	31	7	0	28	7	10	347.69	0		24.905772
9	24	68	0	31	0	10	26	10	11	1416.08	0		70.938440
23	72	81	0	0	8	22	15	6	7	197.05	0		50.079710
23	71	73	0	27	14	22	27	6	8	334.88	1		7.528289
48	159	41	0	0	14	22	14	10	7	327.97	1		6.900676


-------------------------------------------------------------------------------------------------------------------
Tour_Id:			10
No_of_Customers:		3
No_of_Items:			12
Customer_Sequence:		37 21 19 

CustId	Id	TypeId	Rotated	x	y	z	Length	Width	Height	mass	Fragility	LoadBearingStrength
21	65	98	0	0	0	0	23	10	13	519.06	0		28.420894
19	55	38	0	0	10	0	24	9	11	678.51	0		8.309041
21	64	92	0	24	0	0	28	13	13	877.75	0		13.250341
37	120	8	0	0	10	11	24	10	14	784.85	0		22.064041
19	56	38	0	0	0	13	24	9	11	678.51	0		8.309041
19	57	56	0	24	13	0	27	9	10	394.61	0		9.373436
37	121	14	0	24	13	10	32	10	11	693.28	0		17.037279
21	63	62	0	24	0	13	19	8	14	485.08	0		20.591955
37	123	71	0	0	0	24	21	7	6	272.85	1		6.371753
19	59	91	0	24	8	13	26	5	12	294.59	0		45.490113
37	122	25	0	24	13	21	33	8	7	366.45	0		9.696033
19	58	74	1	52	0	0	23	7	8	257.06	0		7.842739


-------------------------------------------------------------------------------------------------------------------
Tour_Id:			11
No_of_Customers:		5
No_of_Items:			15
Customer_Sequence:		8 12 36 43 13 

CustId	Id	TypeId	Rotated	x	y	z	Length	Width	Height	mass	Fragility	LoadBearingStrength
43	143	51	0	0	0	0	31	14	11	554.90	0		9.576113
12	32	53	0	0	14	0	21	11	6	402.84	0		41.294918
36	118	83	0	0	0	11	30	9	9	286.52	1		1.730014
13	34	23	0	21	14	0	35	11	6	479.50	0		20.711935
36	116	27	0	31	0	0	22	13	7	260.55	0		3.794610
43	144	75	0	0	14	6	22	7	7	350.73	0		83.826994
13	33	8	0	22	14	6	24	10	14	784.85	0		22.064041
12	31	9	0	31	0	7	22	12	9	1024.34	0		80.865762
36	119	91	0	0	9	11	26	5	12	294.59	0		45.490113
8	22	84	0	0	14	13	18	9	10	285.26	0		35.072799
43	145	99	0	22	14	20	23	7	8	248.61	0		14.215867
43	141	27	0	0	9	23	22	13	7	260.55	0		3.794610
8	21	68	0	30	0	16	26	10	11	1416.08	0		70.938440
36	117	32	0	46	13	6	12	12	13	399.34	1		3.360350
43	142	33	0	0	0	20	28	8	8	518.24	1		7.624446


-------------------------------------------------------------------------------------------------------------------
Tour_Id:			12
No_of_Customers:		3
No_of_Items:			12
Customer_Sequence:		35 31 28 

CustId	Id	TypeId	Rotated	x	y	z	Length	Width	Height	mass	Fragility	LoadBearingStrength
28	87	48	0	0	0	0	32	9	12	644	0		38.528692
35	112	44	0	0	9	0	35	14	7	1188.38	0		14.119352
28	86	15	0	0	9	7	20	14	11	577.18	0		27.953403
35	111	7	0	0	9	18	19	12	11	310.40	0		14.463810
35	113	70	0	35	0	0	25	10	10	823.73	0		17.972788
28	85	3	0	0	0	12	31	6	13	302.58	0		20.856848
35	115	91	0	32	0	10	26	5	12	294.59	0		45.490113
35	114	81	0	20	9	7	15	6	7	197.05	0		50.079710
31	99	90	0	35	10	0	23	13	14	1289.26	1		13.333115
31	96	18	0	20	9	14	27	8	14	465.45	1		16.666626
31	97	32	0	47	9	14	12	12	13	399.34	1		3.360350
31	98	73	0	31	0	22	27	6	8	334.88	1		7.528289


-------------------------------------------------------------------------------------------------------------------
Tour_Id:			13
No_of_Customers:		2
No_of_Items:			8
Customer_Sequence:		46 15 

CustId	Id	TypeId	Rotated	x	y	z	Length	Width	Height	mass	Fragility	LoadBearingStrength
46	155	88	0	0	0	0	33	13	11	1950.69	0		47.295068
15	41	62	0	0	13	0	19	8	14	485.08	0		20.591955
15	43	82	0	0	0	11	21	11	6	1032.13	0		31.603510
15	42	76	0	0	13	14	18	5	12	1431.64	0		25.834656
46	154	81	0	0	0	17	15	6	7	197.05	0		50.079710
46	152	1	0	19	13	0	28	10	11	601.52	1		2.459108
15	40	18	0	19	11	11	27	8	14	465.45	1		16.666626
46	153	34	0	33	0	0	25	12	6	2428.14	1		29.599493


-------------------------------------------------------------------------------------------------------------------
Tour_Id:			14
No_of_Customers:		3
No_of_Items:			10
Customer_Sequence:		53 41 40 

CustId	Id	TypeId	Rotated	x	y	z	Length	Width	Height	mass	Fragility	LoadBearingStrength
40	133	92	0	0	0	0	28	13	13	877.75	0		13.250341
40	131	28	0	0	13	0	26	11	14	949.13	0		14.247589
53	177	52	0	0	0	13	27	8	6	439.44	0		60.787245
41	136	89	0	0	13	14	27	9	14	426.15	0		9.711142
41	137	93	0	26	13	0	20	12	14	848.58	0		30.961933
40	134	98	0	27	13	14	23	10	13	519.06	0		28.420894
40	132	89	0	28	0	0	27	9	14	426.15	0		9.711142
53	176	13	0	0	0	19	18	8	9	214.65	0		45.390036
41	135	76	0	0	8	13	18	5	12	1431.64	0		25.834656
53	178	83	0	27	0	14	30	9	9	286.52	1		1.730014


