Name:				203_n100_m200_bt10
Problem:			3L-VRPTW
Number_of_used_Vehicles:	10
Total_Travel_Distance:		1087.04
Calculation_Time:		109.78
Total_Iterations:		11484
ConstraintSet:			P18

-------------------------------------------------------------------------------------------------------------------
Tour_Id:			1
No_of_Customers:		11
No_of_Items:			24
Customer_Sequence:		69 40 92 12 100 59 46 84 11 62 98 

CustId	Id	TypeId	Rotated	x	y	z	Length	Width	Height	mass	Fragility	LoadBearingStrength
11	24	3	0	0	0	0	9	7	8	262.16	0		20.790448
92	183	3	0	0	7	0	9	7	8	262.16	0		20.790448
59	112	3	0	0	14	0	9	7	8	262.16	0		20.790448
69	135	4	0	0	21	0	15	4	7	145.43	0		44.674637
92	184	4	0	0	21	7	15	4	7	145.43	0		44.674637
84	166	4	1	0	0	8	15	4	7	145.43	0		44.674637
100	198	4	0	0	21	14	15	4	7	145.43	0		44.674637
59	113	4	1	0	0	15	15	4	7	145.43	0		44.674637
92	185	9	0	0	15	8	12	6	5	321.41	0		26.813054
100	200	9	0	0	15	13	12	6	5	321.41	0		26.813054
69	136	10	0	0	15	18	12	3	8	178.15	0		19.412832
84	168	10	0	0	18	18	12	3	8	178.15	0		19.412832
12	26	1	0	0	21	21	11	3	6	200.38	0		38.007598
11	23	1	1	0	0	22	11	3	6	200.38	0		38.007598
40	76	1	1	4	0	8	11	3	6	200.38	0		38.007598
98	196	1	1	4	0	14	11	3	6	200.38	0		38.007598
46	89	8	0	0	15	26	14	4	3	137.89	0		66.062702
46	88	8	0	9	0	0	14	4	3	137.89	0		66.062702
11	25	8	0	9	4	0	14	4	3	137.89	0		66.062702
62	118	8	0	9	8	0	14	4	3	137.89	0		66.062702
100	199	5	1	4	0	20	14	2	8	129.02	1		4.941426
84	167	5	1	7	0	8	14	2	8	129.02	1		4.941426
40	77	5	1	7	0	16	14	2	8	129.02	1		4.941426
62	117	5	0	9	0	3	14	2	8	129.02	1		4.941426


-------------------------------------------------------------------------------------------------------------------
Tour_Id:			2
No_of_Customers:		11
No_of_Items:			18
Customer_Sequence:		95 6 13 48 44 28 35 89 60 19 85 

CustId	Id	TypeId	Rotated	x	y	z	Length	Width	Height	mass	Fragility	LoadBearingStrength
95	190	3	0	0	0	0	9	7	8	262.16	0		20.790448
19	38	3	0	0	7	0	9	7	8	262.16	0		20.790448
35	67	3	0	0	14	0	9	7	8	262.16	0		20.790448
44	85	3	0	0	0	8	9	7	8	262.16	0		20.790448
28	54	3	0	0	7	8	9	7	8	262.16	0		20.790448
13	27	4	0	0	21	0	15	4	7	145.43	0		44.674637
48	92	9	0	0	14	8	12	6	5	321.41	0		26.813054
85	169	10	0	0	21	7	12	3	8	178.15	0		19.412832
89	178	10	0	0	14	13	12	3	8	178.15	0		19.412832
19	36	1	0	0	17	13	11	3	6	200.38	0		38.007598
19	37	1	0	0	21	15	11	3	6	200.38	0		38.007598
89	177	8	1	0	0	16	14	4	3	137.89	0		66.062702
6	12	8	1	0	0	19	14	4	3	137.89	0		66.062702
95	191	8	1	0	0	22	14	4	3	137.89	0		66.062702
6	11	6	0	0	17	19	13	3	3	71.88	0		17.868102
28	53	2	0	9	0	0	15	6	4	207.06	1		10.118637
6	10	2	0	9	6	0	15	6	4	207.06	1		10.118637
60	114	5	0	0	14	21	14	2	8	129.02	1		4.941426


-------------------------------------------------------------------------------------------------------------------
Tour_Id:			3
No_of_Customers:		10
No_of_Items:			22
Customer_Sequence:		36 42 3 66 33 14 82 70 18 1 

CustId	Id	TypeId	Rotated	x	y	z	Length	Width	Height	mass	Fragility	LoadBearingStrength
36	68	3	0	0	0	0	9	7	8	262.16	0		20.790448
18	33	4	0	0	7	0	15	4	7	145.43	0		44.674637
70	137	4	0	0	11	0	15	4	7	145.43	0		44.674637
82	161	4	0	0	15	0	15	4	7	145.43	0		44.674637
36	70	7	0	0	19	0	9	6	7	308.94	0		43.335689
36	69	7	0	0	7	7	9	6	7	308.94	0		43.335689
66	129	7	0	0	13	7	9	6	7	308.94	0		43.335689
33	64	7	0	0	19	7	9	6	7	308.94	0		43.335689
33	65	9	0	0	0	8	12	6	5	321.41	0		26.813054
70	138	9	0	0	0	13	12	6	5	321.41	0		26.813054
66	130	9	0	0	7	14	12	6	5	321.41	0		26.813054
3	5	9	0	0	13	14	12	6	5	321.41	0		26.813054
82	162	10	0	0	19	14	12	3	8	178.15	0		19.412832
14	28	1	0	0	22	14	11	3	6	200.38	0		38.007598
66	128	1	0	0	0	18	11	3	6	200.38	0		38.007598
18	35	8	0	0	7	19	14	4	3	137.89	0		66.062702
18	34	8	0	0	11	19	14	4	3	137.89	0		66.062702
42	81	6	0	0	3	18	13	3	3	71.88	0		17.868102
42	82	6	0	0	15	19	13	3	3	71.88	0		17.868102
14	29	2	0	0	7	22	15	6	4	207.06	1		10.118637
33	63	2	0	0	7	26	15	6	4	207.06	1		10.118637
1	1	5	0	0	22	20	14	2	8	129.02	1		4.941426


-------------------------------------------------------------------------------------------------------------------
Tour_Id:			4
No_of_Customers:		11
No_of_Items:			23
Customer_Sequence:		29 71 63 56 9 10 76 97 72 41 51 

CustId	Id	TypeId	Rotated	x	y	z	Length	Width	Height	mass	Fragility	LoadBearingStrength
72	142	3	0	0	0	0	9	7	8	262.16	0		20.790448
63	119	3	0	0	7	0	9	7	8	262.16	0		20.790448
29	56	7	0	0	14	0	9	6	7	308.94	0		43.335689
29	55	7	0	0	14	7	9	6	7	308.94	0		43.335689
41	79	7	0	0	0	8	9	6	7	308.94	0		43.335689
97	194	7	0	0	6	8	9	6	7	308.94	0		43.335689
71	141	7	0	0	14	14	9	6	7	308.94	0		43.335689
71	140	7	0	0	0	15	9	6	7	308.94	0		43.335689
9	18	7	0	0	6	15	9	6	7	308.94	0		43.335689
9	19	7	0	0	14	21	9	6	7	308.94	0		43.335689
41	80	9	0	0	0	22	12	6	5	321.41	0		26.813054
97	195	9	0	0	6	22	12	6	5	321.41	0		26.813054
71	139	1	0	0	20	0	11	3	6	200.38	0		38.007598
51	97	8	0	0	0	27	14	4	3	137.89	0		66.062702
76	148	8	0	0	4	27	14	4	3	137.89	0		66.062702
51	96	8	0	0	8	27	14	4	3	137.89	0		66.062702
56	105	6	0	0	20	6	13	3	3	71.88	0		17.868102
63	121	6	0	0	20	9	13	3	3	71.88	0		17.868102
41	78	2	0	9	0	0	15	6	4	207.06	1		10.118637
10	22	5	0	0	23	0	14	2	8	129.02	1		4.941426
63	120	5	0	0	23	8	14	2	8	129.02	1		4.941426
10	21	5	0	0	20	12	14	2	8	129.02	1		4.941426
10	20	5	0	0	23	16	14	2	8	129.02	1		4.941426


-------------------------------------------------------------------------------------------------------------------
Tour_Id:			5
No_of_Customers:		9
No_of_Items:			18
Customer_Sequence:		83 21 34 58 17 52 30 81 2 

CustId	Id	TypeId	Rotated	x	y	z	Length	Width	Height	mass	Fragility	LoadBearingStrength
83	164	3	0	0	0	0	9	7	8	262.16	0		20.790448
21	42	3	0	0	7	0	9	7	8	262.16	0		20.790448
30	57	4	0	0	14	0	15	4	7	145.43	0		44.674637
34	66	7	0	0	18	0	9	6	7	308.94	0		43.335689
58	111	7	0	0	14	7	9	6	7	308.94	0		43.335689
83	165	9	0	0	0	8	12	6	5	321.41	0		26.813054
17	32	10	0	0	20	7	12	3	8	178.15	0		19.412832
83	163	1	0	0	6	8	11	3	6	200.38	0		38.007598
30	58	8	0	0	0	13	14	4	3	137.89	0		66.062702
52	98	8	0	0	0	16	14	4	3	137.89	0		66.062702
2	3	6	0	0	6	14	13	3	3	71.88	0		17.868102
21	43	6	0	0	20	15	13	3	3	71.88	0		17.868102
58	110	6	0	0	6	17	13	3	3	71.88	0		17.868102
2	4	6	0	0	20	18	13	3	3	71.88	0		17.868102
58	109	2	0	9	0	0	15	6	4	207.06	1		10.118637
81	159	2	0	9	6	0	15	6	4	207.06	1		10.118637
81	160	5	0	0	4	13	14	2	8	129.02	1		4.941426
2	2	5	0	0	0	19	14	2	8	129.02	1		4.941426


-------------------------------------------------------------------------------------------------------------------
Tour_Id:			6
No_of_Customers:		10
No_of_Items:			16
Customer_Sequence:		25 94 16 65 8 15 55 50 4 24 

CustId	Id	TypeId	Rotated	x	y	z	Length	Width	Height	mass	Fragility	LoadBearingStrength
4	7	3	0	0	0	0	9	7	8	262.16	0		20.790448
94	188	3	0	0	7	0	9	7	8	262.16	0		20.790448
55	104	4	0	0	14	0	15	4	7	145.43	0		44.674637
65	125	4	0	0	18	0	15	4	7	145.43	0		44.674637
8	17	9	0	0	14	7	12	6	5	321.41	0		26.813054
94	189	9	0	0	0	8	12	6	5	321.41	0		26.813054
25	47	9	0	0	6	8	12	6	5	321.41	0		26.813054
4	6	1	0	0	22	0	11	3	6	200.38	0		38.007598
16	31	8	0	0	14	12	14	4	3	137.89	0		66.062702
8	16	6	0	0	22	6	13	3	3	71.88	0		17.868102
65	126	6	0	0	22	9	13	3	3	71.88	0		17.868102
65	127	6	0	0	22	12	13	3	3	71.88	0		17.868102
24	46	2	0	0	0	13	15	6	4	207.06	1		10.118637
15	30	2	0	0	6	13	15	6	4	207.06	1		10.118637
4	8	5	0	0	20	7	14	2	8	129.02	1		4.941426
50	95	5	0	0	18	12	14	2	8	129.02	1		4.941426


-------------------------------------------------------------------------------------------------------------------
Tour_Id:			7
No_of_Customers:		9
No_of_Items:			19
Customer_Sequence:		54 96 47 86 5 88 79 23 57 

CustId	Id	TypeId	Rotated	x	y	z	Length	Width	Height	mass	Fragility	LoadBearingStrength
57	107	3	0	0	0	0	9	7	8	262.16	0		20.790448
54	102	3	0	0	7	0	9	7	8	262.16	0		20.790448
47	90	3	0	0	14	0	9	7	8	262.16	0		20.790448
23	45	4	0	0	21	0	15	4	7	145.43	0		44.674637
79	154	7	0	0	0	8	9	6	7	308.94	0		43.335689
96	193	7	0	0	6	8	9	6	7	308.94	0		43.335689
86	172	9	0	0	12	8	12	6	5	321.41	0		26.813054
88	176	10	0	0	21	7	12	3	8	178.15	0		19.412832
54	101	1	0	0	18	8	11	3	6	200.38	0		38.007598
79	155	8	0	0	12	13	14	4	3	137.89	0		66.062702
57	108	6	0	0	18	14	13	3	3	71.88	0		17.868102
79	153	6	0	0	21	15	13	3	3	71.88	0		17.868102
5	9	6	0	0	12	16	13	3	3	71.88	0		17.868102
86	170	2	0	9	0	0	15	6	4	207.06	1		10.118637
57	106	2	0	9	6	0	15	6	4	207.06	1		10.118637
96	192	5	0	0	16	13	14	2	8	129.02	1		4.941426
47	91	5	0	0	18	17	14	2	8	129.02	1		4.941426
86	171	5	0	0	21	18	14	2	8	129.02	1		4.941426
54	103	5	0	0	12	19	14	2	8	129.02	1		4.941426


-------------------------------------------------------------------------------------------------------------------
Tour_Id:			8
No_of_Customers:		11
No_of_Items:			24
Customer_Sequence:		64 90 53 74 43 37 91 32 20 39 49 

CustId	Id	TypeId	Rotated	x	y	z	Length	Width	Height	mass	Fragility	LoadBearingStrength
20	39	3	0	0	0	0	9	7	8	262.16	0		20.790448
90	179	3	0	0	7	0	9	7	8	262.16	0		20.790448
91	181	3	0	0	14	0	9	7	8	262.16	0		20.790448
64	122	4	0	0	21	0	15	4	7	145.43	0		44.674637
53	99	4	0	0	21	7	15	4	7	145.43	0		44.674637
43	83	7	0	0	0	8	9	6	7	308.94	0		43.335689
74	145	7	0	0	6	8	9	6	7	308.94	0		43.335689
64	124	9	0	0	12	8	12	6	5	321.41	0		26.813054
39	74	9	0	0	12	13	12	6	5	321.41	0		26.813054
39	75	9	0	0	0	15	12	6	5	321.41	0		26.813054
64	123	9	0	0	6	15	12	6	5	321.41	0		26.813054
20	41	9	0	0	12	18	12	6	5	321.41	0		26.813054
32	62	9	0	0	0	20	12	6	5	321.41	0		26.813054
37	71	10	0	0	18	8	12	3	8	178.15	0		19.412832
53	100	10	0	0	21	14	12	3	8	178.15	0		19.412832
43	84	8	0	0	6	20	14	4	3	137.89	0		66.062702
32	61	8	0	0	6	23	14	4	3	137.89	0		66.062702
91	182	6	0	0	18	16	13	3	3	71.88	0		17.868102
32	60	6	0	0	18	19	13	3	3	71.88	0		17.868102
74	144	2	0	0	18	22	15	6	4	207.06	1		10.118637
49	93	2	0	0	12	23	15	6	4	207.06	1		10.118637
90	180	5	0	0	10	20	14	2	8	129.02	1		4.941426
20	40	5	0	9	0	0	14	2	8	129.02	1		4.941426
49	94	5	0	9	2	0	14	2	8	129.02	1		4.941426


-------------------------------------------------------------------------------------------------------------------
Tour_Id:			9
No_of_Customers:		11
No_of_Items:			20
Customer_Sequence:		73 87 77 78 61 99 22 80 31 75 93 

CustId	Id	TypeId	Rotated	x	y	z	Length	Width	Height	mass	Fragility	LoadBearingStrength
93	186	3	0	0	0	0	9	7	8	262.16	0		20.790448
75	146	3	0	0	7	0	9	7	8	262.16	0		20.790448
77	149	3	0	0	14	0	9	7	8	262.16	0		20.790448
93	187	4	0	0	21	0	15	4	7	145.43	0		44.674637
73	143	4	0	0	21	7	15	4	7	145.43	0		44.674637
77	150	4	1	0	0	8	15	4	7	145.43	0		44.674637
78	151	4	0	0	21	14	15	4	7	145.43	0		44.674637
78	152	7	0	0	15	8	9	6	7	308.94	0		43.335689
61	116	9	0	0	15	15	12	6	5	321.41	0		26.813054
87	175	9	0	0	15	20	12	6	5	321.41	0		26.813054
80	158	10	1	0	0	15	12	3	8	178.15	0		19.412832
22	44	8	0	0	21	21	14	4	3	137.89	0		66.062702
87	174	8	0	0	21	24	14	4	3	137.89	0		66.062702
99	197	6	1	0	0	23	13	3	3	71.88	0		17.868102
61	115	6	0	0	15	25	13	3	3	71.88	0		17.868102
31	59	6	0	0	18	25	13	3	3	71.88	0		17.868102
80	156	2	1	4	0	8	15	6	4	207.06	1		10.118637
87	173	2	1	4	0	12	15	6	4	207.06	1		10.118637
80	157	5	1	4	0	16	14	2	8	129.02	1		4.941426
75	147	5	1	6	0	16	14	2	8	129.02	1		4.941426


-------------------------------------------------------------------------------------------------------------------
Tour_Id:			10
No_of_Customers:		7
No_of_Items:			16
Customer_Sequence:		26 7 38 68 27 67 45 

CustId	Id	TypeId	Rotated	x	y	z	Length	Width	Height	mass	Fragility	LoadBearingStrength
67	131	3	0	0	0	0	9	7	8	262.16	0		20.790448
38	72	3	0	0	7	0	9	7	8	262.16	0		20.790448
7	13	3	0	0	14	0	9	7	8	262.16	0		20.790448
27	50	4	0	0	21	0	15	4	7	145.43	0		44.674637
45	87	7	0	0	0	8	9	6	7	308.94	0		43.335689
27	52	9	0	0	6	8	12	6	5	321.41	0		26.813054
26	49	9	0	0	12	8	12	6	5	321.41	0		26.813054
68	134	10	0	0	21	7	12	3	8	178.15	0		19.412832
7	15	10	0	0	18	8	12	3	8	178.15	0		19.412832
38	73	8	0	0	6	13	14	4	3	137.89	0		66.062702
67	132	6	0	0	10	13	13	3	3	71.88	0		17.868102
27	51	6	0	0	13	13	13	3	3	71.88	0		17.868102
68	133	6	0	0	21	15	13	3	3	71.88	0		17.868102
7	14	6	0	0	6	16	13	3	3	71.88	0		17.868102
26	48	6	0	0	9	16	13	3	3	71.88	0		17.868102
45	86	5	0	0	16	13	14	2	8	129.02	1		4.941426


