Name:				272_n100_m200_bt3
Problem:			3L-VRPTW
Number_of_used_Vehicles:	12
Total_Travel_Distance:		1209.83
Calculation_Time:		3600.0
Total_Iterations:		3124
ConstraintSet:			P18

-------------------------------------------------------------------------------------------------------------------
Tour_Id:			1
No_of_Customers:		10
No_of_Items:			20
Customer_Sequence:		83 50 49 42 9 5 37 18 75 3 

CustId	Id	TypeId	Rotated	x	y	z	Length	Width	Height	mass	Fragility	LoadBearingStrength
50	95	1	0	0	0	0	19	7	10	467.40	1		10.035044
3	6	2	0	0	7	0	26	6	14	332.20	0		10.504677
3	5	1	0	0	13	0	19	7	10	467.40	1		10.035044
42	75	1	0	0	0	10	19	7	10	467.40	1		10.035044
50	97	3	0	0	20	0	35	5	10	242.68	0		8.531633
5	8	1	0	0	13	10	19	7	10	467.40	1		10.035044
49	94	2	0	0	7	14	26	6	14	332.20	0		10.504677
5	9	2	0	19	0	0	26	6	14	332.20	0		10.504677
37	64	3	0	0	20	10	35	5	10	242.68	0		8.531633
37	63	2	0	19	13	0	26	6	14	332.20	0		10.504677
9	17	2	0	19	0	14	26	6	14	332.20	0		10.504677
49	93	2	0	19	13	14	26	6	14	332.20	0		10.504677
18	35	1	0	0	0	20	19	7	10	467.40	1		10.035044
42	76	2	0	26	7	0	26	6	14	332.20	0		10.504677
49	92	1	0	0	13	20	19	7	10	467.40	1		10.035044
75	150	2	0	26	6	14	26	6	14	332.20	0		10.504677
75	149	1	1	52	0	0	19	7	10	467.40	1		10.035044
83	164	1	1	52	0	10	19	7	10	467.40	1		10.035044
50	96	1	1	52	0	20	19	7	10	467.40	1		10.035044
5	10	3	0	0	20	20	35	5	10	242.68	0		8.531633


-------------------------------------------------------------------------------------------------------------------
Tour_Id:			2
No_of_Customers:		10
No_of_Items:			20
Customer_Sequence:		73 87 61 4 71 20 93 17 81 95 

CustId	Id	TypeId	Rotated	x	y	z	Length	Width	Height	mass	Fragility	LoadBearingStrength
61	120	1	0	0	0	0	19	7	10	467.40	1		10.035044
95	190	2	0	0	7	0	26	6	14	332.20	0		10.504677
95	191	3	0	0	13	0	35	5	10	242.68	0		8.531633
87	172	2	0	0	18	0	26	6	14	332.20	0		10.504677
61	122	2	0	0	7	14	26	6	14	332.20	0		10.504677
61	121	2	0	0	18	14	26	6	14	332.20	0		10.504677
71	143	3	0	0	13	10	35	5	10	242.68	0		8.531633
17	33	3	0	0	13	20	35	5	10	242.68	0		8.531633
17	34	3	0	19	0	0	35	5	10	242.68	0		8.531633
87	173	3	0	19	0	10	35	5	10	242.68	0		8.531633
17	32	2	0	26	7	0	26	6	14	332.20	0		10.504677
4	7	3	0	19	0	20	35	5	10	242.68	0		8.531633
73	146	1	0	0	0	10	19	7	10	467.40	1		10.035044
95	189	1	0	0	0	20	19	7	10	467.40	1		10.035044
87	171	1	0	26	18	0	19	7	10	467.40	1		10.035044
93	186	1	0	26	18	10	19	7	10	467.40	1		10.035044
20	38	1	0	26	18	20	19	7	10	467.40	1		10.035044
20	37	1	1	52	5	0	19	7	10	467.40	1		10.035044
81	161	2	0	26	7	14	26	6	14	332.20	0		10.504677
93	185	1	1	52	5	10	19	7	10	467.40	1		10.035044


-------------------------------------------------------------------------------------------------------------------
Tour_Id:			3
No_of_Customers:		7
No_of_Items:			14
Customer_Sequence:		41 32 67 72 92 62 56 

CustId	Id	TypeId	Rotated	x	y	z	Length	Width	Height	mass	Fragility	LoadBearingStrength
56	109	2	0	0	0	0	26	6	14	332.20	0		10.504677
41	74	3	0	0	6	0	35	5	10	242.68	0		8.531633
92	182	1	0	0	11	0	19	7	10	467.40	1		10.035044
67	133	2	0	0	18	0	26	6	14	332.20	0		10.504677
32	56	2	0	0	0	14	26	6	14	332.20	0		10.504677
72	145	2	0	0	18	14	26	6	14	332.20	0		10.504677
92	184	3	0	0	6	10	35	5	10	242.68	0		8.531633
67	134	3	0	0	6	20	35	5	10	242.68	0		8.531633
32	57	3	0	19	11	0	35	5	10	242.68	0		8.531633
41	73	3	0	19	11	10	35	5	10	242.68	0		8.531633
92	183	2	0	26	0	0	26	6	14	332.20	0		10.504677
62	123	3	0	19	11	20	35	5	10	242.68	0		8.531633
72	144	1	0	0	11	10	19	7	10	467.40	1		10.035044
67	132	1	0	0	11	20	19	7	10	467.40	1		10.035044


-------------------------------------------------------------------------------------------------------------------
Tour_Id:			4
No_of_Customers:		9
No_of_Items:			18
Customer_Sequence:		82 97 1 52 79 84 54 15 63 

CustId	Id	TypeId	Rotated	x	y	z	Length	Width	Height	mass	Fragility	LoadBearingStrength
84	165	1	0	0	0	0	19	7	10	467.40	1		10.035044
15	29	2	0	0	7	0	26	6	14	332.20	0		10.504677
52	102	2	0	0	13	0	26	6	14	332.20	0		10.504677
63	124	2	0	0	19	0	26	6	14	332.20	0		10.504677
82	162	1	0	0	0	10	19	7	10	467.40	1		10.035044
54	107	1	0	0	7	14	19	7	10	467.40	1		10.035044
84	167	1	0	0	14	14	19	7	10	467.40	1		10.035044
52	103	3	0	19	0	0	35	5	10	242.68	0		8.531633
84	166	1	0	0	0	20	19	7	10	467.40	1		10.035044
1	1	3	0	19	0	10	35	5	10	242.68	0		8.531633
97	194	3	0	19	0	20	35	5	10	242.68	0		8.531633
79	157	2	0	26	7	0	26	6	14	332.20	0		10.504677
79	156	2	0	19	7	14	26	6	14	332.20	0		10.504677
63	125	2	0	26	13	0	26	6	14	332.20	0		10.504677
79	158	3	0	19	13	14	35	5	10	242.68	0		8.531633
82	163	2	0	26	19	0	26	6	14	332.20	0		10.504677
15	28	1	0	19	18	14	19	7	10	467.40	1		10.035044
52	101	1	1	52	5	0	19	7	10	467.40	1		10.035044


-------------------------------------------------------------------------------------------------------------------
Tour_Id:			5
No_of_Customers:		8
No_of_Items:			15
Customer_Sequence:		66 59 36 90 11 27 57 2 

CustId	Id	TypeId	Rotated	x	y	z	Length	Width	Height	mass	Fragility	LoadBearingStrength
2	2	2	0	0	0	0	26	6	14	332.20	0		10.504677
59	115	1	0	0	6	0	19	7	10	467.40	1		10.035044
2	4	3	0	0	13	0	35	5	10	242.68	0		8.531633
66	130	3	0	0	18	0	35	5	10	242.68	0		8.531633
2	3	3	0	0	13	10	35	5	10	242.68	0		8.531633
36	62	1	0	0	6	10	19	7	10	467.40	1		10.035044
57	111	3	0	0	18	10	35	5	10	242.68	0		8.531633
27	49	3	0	0	13	20	35	5	10	242.68	0		8.531633
11	20	3	0	0	18	20	35	5	10	242.68	0		8.531633
11	21	3	0	19	6	0	35	5	10	242.68	0		8.531633
90	179	3	0	19	6	10	35	5	10	242.68	0		8.531633
59	116	2	0	0	0	14	26	6	14	332.20	0		10.504677
66	131	3	0	19	6	20	35	5	10	242.68	0		8.531633
90	178	2	0	26	0	0	26	6	14	332.20	0		10.504677
57	110	2	0	26	0	14	26	6	14	332.20	0		10.504677


-------------------------------------------------------------------------------------------------------------------
Tour_Id:			6
No_of_Customers:		10
No_of_Items:			18
Customer_Sequence:		64 89 80 70 19 65 91 22 14 10 

CustId	Id	TypeId	Rotated	x	y	z	Length	Width	Height	mass	Fragility	LoadBearingStrength
65	127	3	0	0	0	0	35	5	10	242.68	0		8.531633
70	142	2	0	0	5	0	26	6	14	332.20	0		10.504677
14	27	1	0	0	11	0	19	7	10	467.40	1		10.035044
10	18	1	0	0	18	0	19	7	10	467.40	1		10.035044
89	177	2	0	0	5	14	26	6	14	332.20	0		10.504677
65	129	3	0	0	0	10	35	5	10	242.68	0		8.531633
65	128	3	0	0	0	20	35	5	10	242.68	0		8.531633
70	140	1	0	0	11	10	19	7	10	467.40	1		10.035044
91	181	3	0	19	11	0	35	5	10	242.68	0		8.531633
10	19	3	0	19	16	0	35	5	10	242.68	0		8.531633
19	36	1	0	0	18	10	19	7	10	467.40	1		10.035044
80	160	3	0	19	11	10	35	5	10	242.68	0		8.531633
70	141	1	0	0	11	20	19	7	10	467.40	1		10.035044
91	180	2	0	19	16	10	26	6	14	332.20	0		10.504677
80	159	1	0	0	18	20	19	7	10	467.40	1		10.035044
14	26	1	0	35	0	0	19	7	10	467.40	1		10.035044
22	41	3	0	19	11	20	35	5	10	242.68	0		8.531633
64	126	1	0	35	0	10	19	7	10	467.40	1		10.035044


-------------------------------------------------------------------------------------------------------------------
Tour_Id:			7
No_of_Customers:		9
No_of_Items:			15
Customer_Sequence:		78 47 24 46 13 55 33 85 28 

CustId	Id	TypeId	Rotated	x	y	z	Length	Width	Height	mass	Fragility	LoadBearingStrength
33	58	1	0	0	0	0	19	7	10	467.40	1		10.035044
46	86	3	0	0	7	0	35	5	10	242.68	0		8.531633
47	88	2	0	0	12	0	26	6	14	332.20	0		10.504677
85	168	2	0	0	18	0	26	6	14	332.20	0		10.504677
24	44	2	0	0	12	14	26	6	14	332.20	0		10.504677
46	85	1	0	0	0	10	19	7	10	467.40	1		10.035044
13	25	3	0	0	7	10	35	5	10	242.68	0		8.531633
13	23	3	0	0	7	20	35	5	10	242.68	0		8.531633
13	24	3	0	19	0	0	35	5	10	242.68	0		8.531633
24	43	1	0	0	18	14	19	7	10	467.40	1		10.035044
28	50	2	0	19	0	10	26	6	14	332.20	0		10.504677
55	108	2	0	26	12	0	26	6	14	332.20	0		10.504677
78	155	2	0	26	18	0	26	6	14	332.20	0		10.504677
85	169	3	0	19	18	14	35	5	10	242.68	0		8.531633
47	87	1	0	0	0	20	19	7	10	467.40	1		10.035044


-------------------------------------------------------------------------------------------------------------------
Tour_Id:			8
No_of_Customers:		9
No_of_Items:			18
Customer_Sequence:		58 98 53 86 39 48 43 6 12 

CustId	Id	TypeId	Rotated	x	y	z	Length	Width	Height	mass	Fragility	LoadBearingStrength
12	22	2	0	0	0	0	26	6	14	332.20	0		10.504677
39	68	3	0	0	6	0	35	5	10	242.68	0		8.531633
43	77	1	0	0	11	0	19	7	10	467.40	1		10.035044
43	78	3	0	0	18	0	35	5	10	242.68	0		8.531633
58	114	3	0	0	6	10	35	5	10	242.68	0		8.531633
53	106	3	0	0	18	10	35	5	10	242.68	0		8.531633
53	105	2	0	0	0	14	26	6	14	332.20	0		10.504677
48	89	1	0	0	11	10	19	7	10	467.40	1		10.035044
86	170	3	0	0	6	20	35	5	10	242.68	0		8.531633
39	67	3	0	0	18	20	35	5	10	242.68	0		8.531633
48	91	3	0	19	11	0	35	5	10	242.68	0		8.531633
48	90	3	0	19	11	10	35	5	10	242.68	0		8.531633
58	113	2	0	26	0	0	26	6	14	332.20	0		10.504677
53	104	1	0	0	11	20	19	7	10	467.40	1		10.035044
6	11	1	0	35	18	0	19	7	10	467.40	1		10.035044
58	112	1	0	35	18	10	19	7	10	467.40	1		10.035044
39	69	3	0	19	11	20	35	5	10	242.68	0		8.531633
98	195	2	0	26	0	14	26	6	14	332.20	0		10.504677


-------------------------------------------------------------------------------------------------------------------
Tour_Id:			9
No_of_Customers:		8
No_of_Items:			18
Customer_Sequence:		25 77 100 34 35 31 29 69 

CustId	Id	TypeId	Rotated	x	y	z	Length	Width	Height	mass	Fragility	LoadBearingStrength
100	200	1	0	0	0	0	19	7	10	467.40	1		10.035044
25	46	2	0	0	7	0	26	6	14	332.20	0		10.504677
69	137	1	0	0	13	0	19	7	10	467.40	1		10.035044
35	61	2	0	0	7	14	26	6	14	332.20	0		10.504677
34	59	3	0	0	20	0	35	5	10	242.68	0		8.531633
25	47	3	0	0	20	10	35	5	10	242.68	0		8.531633
77	154	3	0	0	20	20	35	5	10	242.68	0		8.531633
31	55	3	0	19	0	0	35	5	10	242.68	0		8.531633
31	54	3	0	19	13	0	35	5	10	242.68	0		8.531633
77	153	2	0	19	0	10	26	6	14	332.20	0		10.504677
69	138	3	0	19	13	10	35	5	10	242.68	0		8.531633
35	60	1	0	0	0	10	19	7	10	467.40	1		10.035044
69	139	3	0	19	13	20	35	5	10	242.68	0		8.531633
100	198	1	0	0	13	10	19	7	10	467.40	1		10.035044
100	199	1	0	0	0	20	19	7	10	467.40	1		10.035044
29	52	2	0	26	7	0	26	6	14	332.20	0		10.504677
29	51	1	0	0	13	20	19	7	10	467.40	1		10.035044
25	45	1	0	26	6	14	19	7	10	467.40	1		10.035044


-------------------------------------------------------------------------------------------------------------------
Tour_Id:			10
No_of_Customers:		8
No_of_Items:			17
Customer_Sequence:		40 26 21 96 99 8 76 74 

CustId	Id	TypeId	Rotated	x	y	z	Length	Width	Height	mass	Fragility	LoadBearingStrength
96	193	3	0	0	0	0	35	5	10	242.68	0		8.531633
40	72	2	0	0	5	0	26	6	14	332.20	0		10.504677
40	70	1	0	0	11	0	19	7	10	467.40	1		10.035044
74	148	3	0	0	18	0	35	5	10	242.68	0		8.531633
21	39	2	0	0	18	10	26	6	14	332.20	0		10.504677
8	15	1	0	0	11	10	19	7	10	467.40	1		10.035044
74	147	3	0	0	0	10	35	5	10	242.68	0		8.531633
76	152	3	0	0	0	20	35	5	10	242.68	0		8.531633
99	197	2	0	0	5	14	26	6	14	332.20	0		10.504677
21	40	3	0	19	11	0	35	5	10	242.68	0		8.531633
8	16	2	0	19	11	10	26	6	14	332.20	0		10.504677
96	192	2	0	26	5	0	26	6	14	332.20	0		10.504677
26	48	1	0	0	11	20	19	7	10	467.40	1		10.035044
8	14	1	0	35	18	0	19	7	10	467.40	1		10.035044
40	71	2	0	26	5	14	26	6	14	332.20	0		10.504677
99	196	1	0	26	17	10	19	7	10	467.40	1		10.035044
76	151	1	0	26	17	20	19	7	10	467.40	1		10.035044


-------------------------------------------------------------------------------------------------------------------
Tour_Id:			11
No_of_Customers:		8
No_of_Items:			17
Customer_Sequence:		51 30 38 44 94 7 68 16 

CustId	Id	TypeId	Rotated	x	y	z	Length	Width	Height	mass	Fragility	LoadBearingStrength
94	188	3	0	0	0	0	35	5	10	242.68	0		8.531633
51	100	2	0	0	5	0	26	6	14	332.20	0		10.504677
44	79	2	0	0	11	0	26	6	14	332.20	0		10.504677
30	53	2	0	0	17	0	26	6	14	332.20	0		10.504677
38	66	2	0	0	5	14	26	6	14	332.20	0		10.504677
51	98	1	0	0	11	14	19	7	10	467.40	1		10.035044
94	187	2	0	0	18	14	26	6	14	332.20	0		10.504677
7	13	2	0	26	5	0	26	6	14	332.20	0		10.504677
51	99	2	0	26	11	0	26	6	14	332.20	0		10.504677
44	81	3	0	0	0	10	35	5	10	242.68	0		8.531633
68	136	3	0	0	0	20	35	5	10	242.68	0		8.531633
16	31	3	0	19	11	14	35	5	10	242.68	0		8.531633
16	30	1	0	26	17	0	19	7	10	467.40	1		10.035044
38	65	1	0	26	17	10	19	7	10	467.40	1		10.035044
7	12	1	0	26	16	20	19	7	10	467.40	1		10.035044
44	80	2	0	26	5	14	26	6	14	332.20	0		10.504677
68	135	1	1	52	0	0	19	7	10	467.40	1		10.035044


-------------------------------------------------------------------------------------------------------------------
Tour_Id:			12
No_of_Customers:		4
No_of_Items:			10
Customer_Sequence:		60 23 88 45 

CustId	Id	TypeId	Rotated	x	y	z	Length	Width	Height	mass	Fragility	LoadBearingStrength
45	83	2	0	0	0	0	26	6	14	332.20	0		10.504677
88	174	2	0	0	6	0	26	6	14	332.20	0		10.504677
45	84	3	0	0	12	0	35	5	10	242.68	0		8.531633
88	175	3	0	0	17	0	35	5	10	242.68	0		8.531633
88	176	3	0	0	12	10	35	5	10	242.68	0		8.531633
23	42	3	0	0	17	10	35	5	10	242.68	0		8.531633
60	119	3	0	0	12	20	35	5	10	242.68	0		8.531633
45	82	1	0	0	0	14	19	7	10	467.40	1		10.035044
60	117	1	0	26	0	0	19	7	10	467.40	1		10.035044
60	118	1	0	26	0	10	19	7	10	467.40	1		10.035044


