Name:				443_n060_m400_bt10
Problem:			3L-VRPTW
Number_of_used_Vehicles:	3
Total_Travel_Distance:		668.79
Calculation_Time:		3600.00
Total_Iterations:		62
ConstraintSet:			P18

-------------------------------------------------------------------------------------------------------------------
Tour_Id:			1
No_of_Customers:		22
No_of_Items:			152
Customer_Sequence:		9 17 19 48 10 13 11 20 54 4 14 22 53 21 39 41 40 42 50 57 15 33 

CustId	Id	TypeId	Rotated	x	y	z	Length	Width	Height	mass	Fragility	LoadBearingStrength
22	140	6	0	0	0	0	17	3	7	45.50	0		7.122217
9	58	6	0	0	3	0	17	3	7	45.50	0		7.122217
17	110	6	0	0	6	0	17	3	7	45.50	0		7.122217
17	109	6	0	0	9	0	17	3	7	45.50	0		7.122217
19	118	6	0	0	12	0	17	3	7	45.50	0		7.122217
19	117	6	0	0	15	0	17	3	7	45.50	0		7.122217
10	64	6	0	0	18	0	17	3	7	45.50	0		7.122217
10	63	6	0	0	21	0	17	3	7	45.50	0		7.122217
11	74	6	0	0	0	7	17	3	7	45.50	0		7.122217
11	73	6	0	0	3	7	17	3	7	45.50	0		7.122217
33	208	6	0	0	6	7	17	3	7	45.50	0		7.122217
39	243	6	0	0	9	7	17	3	7	45.50	0		7.122217
41	261	6	0	0	12	7	17	3	7	45.50	0		7.122217
41	260	6	0	0	15	7	17	3	7	45.50	0		7.122217
41	259	6	0	0	18	7	17	3	7	45.50	0		7.122217
15	95	6	0	0	21	7	17	3	7	45.50	0		7.122217
14	86	1	0	0	0	14	12	4	6	69.84	0		3.599550
50	316	1	0	0	4	14	12	4	6	69.84	0		3.599550
50	317	1	0	0	8	14	12	4	6	69.84	0		3.599550
53	338	1	0	0	12	14	12	4	6	69.84	0		3.599550
21	128	1	0	0	16	14	12	4	6	69.84	0		3.599550
13	80	1	0	0	20	14	12	4	6	69.84	0		3.599550
40	246	1	0	0	0	20	12	4	6	69.84	0		3.599550
15	90	1	0	0	4	20	12	4	6	69.84	0		3.599550
41	255	1	0	0	8	20	12	4	6	69.84	0		3.599550
39	241	1	0	0	12	20	12	4	6	69.84	0		3.599550
10	59	1	0	0	16	20	12	4	6	69.84	0		3.599550
22	135	1	0	0	20	20	12	4	6	69.84	0		3.599550
11	76	10	1	12	0	14	8	5	6	79.32	0		10.791517
48	308	10	1	12	8	14	8	5	6	79.32	0		10.791517
53	346	10	1	12	16	14	8	5	6	79.32	0		10.791517
20	126	10	1	12	0	20	8	5	6	79.32	0		10.791517
33	212	10	1	12	8	20	8	5	6	79.32	0		10.791517
39	245	10	1	12	16	20	8	5	6	79.32	0		10.791517
21	134	10	0	17	0	0	8	5	6	79.32	0		10.791517
21	133	10	0	17	5	0	8	5	6	79.32	0		10.791517
54	355	10	0	17	10	0	8	5	6	79.32	0		10.791517
20	127	10	0	17	15	0	8	5	6	79.32	0		10.791517
14	89	10	0	17	20	0	8	5	6	79.32	0		10.791517
4	30	10	0	17	0	6	8	5	6	79.32	0		10.791517
11	72	5	0	17	5	6	7	4	8	63.83	0		5.813355
20	123	5	0	17	9	6	7	4	8	63.83	0		5.813355
50	321	5	0	17	13	6	7	4	8	63.83	0		5.813355
54	351	5	0	17	17	6	7	4	8	63.83	0		5.813355
48	306	5	0	17	21	6	7	4	8	63.83	0		5.813355
53	341	5	0	17	0	12	7	4	8	63.83	0		5.813355
53	342	5	0	17	5	14	7	4	8	63.83	0		5.813355
15	94	5	0	17	9	14	7	4	8	63.83	0		5.813355
57	375	5	0	17	13	14	7	4	8	63.83	0		5.813355
42	266	5	0	17	17	14	7	4	8	63.83	0		5.813355
42	267	5	0	17	21	14	7	4	8	63.83	0		5.813355
48	307	5	0	17	5	22	7	4	8	63.83	0		5.813355
57	376	5	0	17	9	22	7	4	8	63.83	0		5.813355
22	139	5	0	17	13	22	7	4	8	63.83	0		5.813355
40	249	5	0	17	17	22	7	4	8	63.83	0		5.813355
57	377	7	0	17	21	22	9	3	8	24.77	0		8.528219
54	352	7	0	25	0	0	9	3	8	24.77	0		8.528219
14	88	7	0	25	3	0	9	3	8	24.77	0		8.528219
22	141	7	0	25	6	0	9	3	8	24.77	0		8.528219
19	119	7	0	24	5	8	9	3	8	24.77	0		8.528219
50	322	7	0	24	5	16	9	3	8	24.77	0		8.528219
17	111	7	0	25	9	0	9	3	8	24.77	0		8.528219
40	250	7	0	24	8	8	9	3	8	24.77	0		8.528219
15	96	7	0	24	8	16	9	3	8	24.77	0		8.528219
50	320	2	0	24	5	24	10	4	5	93.57	0		17.753866
42	264	2	0	25	12	0	10	4	5	93.57	0		17.753866
11	69	2	0	25	16	0	10	4	5	93.57	0		17.753866
54	347	2	0	25	20	0	10	4	5	93.57	0		17.753866
15	91	2	0	25	12	5	10	4	5	93.57	0		17.753866
9	55	2	0	25	16	5	10	4	5	93.57	0		17.753866
17	103	2	0	25	20	5	10	4	5	93.57	0		17.753866
11	70	2	0	25	0	8	10	4	5	93.57	0		17.753866
13	81	2	0	24	0	13	10	4	5	93.57	0		17.753866
41	256	2	0	24	0	18	10	4	5	93.57	0		17.753866
19	116	2	0	24	0	23	10	4	5	93.57	0		17.753866
41	257	2	0	25	12	10	10	4	5	93.57	0		17.753866
11	68	2	0	24	16	10	10	4	5	93.57	0		17.753866
48	303	2	0	24	20	10	10	4	5	93.57	0		17.753866
50	319	2	1	24	11	15	10	4	5	93.57	0		17.753866
50	318	2	0	24	21	15	10	4	5	93.57	0		17.753866
17	104	2	1	24	11	20	10	4	5	93.57	0		17.753866
48	305	4	0	0	0	26	10	4	3	33.17	0		5.930524
17	106	4	0	0	4	26	10	4	3	33.17	0		5.930524
15	93	4	0	0	8	26	10	4	3	33.17	0		5.930524
54	350	4	0	0	12	26	10	4	3	33.17	0		5.930524
54	349	4	0	0	16	26	10	4	3	33.17	0		5.930524
9	57	4	0	0	20	26	10	4	3	33.17	0		5.930524
15	92	4	1	10	0	26	10	4	3	33.17	0		5.930524
4	27	4	1	10	10	26	10	4	3	33.17	0		5.930524
14	87	4	1	24	9	25	10	4	3	33.17	0		5.930524
22	138	4	1	28	11	15	10	4	3	33.17	0		5.930524
17	108	4	1	28	11	18	10	4	3	33.17	0		5.930524
57	374	4	1	28	11	21	10	4	3	33.17	0		5.930524
57	373	4	0	26	21	20	10	4	3	33.17	0		5.930524
17	107	4	0	26	21	23	10	4	3	33.17	0		5.930524
13	85	9	1	28	9	24	10	2	5	20.65	0		10.203020
11	75	9	1	30	9	24	10	2	5	20.65	0		10.203020
10	66	9	1	32	11	15	10	2	5	20.65	0		10.203020
10	67	9	1	32	11	20	10	2	5	20.65	0		10.203020
53	343	9	1	32	9	25	10	2	5	20.65	0		10.203020
21	132	9	0	34	0	0	10	2	5	20.65	0		10.203020
42	268	9	0	34	2	0	10	2	5	20.65	0		10.203020
42	269	9	0	34	4	0	10	2	5	20.65	0		10.203020
33	211	9	0	34	6	0	10	2	5	20.65	0		10.203020
40	252	9	0	34	8	0	10	2	5	20.65	0		10.203020
40	253	9	0	34	10	0	10	2	5	20.65	0		10.203020
40	254	9	0	34	4	5	10	2	5	20.65	0		10.203020
19	122	9	0	33	4	10	10	2	5	20.65	0		10.203020
57	378	9	0	33	4	15	10	2	5	20.65	0		10.203020
53	344	9	0	34	6	5	10	2	5	20.65	0		10.203020
53	345	9	0	33	6	10	10	2	5	20.65	0		10.203020
22	142	9	0	33	6	15	10	2	5	20.65	0		10.203020
4	29	9	0	34	8	5	10	2	5	20.65	0		10.203020
20	125	9	0	33	8	10	10	2	5	20.65	0		10.203020
20	124	9	0	33	8	15	10	2	5	20.65	0		10.203020
10	62	3	0	35	12	0	8	6	6	118.66	1		3.937309
9	56	3	0	35	18	0	8	6	6	118.66	1		3.937309
17	105	3	1	35	10	6	8	6	6	118.66	1		3.937309
4	26	3	0	35	18	6	8	6	6	118.66	1		3.937309
48	304	3	0	34	16	12	8	6	6	118.66	1		3.937309
10	60	3	0	43	12	0	8	6	6	118.66	1		3.937309
39	242	3	1	41	10	6	8	6	6	118.66	1		3.937309
21	129	3	1	42	10	12	8	6	6	118.66	1		3.937309
21	130	3	0	42	10	18	8	6	6	118.66	1		3.937309
41	258	3	0	36	16	18	8	6	6	118.66	1		3.937309
53	339	3	0	36	16	24	8	6	6	118.66	1		3.937309
53	340	3	0	42	10	24	8	6	6	118.66	1		3.937309
22	136	3	0	43	18	0	8	6	6	118.66	1		3.937309
22	137	3	0	43	18	6	8	6	6	118.66	1		3.937309
54	348	3	0	42	18	12	8	6	6	118.66	1		3.937309
40	248	3	0	44	0	0	8	6	6	118.66	1		3.937309
11	71	3	0	44	6	0	8	6	6	118.66	1		3.937309
40	247	3	0	44	0	6	8	6	6	118.66	1		3.937309
42	265	3	0	43	0	12	8	6	6	118.66	1		3.937309
10	61	3	0	43	0	18	8	6	6	118.66	1		3.937309
40	251	8	1	51	12	0	11	4	4	231.74	1		9.214646
33	210	8	1	51	12	4	11	4	4	231.74	1		9.214646
41	262	8	1	51	12	8	11	4	4	231.74	1		9.214646
41	263	8	1	51	12	12	11	4	4	231.74	1		9.214646
50	323	8	1	51	12	16	11	4	4	231.74	1		9.214646
33	209	8	1	51	12	20	11	4	4	231.74	1		9.214646
39	244	8	1	51	12	24	11	4	4	231.74	1		9.214646
19	121	8	1	52	0	0	11	4	4	231.74	1		9.214646
19	120	8	1	52	0	4	11	4	4	231.74	1		9.214646
21	131	8	1	52	0	8	11	4	4	231.74	1		9.214646
4	28	8	1	51	0	12	11	4	4	231.74	1		9.214646
54	353	8	1	51	0	16	11	4	4	231.74	1		9.214646
54	354	8	1	51	0	20	11	4	4	231.74	1		9.214646
13	82	8	0	43	0	24	11	4	4	231.74	1		9.214646
13	83	8	1	55	12	0	11	4	4	231.74	1		9.214646
10	65	8	1	55	11	4	11	4	4	231.74	1		9.214646
13	84	8	1	55	11	8	11	4	4	231.74	1		9.214646


-------------------------------------------------------------------------------------------------------------------
Tour_Id:			2
No_of_Customers:		15
No_of_Items:			90
Customer_Sequence:		7 32 43 6 25 51 29 38 23 30 24 49 35 16 8 

CustId	Id	TypeId	Rotated	x	y	z	Length	Width	Height	mass	Fragility	LoadBearingStrength
7	46	6	0	0	0	0	17	3	7	45.50	0		7.122217
7	45	6	0	0	3	0	17	3	7	45.50	0		7.122217
38	238	6	0	0	6	0	17	3	7	45.50	0		7.122217
32	204	6	0	0	9	0	17	3	7	45.50	0		7.122217
32	203	6	0	0	12	0	17	3	7	45.50	0		7.122217
29	185	6	0	0	15	0	17	3	7	45.50	0		7.122217
43	272	6	0	0	18	0	17	3	7	45.50	0		7.122217
43	273	6	0	0	21	0	17	3	7	45.50	0		7.122217
35	222	6	0	0	0	7	17	3	7	45.50	0		7.122217
29	181	1	0	0	3	7	12	4	6	69.84	0		3.599550
30	186	1	0	0	7	7	12	4	6	69.84	0		3.599550
24	149	1	0	0	11	7	12	4	6	69.84	0		3.599550
51	324	1	0	0	15	7	12	4	6	69.84	0		3.599550
25	153	1	0	0	19	7	12	4	6	69.84	0		3.599550
35	219	1	0	0	3	13	12	4	6	69.84	0		3.599550
32	199	1	0	0	7	13	12	4	6	69.84	0		3.599550
43	274	10	0	0	11	13	8	5	6	79.32	0		10.791517
6	42	10	0	0	16	13	8	5	6	79.32	0		10.791517
35	225	10	0	0	3	19	8	5	6	79.32	0		10.791517
51	328	10	0	0	8	19	8	5	6	79.32	0		10.791517
43	275	10	0	0	13	19	8	5	6	79.32	0		10.791517
49	314	10	1	8	11	13	8	5	6	79.32	0		10.791517
49	315	10	1	8	3	19	8	5	6	79.32	0		10.791517
38	240	10	1	8	11	19	8	5	6	79.32	0		10.791517
8	54	10	1	12	3	7	8	5	6	79.32	0		10.791517
23	146	5	0	0	18	19	7	4	8	63.83	0		5.813355
23	147	5	0	17	0	0	7	4	8	63.83	0		5.813355
23	145	5	0	17	4	0	7	4	8	63.83	0		5.813355
8	52	5	0	17	8	0	7	4	8	63.83	0		5.813355
23	144	5	0	17	12	0	7	4	8	63.83	0		5.813355
29	183	5	0	17	16	0	7	4	8	63.83	0		5.813355
29	184	5	0	17	20	0	7	4	8	63.83	0		5.813355
6	39	5	0	17	0	8	7	4	8	63.83	0		5.813355
6	40	5	0	17	4	8	7	4	8	63.83	0		5.813355
32	202	5	0	17	8	8	7	4	8	63.83	0		5.813355
7	44	5	0	17	12	8	7	4	8	63.83	0		5.813355
8	53	5	0	17	16	8	7	4	8	63.83	0		5.813355
24	151	5	0	17	20	8	7	4	8	63.83	0		5.813355
32	205	7	0	0	0	14	9	3	8	24.77	0		8.528219
25	156	7	0	0	0	22	9	3	8	24.77	0		8.528219
49	311	7	0	17	0	16	9	3	8	24.77	0		8.528219
49	312	7	0	17	3	16	9	3	8	24.77	0		8.528219
35	223	7	0	17	6	16	9	3	8	24.77	0		8.528219
35	224	7	0	17	9	16	9	3	8	24.77	0		8.528219
30	190	7	0	17	12	16	9	3	8	24.77	0		8.528219
7	47	7	0	17	15	16	9	3	8	24.77	0		8.528219
30	188	2	0	0	3	25	10	4	5	93.57	0		17.753866
30	187	2	0	0	7	25	10	4	5	93.57	0		17.753866
29	182	2	0	0	11	25	10	4	5	93.57	0		17.753866
16	97	2	1	10	3	25	10	4	5	93.57	0		17.753866
6	38	2	1	12	11	7	10	4	5	93.57	0		17.753866
51	325	2	0	17	3	24	10	4	5	93.57	0		17.753866
32	200	2	0	17	7	24	10	4	5	93.57	0		17.753866
35	220	2	0	17	11	24	10	4	5	93.57	0		17.753866
25	154	2	0	24	0	0	10	4	5	93.57	0		17.753866
32	201	4	0	24	4	0	10	4	3	33.17	0		5.930524
49	310	4	0	24	8	0	10	4	3	33.17	0		5.930524
49	309	4	0	24	12	0	10	4	3	33.17	0		5.930524
25	155	4	0	24	16	0	10	4	3	33.17	0		5.930524
24	150	4	0	24	20	0	10	4	3	33.17	0		5.930524
38	237	4	0	24	4	3	10	4	3	33.17	0		5.930524
8	51	4	0	24	8	3	10	4	3	33.17	0		5.930524
16	102	9	0	0	21	13	10	2	5	20.65	0		10.203020
7	50	9	0	0	15	25	10	2	5	20.65	0		10.203020
7	49	9	1	14	3	13	10	2	5	20.65	0		10.203020
25	159	9	1	13	13	12	10	2	5	20.65	0		10.203020
30	192	9	1	13	13	17	10	2	5	20.65	0		10.203020
30	191	9	1	13	13	22	10	2	5	20.65	0		10.203020
23	148	9	1	14	3	18	10	2	5	20.65	0		10.203020
38	239	9	1	14	3	23	10	2	5	20.65	0		10.203020
51	327	9	0	17	0	24	10	2	5	20.65	0		10.203020
24	152	9	0	17	15	24	10	2	5	20.65	0		10.203020
23	143	3	0	17	18	16	8	6	6	118.66	1		3.937309
30	189	3	0	15	18	22	8	6	6	118.66	1		3.937309
7	43	3	0	24	12	3	8	6	6	118.66	1		3.937309
16	98	3	0	24	18	3	8	6	6	118.66	1		3.937309
16	99	3	0	24	3	6	8	6	6	118.66	1		3.937309
16	100	3	0	24	12	9	8	6	6	118.66	1		3.937309
51	326	3	0	24	18	9	8	6	6	118.66	1		3.937309
16	101	3	0	34	0	0	8	6	6	118.66	1		3.937309
35	221	3	0	32	0	6	8	6	6	118.66	1		3.937309
43	271	3	0	32	0	12	8	6	6	118.66	1		3.937309
43	270	3	0	32	0	18	8	6	6	118.66	1		3.937309
49	313	8	0	34	6	0	11	4	4	231.74	1		9.214646
32	206	8	0	34	10	0	11	4	4	231.74	1		9.214646
32	207	8	0	34	14	0	11	4	4	231.74	1		9.214646
25	157	8	0	32	12	4	11	4	4	231.74	1		9.214646
25	158	8	0	32	12	8	11	4	4	231.74	1		9.214646
7	48	8	0	32	12	12	11	4	4	231.74	1		9.214646
6	41	8	0	32	12	16	11	4	4	231.74	1		9.214646


-------------------------------------------------------------------------------------------------------------------
Tour_Id:			3
No_of_Customers:		23
No_of_Items:			158
Customer_Sequence:		58 12 60 45 28 59 27 46 55 1 2 26 31 56 18 44 3 52 34 36 5 47 37 

CustId	Id	TypeId	Rotated	x	y	z	Length	Width	Height	mass	Fragility	LoadBearingStrength
27	173	6	0	0	0	0	17	3	7	45.50	0		7.122217
27	172	6	0	0	3	0	17	3	7	45.50	0		7.122217
56	368	6	0	0	6	0	17	3	7	45.50	0		7.122217
52	334	6	0	0	9	0	17	3	7	45.50	0		7.122217
52	333	6	0	0	12	0	17	3	7	45.50	0		7.122217
56	369	6	0	0	15	0	17	3	7	45.50	0		7.122217
26	166	9	0	0	18	0	10	2	5	20.65	0		10.203020
31	198	6	0	0	20	0	17	3	7	45.50	0		7.122217
26	164	6	0	0	0	7	17	3	7	45.50	0		7.122217
36	230	6	0	0	3	7	17	3	7	45.50	0		7.122217
2	13	6	0	0	6	7	17	3	7	45.50	0		7.122217
28	178	6	0	0	9	7	17	3	7	45.50	0		7.122217
5	37	6	0	0	12	7	17	3	7	45.50	0		7.122217
1	6	6	0	0	15	7	17	3	7	45.50	0		7.122217
58	384	6	0	0	20	7	17	3	7	45.50	0		7.122217
2	9	1	0	0	0	14	12	4	6	69.84	0		3.599550
27	168	1	0	0	4	14	12	4	6	69.84	0		3.599550
47	296	1	0	0	8	14	12	4	6	69.84	0		3.599550
56	365	1	0	0	12	14	12	4	6	69.84	0		3.599550
47	297	1	0	0	20	14	12	4	6	69.84	0		3.599550
52	329	1	0	0	0	20	12	4	6	69.84	0		3.599550
31	193	1	0	0	4	20	12	4	6	69.84	0		3.599550
47	298	1	0	0	8	20	12	4	6	69.84	0		3.599550
3	17	1	0	0	12	20	12	4	6	69.84	0		3.599550
58	379	1	0	0	20	20	12	4	6	69.84	0		3.599550
3	18	1	1	12	0	14	12	4	6	69.84	0		3.599550
2	10	1	1	12	12	14	12	4	6	69.84	0		3.599550
44	276	1	1	12	0	20	12	4	6	69.84	0		3.599550
46	290	1	1	12	12	20	12	4	6	69.84	0		3.599550
59	386	1	0	17	0	0	12	4	6	69.84	0		3.599550
12	77	1	0	17	4	0	12	4	6	69.84	0		3.599550
55	356	1	0	17	8	0	12	4	6	69.84	0		3.599550
1	1	1	0	17	12	0	12	4	6	69.84	0		3.599550
1	2	1	0	17	16	0	12	4	6	69.84	0		3.599550
12	78	1	0	17	20	0	12	4	6	69.84	0		3.599550
45	289	10	0	17	0	6	8	5	6	79.32	0		10.791517
44	280	10	0	17	5	6	8	5	6	79.32	0		10.791517
3	25	10	0	17	10	6	8	5	6	79.32	0		10.791517
44	281	10	0	17	15	6	8	5	6	79.32	0		10.791517
56	372	10	0	17	20	6	8	5	6	79.32	0		10.791517
28	180	10	0	17	0	12	8	5	6	79.32	0		10.791517
26	167	10	0	16	0	18	8	5	6	79.32	0		10.791517
2	16	10	0	16	0	24	8	5	6	79.32	0		10.791517
1	8	10	0	17	5	12	8	5	6	79.32	0		10.791517
55	364	10	0	16	5	18	8	5	6	79.32	0		10.791517
46	295	10	0	16	5	24	8	5	6	79.32	0		10.791517
27	176	10	0	17	10	12	8	5	6	79.32	0		10.791517
3	23	10	0	16	10	18	8	5	6	79.32	0		10.791517
27	175	10	0	16	10	24	8	5	6	79.32	0		10.791517
3	24	10	0	17	15	12	8	5	6	79.32	0		10.791517
26	162	5	0	16	15	18	7	4	8	63.83	0		5.813355
31	197	5	0	17	20	12	7	4	8	63.83	0		5.813355
26	163	5	0	17	20	20	7	4	8	63.83	0		5.813355
3	22	5	1	25	0	6	7	4	8	63.83	0		5.813355
36	229	5	1	25	7	6	7	4	8	63.83	0		5.813355
45	284	5	1	25	14	6	7	4	8	63.83	0		5.813355
45	285	5	1	25	0	14	7	4	8	63.83	0		5.813355
52	332	5	1	24	0	22	7	4	8	63.83	0		5.813355
27	171	5	1	25	7	14	7	4	8	63.83	0		5.813355
2	14	8	0	0	0	26	11	4	4	231.74	1		9.214646
60	396	5	1	24	7	22	7	4	8	63.83	0		5.813355
1	5	5	1	25	14	14	7	4	8	63.83	0		5.813355
55	360	5	1	24	14	22	7	4	8	63.83	0		5.813355
18	113	5	0	29	0	0	7	4	8	63.83	0		5.813355
46	292	5	0	29	4	0	7	4	8	63.83	0		5.813355
58	383	5	0	29	8	0	7	4	8	63.83	0		5.813355
1	7	7	0	29	12	0	9	3	8	24.77	0		8.528219
55	361	7	0	29	15	0	9	3	8	24.77	0		8.528219
46	293	7	0	29	18	0	9	3	8	24.77	0		8.528219
60	399	7	0	29	21	0	9	3	8	24.77	0		8.528219
26	165	7	0	29	0	8	9	3	8	24.77	0		8.528219
37	235	7	0	29	3	8	9	3	8	24.77	0		8.528219
27	174	7	0	29	6	8	9	3	8	24.77	0		8.528219
34	217	7	0	29	9	8	9	3	8	24.77	0		8.528219
44	278	7	0	29	12	8	9	3	8	24.77	0		8.528219
60	398	7	0	29	15	8	9	3	8	24.77	0		8.528219
52	335	7	0	29	18	8	9	3	8	24.77	0		8.528219
59	387	2	0	29	0	16	10	4	5	93.57	0		17.753866
26	160	2	0	29	4	16	10	4	5	93.57	0		17.753866
5	32	2	0	29	8	16	10	4	5	93.57	0		17.753866
5	31	2	0	29	12	16	10	4	5	93.57	0		17.753866
1	3	2	0	29	16	16	10	4	5	93.57	0		17.753866
55	357	2	0	29	0	21	10	4	5	93.57	0		17.753866
59	388	2	0	29	4	21	10	4	5	93.57	0		17.753866
36	226	2	0	29	8	21	10	4	5	93.57	0		17.753866
55	358	2	0	29	12	21	10	4	5	93.57	0		17.753866
55	359	2	0	29	16	21	10	4	5	93.57	0		17.753866
5	35	4	0	0	4	26	10	4	3	33.17	0		5.930524
34	213	2	0	36	0	0	10	4	5	93.57	0		17.753866
31	194	2	0	36	4	0	10	4	5	93.57	0		17.753866
37	232	2	0	36	8	0	10	4	5	93.57	0		17.753866
12	79	2	0	38	12	0	10	4	5	93.57	0		17.753866
60	392	2	0	38	16	0	10	4	5	93.57	0		17.753866
18	112	2	0	38	20	0	10	4	5	93.57	0		17.753866
3	20	4	0	0	8	26	10	4	3	33.17	0		5.930524
59	391	4	0	0	12	26	10	4	3	33.17	0		5.930524
59	390	4	0	0	20	26	10	4	3	33.17	0		5.930524
47	302	4	1	10	4	26	10	4	3	33.17	0		5.930524
47	301	4	1	10	14	26	10	4	3	33.17	0		5.930524
5	34	4	0	28	0	26	10	4	3	33.17	0		5.930524
3	21	4	0	28	4	26	10	4	3	33.17	0		5.930524
44	277	4	0	28	8	26	10	4	3	33.17	0		5.930524
60	394	4	0	28	12	26	10	4	3	33.17	0		5.930524
60	395	4	0	28	16	26	10	4	3	33.17	0		5.930524
28	177	4	0	36	0	5	10	4	3	33.17	0		5.930524
2	11	2	0	38	12	5	10	4	5	93.57	0		17.753866
56	367	4	0	36	4	5	10	4	3	33.17	0		5.930524
36	228	4	0	36	8	5	10	4	3	33.17	0		5.930524
52	331	4	0	38	16	5	10	4	3	33.17	0		5.930524
2	12	4	0	38	20	5	10	4	3	33.17	0		5.930524
45	283	4	0	29	21	8	10	4	3	33.17	0		5.930524
34	215	4	0	29	21	11	10	4	3	33.17	0		5.930524
45	282	4	0	29	21	14	10	4	3	33.17	0		5.930524
34	216	4	0	29	21	17	10	4	3	33.17	0		5.930524
45	287	9	0	0	23	0	10	2	5	20.65	0		10.203020
28	179	9	0	0	18	5	10	2	5	20.65	0		10.203020
60	397	6	1	48	0	0	17	3	7	45.50	0		7.122217
45	288	9	0	0	23	5	10	2	5	20.65	0		10.203020
60	400	9	0	0	18	10	10	2	5	20.65	0		10.203020
58	385	9	0	0	16	14	10	2	5	20.65	0		10.203020
44	279	9	0	0	18	15	10	2	5	20.65	0		10.203020
46	294	9	0	0	16	19	10	2	5	20.65	0		10.203020
37	236	9	0	0	18	20	10	2	5	20.65	0		10.203020
52	337	9	0	0	16	24	10	2	5	20.65	0		10.203020
56	371	9	0	0	18	25	10	2	5	20.65	0		10.203020
36	231	9	0	29	21	20	10	2	5	20.65	0		10.203020
5	33	3	0	38	0	8	8	6	6	118.66	1		3.937309
60	393	3	0	38	6	8	8	6	6	118.66	1		3.937309
3	19	3	0	39	16	8	8	6	6	118.66	1		3.937309
52	330	3	0	39	0	14	8	6	6	118.66	1		3.937309
34	214	3	0	39	6	14	8	6	6	118.66	1		3.937309
36	227	3	0	39	16	14	8	6	6	118.66	1		3.937309
37	233	3	0	39	0	20	8	6	6	118.66	1		3.937309
47	300	3	0	39	6	20	8	6	6	118.66	1		3.937309
47	299	3	0	39	16	20	8	6	6	118.66	1		3.937309
58	380	3	0	48	17	0	8	6	6	118.66	1		3.937309
58	381	3	0	48	17	6	8	6	6	118.66	1		3.937309
58	382	3	0	48	17	12	8	6	6	118.66	1		3.937309
37	234	3	0	48	17	18	8	6	6	118.66	1		3.937309
27	170	3	0	48	17	24	8	6	6	118.66	1		3.937309
26	161	3	0	51	0	0	8	6	6	118.66	1		3.937309
27	169	3	0	51	6	0	8	6	6	118.66	1		3.937309
46	291	3	0	51	0	6	8	6	6	118.66	1		3.937309
59	389	3	0	51	6	6	8	6	6	118.66	1		3.937309
1	4	3	0	51	0	12	8	6	6	118.66	1		3.937309
31	196	3	0	51	6	12	8	6	6	118.66	1		3.937309
31	195	3	0	51	0	18	8	6	6	118.66	1		3.937309
56	366	3	0	51	6	18	8	6	6	118.66	1		3.937309
56	370	8	0	38	12	10	11	4	4	231.74	1		9.214646
34	218	8	0	38	0	26	11	4	4	231.74	1		9.214646
18	114	8	0	38	4	26	11	4	4	231.74	1		9.214646
5	36	5	1	47	0	7	7	4	8	63.83	0		5.813355
2	15	8	0	38	8	26	11	4	4	231.74	1		9.214646
45	286	8	0	39	12	14	11	4	4	231.74	1		9.214646
55	362	8	0	39	12	18	11	4	4	231.74	1		9.214646
55	363	8	0	39	12	22	11	4	4	231.74	1		9.214646
52	336	8	0	38	12	26	11	4	4	231.74	1		9.214646
18	115	8	1	51	0	24	11	4	4	231.74	1		9.214646


