Name:				461_n060_m400_bt100
Problem:			3L-VRPTW
Number_of_used_Vehicles:	27
Total_Travel_Distance:		1729.99
Calculation_Time:		294.30
Total_Iterations:		15987
ConstraintSet:			P18

-------------------------------------------------------------------------------------------------------------------
Tour_Id:			1
No_of_Customers:		3
No_of_Items:			16
Customer_Sequence:		1 21 29 

CustId	Id	TypeId	Rotated	x	y	z	Length	Width	Height	mass	Fragility	LoadBearingStrength
1	2	28	0	0	0	0	21	14	12	617.60	0		13.380850
21	134	98	0	0	0	12	19	14	13	458.52	0		41.110366
29	182	75	0	21	0	0	34	13	7	518.69	0		30.040083
21	129	6	0	0	14	0	30	10	6	212.45	0		3.529741
29	183	94	0	0	14	6	24	11	8	305.62	0		10.296217
21	133	97	0	0	14	14	26	10	9	357.04	0		51.348621
1	4	79	0	21	0	7	15	13	10	271.03	0		6.908905
1	3	72	0	30	13	0	21	10	8	266.02	0		10.402237
21	131	40	0	30	13	8	23	11	8	269.20	0		11.857547
1	5	95	0	0	14	23	26	9	7	222.37	0		20.761107
21	135	99	0	19	0	17	17	10	7	203.70	1		3.036385
1	1	27	0	26	13	16	18	5	14	239.13	0		6.851016
21	130	29	0	36	0	7	18	11	10	220.41	1		2.445090
21	132	59	0	26	18	16	25	5	14	257.69	1		5.265125
29	184	99	0	36	0	17	17	10	7	203.70	1		3.036385
29	181	7	1	55	0	0	23	5	12	249.59	0		18.347453


-------------------------------------------------------------------------------------------------------------------
Tour_Id:			2
No_of_Customers:		3
No_of_Items:			18
Customer_Sequence:		16 22 3 

CustId	Id	TypeId	Rotated	x	y	z	Length	Width	Height	mass	Fragility	LoadBearingStrength
16	104	10	0	0	0	0	24	14	9	338.92	0		6.842777
3	20	98	0	0	0	9	19	14	13	458.52	0		41.110366
3	18	89	0	24	0	0	28	12	9	447.09	0		5.598961
16	107	45	0	19	0	9	18	12	10	328.98	0		8.271904
16	103	8	0	0	14	0	26	11	9	347.78	0		4.225499
22	136	2	0	0	14	9	29	8	10	276.70	0		10.637965
3	14	17	0	29	12	0	29	12	10	450.11	0		10.667011
16	105	15	0	0	14	19	12	5	6	64.51	0		58.231697
3	12	6	0	29	12	10	30	10	6	212.45	0		3.529741
22	139	67	0	29	12	16	26	6	11	309.10	0		9.764140
3	13	16	0	0	0	22	17	9	8	161.60	0		10.417180
16	106	16	0	12	14	19	17	9	8	161.60	0		10.417180
3	19	92	0	29	18	16	15	5	13	133.97	0		17.420647
3	16	44	0	0	9	22	21	5	7	132.93	0		6.075102
22	138	20	0	19	0	19	12	8	8	111.42	0		12.108192
22	137	15	1	31	0	19	12	5	6	64.51	0		58.231697
3	17	45	0	37	0	9	18	12	10	328.98	0		8.271904
3	15	23	0	36	0	19	20	10	11	431.56	1		1.764697


-------------------------------------------------------------------------------------------------------------------
Tour_Id:			3
No_of_Customers:		3
No_of_Items:			15
Customer_Sequence:		34 59 39 

CustId	Id	TypeId	Rotated	x	y	z	Length	Width	Height	mass	Fragility	LoadBearingStrength
34	219	74	0	0	0	0	32	14	14	687.01	0		9.401905
34	217	29	0	0	14	0	18	11	10	220.41	1		2.445090
39	253	55	0	0	0	14	20	12	6	183.76	0		5.395207
34	220	81	0	18	14	0	30	11	10	451.42	0		21.978374
59	390	10	0	32	0	0	24	14	9	338.92	0		6.842777
39	254	56	0	18	14	10	35	11	6	329.69	0		10.995211
39	255	59	0	18	14	16	25	5	14	257.69	1		5.265125
34	218	37	0	0	0	20	26	7	10	293.40	0		47.831033
59	389	10	0	32	0	9	24	14	9	338.92	0		6.842777
39	256	90	0	18	19	16	32	5	6	142.59	0		5.891989
39	252	38	0	0	7	20	16	6	8	123.78	0		3.450382
59	392	50	0	32	0	18	27	5	11	192.82	0		27.370456
59	391	29	0	0	14	10	18	11	10	220.41	1		2.445090
34	221	85	0	26	5	18	32	9	12	498.71	0		9.751747
39	251	29	0	0	13	20	18	11	10	220.41	1		2.445090


-------------------------------------------------------------------------------------------------------------------
Tour_Id:			4
No_of_Customers:		2
No_of_Items:			12
Customer_Sequence:		52 13 

CustId	Id	TypeId	Rotated	x	y	z	Length	Width	Height	mass	Fragility	LoadBearingStrength
52	343	98	0	0	0	0	19	14	13	458.52	0		41.110366
13	89	100	0	19	0	0	31	12	8	430.50	0		34.817756
13	87	58	0	0	14	0	29	9	8	302.58	0		13.451947
13	88	58	0	0	14	8	29	9	8	302.58	0		13.451947
52	341	87	0	0	0	13	20	7	13	211.95	0		12.560819
52	342	87	0	0	7	13	20	7	13	211.95	0		12.560819
52	339	25	0	0	14	16	23	7	11	281.44	0		7.385172
52	337	16	0	20	0	8	17	9	8	161.60	0		10.417180
13	85	12	0	29	12	0	27	7	6	115.59	0		8.842731
52	338	21	0	20	0	16	17	6	6	71.51	0		6.979122
13	86	46	0	29	12	6	22	8	10	308.46	1		6.267180
52	340	34	0	23	14	16	29	6	7	158.73	1		6.993380


-------------------------------------------------------------------------------------------------------------------
Tour_Id:			5
No_of_Customers:		3
No_of_Items:			17
Customer_Sequence:		40 14 18 

CustId	Id	TypeId	Rotated	x	y	z	Length	Width	Height	mass	Fragility	LoadBearingStrength
18	116	77	0	0	0	0	26	12	13	603.11	0		8.236924
14	97	86	0	0	0	13	27	14	9	360.25	0		12.988404
40	261	61	0	27	0	0	14	12	14	379.51	0		45.702229
14	96	81	0	0	12	0	30	11	10	451.42	0		21.978374
14	94	61	0	27	0	14	14	12	14	379.51	0		45.702229
18	115	25	0	30	12	0	23	7	11	281.44	0		7.385172
40	259	45	0	41	0	0	18	12	10	328.98	0		8.271904
14	95	64	0	0	0	22	20	14	7	223.47	0		10.906513
18	117	94	0	0	14	10	24	11	8	305.62	0		10.296217
40	260	45	0	41	0	10	18	12	10	328.98	0		8.271904
18	118	97	0	0	14	18	26	10	9	357.04	0		51.348621
14	90	27	0	27	12	11	18	5	14	239.13	0		6.851016
14	93	42	0	30	19	0	30	5	7	112.04	0		6.128088
14	92	38	0	30	19	7	16	6	8	123.78	0		3.450382
40	258	38	0	30	19	15	16	6	8	123.78	0		3.450382
14	91	29	0	41	0	20	18	11	10	220.41	1		2.445090
40	257	22	0	46	19	7	12	5	14	152.73	1		2.471525


-------------------------------------------------------------------------------------------------------------------
Tour_Id:			6
No_of_Customers:		3
No_of_Items:			17
Customer_Sequence:		19 57 46 

CustId	Id	TypeId	Rotated	x	y	z	Length	Width	Height	mass	Fragility	LoadBearingStrength
57	378	89	0	0	0	0	28	12	9	447.09	0		5.598961
57	374	57	0	0	0	9	19	14	14	713.56	0		13.297128
19	120	53	0	0	14	0	31	9	11	532.64	0		11.201585
57	373	48	0	0	14	11	31	11	8	353.89	0		5.925462
57	375	58	0	0	14	19	29	9	8	302.58	0		13.451947
57	377	80	0	0	0	23	19	14	7	264.41	0		18.070436
46	298	87	0	28	0	0	20	7	13	211.95	0		12.560819
57	376	67	0	28	7	0	26	6	11	309.10	0		9.764140
46	296	65	0	31	14	0	24	8	7	264.96	0		10.779608
57	379	99	0	31	13	7	17	10	7	203.70	1		3.036385
19	121	82	1	19	0	9	13	5	11	123.05	0		9.920485
46	297	84	0	31	13	14	20	10	8	301.56	1		10.463441
19	119	32	0	28	0	13	19	7	11	172.26	1		2.515288
57	372	34	0	24	7	11	29	6	7	158.73	1		6.993380
57	371	34	0	24	7	18	29	6	7	158.73	1		6.993380
19	122	92	1	55	0	0	15	5	13	133.97	0		17.420647
46	295	47	0	31	13	22	14	12	6	147.21	1		1.623499


-------------------------------------------------------------------------------------------------------------------
Tour_Id:			7
No_of_Customers:		2
No_of_Items:			18
Customer_Sequence:		30 47 

CustId	Id	TypeId	Rotated	x	y	z	Length	Width	Height	mass	Fragility	LoadBearingStrength
47	299	6	0	0	0	0	30	10	6	212.45	0		3.529741
47	300	16	0	0	10	0	17	9	8	161.60	0		10.417180
47	301	37	0	0	0	6	26	7	10	293.40	0		47.831033
30	186	26	0	17	10	0	16	13	9	219.01	0		33.635879
30	190	80	0	17	10	9	19	14	7	264.41	0		18.070436
30	191	97	0	30	0	0	26	10	9	357.04	0		51.348621
30	188	63	0	0	0	16	18	8	10	270.10	0		7.085527
47	305	78	0	17	10	16	22	5	12	239.29	0		12.391190
47	302	38	0	0	19	0	16	6	8	123.78	0		3.450382
30	192	98	0	39	10	0	19	14	13	458.52	0		41.110366
30	189	68	0	0	8	8	12	10	9	151.22	0		22.957978
47	303	61	0	39	10	13	14	12	14	379.51	0		45.702229
47	304	62	0	26	0	9	29	10	10	505.88	1		3.561747
30	187	38	0	0	18	8	16	6	8	123.78	0		3.450382
47	307	87	0	0	18	16	20	7	13	211.95	0		12.560819
30	185	15	0	0	8	17	12	5	6	64.51	0		58.231697
47	306	84	0	26	0	19	20	10	8	301.56	1		10.463441
30	193	99	0	20	15	16	17	10	7	203.70	1		3.036385


-------------------------------------------------------------------------------------------------------------------
Tour_Id:			8
No_of_Customers:		2
No_of_Items:			14
Customer_Sequence:		2 6 

CustId	Id	TypeId	Rotated	x	y	z	Length	Width	Height	mass	Fragility	LoadBearingStrength
2	8	9	0	0	0	0	25	13	9	466.35	0		43.845913
6	37	57	0	0	0	9	19	14	14	713.56	0		13.297128
2	7	8	0	0	13	0	26	11	9	347.78	0		4.225499
6	32	3	0	25	0	0	30	12	12	555.92	0		7.715125
2	11	100	0	19	0	12	31	12	8	430.50	0		34.817756
6	38	81	0	0	14	9	30	11	10	451.42	0		21.978374
2	6	2	0	0	14	19	29	8	10	276.70	0		10.637965
6	36	50	0	30	12	0	27	5	11	192.82	0		27.370456
2	10	93	0	30	17	0	14	7	14	177.44	0		9.632747
6	34	38	0	19	0	20	16	6	8	123.78	0		3.450382
2	9	20	0	19	6	20	12	8	8	111.42	0		12.108192
6	35	44	0	30	12	11	21	5	7	132.93	0		6.075102
6	33	19	0	0	0	23	13	8	7	129.84	0		5.306805
6	39	84	0	35	0	20	20	10	8	301.56	1		10.463441


-------------------------------------------------------------------------------------------------------------------
Tour_Id:			9
No_of_Customers:		3
No_of_Items:			16
Customer_Sequence:		4 28 35 

CustId	Id	TypeId	Rotated	x	y	z	Length	Width	Height	mass	Fragility	LoadBearingStrength
4	23	81	0	0	0	0	30	11	10	451.42	0		21.978374
28	175	14	0	0	11	0	20	14	12	350.97	0		5.203351
28	177	52	0	20	11	0	32	12	7	525.13	0		77.874216
35	222	8	0	0	0	10	26	11	9	347.78	0		4.225499
35	225	51	0	0	11	12	26	7	14	456.70	0		29.801646
35	226	51	0	0	18	12	26	7	14	456.70	0		29.801646
35	223	45	0	26	11	7	18	12	10	328.98	0		8.271904
28	179	64	0	26	11	17	20	14	7	223.47	0		10.906513
4	21	37	0	0	0	19	26	7	10	293.40	0		47.831033
4	22	63	0	30	0	0	18	8	10	270.10	0		7.085527
28	178	55	0	26	11	24	20	12	6	183.76	0		5.395207
28	180	78	0	26	0	10	22	5	12	239.29	0		12.391190
4	25	92	1	46	8	7	15	5	13	133.97	0		17.420647
35	224	46	1	52	0	0	22	8	10	308.46	1		6.267180
28	176	46	1	51	0	10	22	8	10	308.46	1		6.267180
4	24	84	1	46	5	20	20	10	8	301.56	1		10.463441


-------------------------------------------------------------------------------------------------------------------
Tour_Id:			10
No_of_Customers:		2
No_of_Items:			14
Customer_Sequence:		60 49 

CustId	Id	TypeId	Rotated	x	y	z	Length	Width	Height	mass	Fragility	LoadBearingStrength
49	318	60	0	0	0	0	35	13	8	549.70	0		13.136757
60	398	85	0	0	13	0	32	9	12	498.71	0		9.751747
49	319	64	0	35	0	0	20	14	7	223.47	0		10.906513
49	322	100	0	0	0	8	31	12	8	430.50	0		34.817756
60	395	69	0	0	13	12	30	11	9	406.60	0		9.217297
60	400	96	0	0	0	16	27	13	9	363.59	0		12.133164
49	317	26	0	35	0	7	16	13	9	219.01	0		33.635879
60	396	72	0	0	13	21	21	10	8	266.02	0		10.402237
60	399	95	0	27	0	16	26	9	7	222.37	0		20.761107
49	320	84	0	32	14	0	20	10	8	301.56	1		10.463441
49	321	84	0	32	13	8	20	10	8	301.56	1		10.463441
60	397	84	0	30	9	16	20	10	8	301.56	1		10.463441
60	394	34	0	27	0	23	29	6	7	158.73	1		6.993380
60	393	22	1	55	0	0	12	5	14	152.73	1		2.471525


-------------------------------------------------------------------------------------------------------------------
Tour_Id:			11
No_of_Customers:		3
No_of_Items:			18
Customer_Sequence:		31 50 23 

CustId	Id	TypeId	Rotated	x	y	z	Length	Width	Height	mass	Fragility	LoadBearingStrength
31	200	91	0	0	0	0	28	14	13	585.07	0		45.935327
31	199	90	0	0	14	0	32	5	6	142.59	0		5.891989
23	140	26	0	0	0	13	16	13	9	219.01	0		33.635879
23	143	71	0	0	19	0	27	5	12	293.22	1		3.125479
31	198	85	0	28	0	0	32	9	12	498.71	0		9.751747
50	328	50	0	0	14	6	27	5	11	192.82	0		27.370456
23	141	42	0	0	14	17	30	5	7	112.04	0		6.128088
50	327	35	0	28	0	12	26	12	9	479.39	1		8.749600
23	142	44	0	0	0	22	21	5	7	132.93	0		6.075102
23	144	95	0	32	14	0	26	9	7	222.37	0		20.761107
31	194	19	0	0	5	22	13	8	7	129.84	0		5.306805
50	323	15	0	0	14	24	12	5	6	64.51	0		58.231697
31	195	23	0	32	14	7	20	10	11	431.56	1		1.764697
31	196	29	0	32	14	18	18	11	10	220.41	1		2.445090
50	324	30	0	28	0	21	32	10	6	292.16	1		1.594410
31	197	31	0	28	9	0	26	5	12	211.90	0		13.219357
50	325	34	0	0	19	12	29	6	7	158.73	1		6.993380
50	326	34	0	0	19	19	29	6	7	158.73	1		6.993380


-------------------------------------------------------------------------------------------------------------------
Tour_Id:			12
No_of_Customers:		2
No_of_Items:			14
Customer_Sequence:		36 17 

CustId	Id	TypeId	Rotated	x	y	z	Length	Width	Height	mass	Fragility	LoadBearingStrength
36	233	91	0	0	0	0	28	14	13	585.07	0		45.935327
17	112	58	0	0	14	0	29	9	8	302.58	0		13.451947
36	227	8	0	0	14	8	26	11	9	347.78	0		4.225499
36	232	83	0	0	0	13	21	7	6	129.53	0		15.107793
17	114	100	0	28	0	0	31	12	8	430.50	0		34.817756
17	110	24	0	28	0	8	25	12	11	371.37	0		3.928283
17	113	62	0	0	14	17	29	10	10	505.88	1		3.561747
36	228	12	0	0	7	13	27	7	6	115.59	0		8.842731
17	109	8	0	0	0	19	26	11	9	347.78	0		4.225499
36	230	53	0	26	0	19	31	9	11	532.64	0		11.201585
36	231	81	0	29	12	0	30	11	10	451.42	0		21.978374
17	111	40	0	29	12	10	23	11	8	269.20	0		11.857547
17	108	7	0	29	12	18	23	5	12	249.59	0		18.347453
36	229	32	0	29	17	18	19	7	11	172.26	1		2.515288


-------------------------------------------------------------------------------------------------------------------
Tour_Id:			13
No_of_Customers:		2
No_of_Items:			14
Customer_Sequence:		20 37 

CustId	Id	TypeId	Rotated	x	y	z	Length	Width	Height	mass	Fragility	LoadBearingStrength
37	238	52	0	0	0	0	32	12	7	525.13	0		77.874216
20	128	100	0	0	12	0	31	12	8	430.50	0		34.817756
20	125	34	0	0	0	7	29	6	7	158.73	1		6.993380
37	236	44	0	0	6	7	21	5	7	132.93	0		6.075102
20	123	12	0	0	12	8	27	7	6	115.59	0		8.842731
37	241	67	0	0	19	8	26	6	11	309.10	0		9.764140
20	127	61	0	0	6	14	14	12	14	379.51	0		45.702229
37	237	44	0	0	19	19	21	5	7	132.93	0		6.075102
20	124	17	0	31	12	0	29	12	10	450.11	0		10.667011
37	240	62	0	31	12	10	29	10	10	505.88	1		3.561747
37	234	18	0	32	0	0	22	9	14	338.59	1		5.528176
20	126	35	0	31	12	20	26	12	9	479.39	1		8.749600
37	235	30	0	14	0	14	32	10	6	292.16	1		1.594410
37	239	62	0	14	0	20	29	10	10	505.88	1		3.561747


-------------------------------------------------------------------------------------------------------------------
Tour_Id:			14
No_of_Customers:		2
No_of_Items:			16
Customer_Sequence:		41 33 

CustId	Id	TypeId	Rotated	x	y	z	Length	Width	Height	mass	Fragility	LoadBearingStrength
41	263	28	0	0	0	0	21	14	12	617.60	0		13.380850
33	213	89	0	0	0	12	28	12	9	447.09	0		5.598961
33	212	66	0	0	14	0	26	9	8	233.74	0		7.282209
41	267	47	0	0	0	21	14	12	6	147.21	1		1.623499
33	215	95	0	0	14	8	26	9	7	222.37	0		20.761107
33	211	54	0	26	12	0	18	13	13	491.83	0		12.658882
33	216	100	0	21	0	0	31	12	8	430.50	0		34.817756
41	264	35	0	0	12	15	26	12	9	479.39	1		8.749600
41	269	99	0	14	0	21	17	10	7	203.70	1		3.036385
41	266	45	0	26	12	13	18	12	10	328.98	0		8.271904
33	209	12	0	31	0	8	27	7	6	115.59	0		8.842731
41	265	42	0	28	0	14	30	5	7	112.04	0		6.128088
33	210	50	0	31	7	8	27	5	11	192.82	0		27.370456
33	214	93	0	44	12	0	14	7	14	177.44	0		9.632747
41	268	64	0	26	10	23	20	14	7	223.47	0		10.906513
41	262	22	0	44	19	0	12	5	14	152.73	1		2.471525


-------------------------------------------------------------------------------------------------------------------
Tour_Id:			15
No_of_Customers:		2
No_of_Items:			12
Customer_Sequence:		15 24 

CustId	Id	TypeId	Rotated	x	y	z	Length	Width	Height	mass	Fragility	LoadBearingStrength
15	98	3	0	0	0	0	30	12	12	555.92	0		7.715125
24	149	60	0	0	12	0	35	13	8	549.70	0		13.136757
24	145	5	0	0	0	12	21	14	12	398.61	0		5.459317
15	102	69	0	0	14	8	30	11	9	406.60	0		9.217297
24	147	36	0	0	14	17	24	10	6	162.98	0		5.716332
24	151	67	0	30	0	0	26	6	11	309.10	0		9.764140
15	101	67	0	30	6	0	26	6	11	309.10	0		9.764140
24	146	8	0	30	0	11	26	11	9	347.78	0		4.225499
15	99	12	0	0	14	23	27	7	6	115.59	0		8.842731
24	150	62	0	30	0	20	29	10	10	505.88	1		3.561747
24	148	46	0	35	12	0	22	8	10	308.46	1		6.267180
15	100	46	0	30	12	10	22	8	10	308.46	1		6.267180


-------------------------------------------------------------------------------------------------------------------
Tour_Id:			16
No_of_Customers:		2
No_of_Items:			15
Customer_Sequence:		56 58 

CustId	Id	TypeId	Rotated	x	y	z	Length	Width	Height	mass	Fragility	LoadBearingStrength
58	381	26	0	0	0	0	16	13	9	219.01	0		33.635879
56	367	52	0	0	13	0	32	12	7	525.13	0		77.874216
56	366	41	0	16	0	0	23	13	8	268	0		5.615732
56	368	56	0	0	13	7	35	11	6	329.69	0		10.995211
58	385	45	0	0	0	9	18	12	10	328.98	0		8.271904
56	365	40	0	0	13	13	23	11	8	269.20	0		11.857547
58	386	57	0	39	0	0	19	14	14	713.56	0		13.297128
58	382	26	0	0	0	19	16	13	9	219.01	0		33.635879
58	388	87	0	18	0	8	20	7	13	211.95	0		12.560819
58	384	36	0	0	13	21	24	10	6	162.98	0		5.716332
56	369	63	0	35	14	0	18	8	10	270.10	0		7.085527
58	387	65	0	35	14	10	24	8	7	264.96	0		10.779608
56	370	65	0	35	14	17	24	8	7	264.96	0		10.779608
58	380	16	0	18	0	21	17	9	8	161.60	0		10.417180
58	383	29	0	39	0	14	18	11	10	220.41	1		2.445090


-------------------------------------------------------------------------------------------------------------------
Tour_Id:			17
No_of_Customers:		2
No_of_Items:			14
Customer_Sequence:		43 7 

CustId	Id	TypeId	Rotated	x	y	z	Length	Width	Height	mass	Fragility	LoadBearingStrength
7	44	69	0	0	0	0	30	11	9	406.60	0		9.217297
7	46	76	0	0	11	0	34	14	12	695.83	0		7.938544
43	279	74	0	0	11	12	32	14	14	687.01	0		9.401905
43	277	64	0	34	0	0	20	14	7	223.47	0		10.906513
7	47	93	0	0	0	9	14	7	14	177.44	0		9.632747
7	45	72	0	14	0	9	21	10	8	266.02	0		10.402237
43	275	21	0	0	0	23	17	6	6	71.51	0		6.979122
7	48	95	0	34	14	0	26	9	7	222.37	0		20.761107
7	42	36	0	14	0	17	24	10	6	162.98	0		5.716332
7	41	25	0	34	10	7	23	7	11	281.44	0		7.385172
7	43	46	0	32	10	18	22	8	10	308.46	1		6.267180
7	40	23	0	38	0	7	20	10	11	431.56	1		1.764697
43	278	67	0	34	17	7	26	6	11	309.10	0		9.764140
43	276	23	0	38	0	18	20	10	11	431.56	1		1.764697


-------------------------------------------------------------------------------------------------------------------
Tour_Id:			18
No_of_Customers:		3
No_of_Items:			19
Customer_Sequence:		54 25 26 

CustId	Id	TypeId	Rotated	x	y	z	Length	Width	Height	mass	Fragility	LoadBearingStrength
26	165	95	0	0	0	0	26	9	7	222.37	0		20.761107
54	351	4	0	0	9	0	22	11	9	328.71	0		29.851498
25	156	58	0	0	0	7	29	9	8	302.58	0		13.451947
25	158	62	0	0	9	9	29	10	10	505.88	1		3.561747
25	157	61	0	29	0	0	14	12	14	379.51	0		45.702229
54	353	26	0	29	12	0	16	13	9	219.01	0		33.635879
25	152	9	1	45	0	0	25	13	9	466.35	0		43.845913
25	155	50	0	0	20	0	27	5	11	192.82	0		27.370456
54	354	90	0	0	20	11	32	5	6	142.59	0		5.891989
26	163	70	0	0	0	15	22	5	8	110.51	0		19.873745
25	160	89	0	32	12	9	28	12	9	447.09	0		5.598961
25	153	21	0	0	19	17	17	6	6	71.51	0		6.979122
26	164	83	0	32	12	18	21	7	6	129.53	0		15.107793
54	355	92	0	17	19	17	15	5	13	133.97	0		17.420647
25	154	29	0	29	0	14	18	11	10	220.41	1		2.445090
26	162	44	0	0	0	23	21	5	7	132.93	0		6.075102
26	161	23	0	0	9	19	20	10	11	431.56	1		1.764697
54	352	21	0	0	19	23	17	6	6	71.51	0		6.979122
25	159	71	0	32	19	18	27	5	12	293.22	1		3.125479


-------------------------------------------------------------------------------------------------------------------
Tour_Id:			19
No_of_Customers:		2
No_of_Items:			14
Customer_Sequence:		38 8 

CustId	Id	TypeId	Rotated	x	y	z	Length	Width	Height	mass	Fragility	LoadBearingStrength
38	246	57	0	0	0	0	19	14	14	713.56	0		13.297128
8	53	69	0	0	14	0	30	11	9	406.60	0		9.217297
8	49	5	0	0	0	14	21	14	12	398.61	0		5.459317
8	50	26	0	19	0	0	16	13	9	219.01	0		33.635879
38	242	9	0	35	0	0	25	13	9	466.35	0		43.845913
8	52	46	0	0	14	9	22	8	10	308.46	1		6.267180
38	248	69	0	22	0	9	30	11	9	406.60	0		9.217297
38	243	26	0	21	0	18	16	13	9	219.01	0		33.635879
8	51	37	0	30	13	0	26	7	10	293.40	0		47.831033
38	245	42	0	30	20	0	30	5	7	112.04	0		6.128088
38	250	92	0	30	20	7	15	5	13	133.97	0		17.420647
38	249	79	0	37	0	18	15	13	10	271.03	0		6.908905
38	247	59	0	30	13	10	25	5	14	257.69	1		5.265125
38	244	32	0	0	14	19	19	7	11	172.26	1		2.515288


-------------------------------------------------------------------------------------------------------------------
Tour_Id:			20
No_of_Customers:		2
No_of_Items:			16
Customer_Sequence:		45 10 

CustId	Id	TypeId	Rotated	x	y	z	Length	Width	Height	mass	Fragility	LoadBearingStrength
10	70	60	0	0	0	0	35	13	8	549.70	0		13.136757
10	65	25	0	0	13	0	23	7	11	281.44	0		7.385172
45	289	10	0	35	0	0	24	14	9	338.92	0		6.842777
10	69	44	0	0	20	0	21	5	7	132.93	0		6.075102
45	288	4	0	0	0	8	22	11	9	328.71	0		29.851498
45	293	87	0	0	13	11	20	7	13	211.95	0		12.560819
10	66	27	0	0	20	7	18	5	14	239.13	0		6.851016
45	292	73	0	23	14	0	31	10	11	440.32	1		2.139202
10	63	7	0	0	0	17	23	5	12	249.59	0		18.347453
10	67	35	0	20	13	11	26	12	9	479.39	1		8.749600
10	71	72	0	35	0	9	21	10	8	266.02	0		10.402237
45	290	23	0	35	0	17	20	10	11	431.56	1		1.764697
45	291	68	0	22	0	8	12	10	9	151.22	0		22.957978
10	68	35	0	20	13	20	26	12	9	479.39	1		8.749600
45	294	87	0	0	5	17	20	7	13	211.95	0		12.560819
10	64	22	1	46	13	11	12	5	14	152.73	1		2.471525


-------------------------------------------------------------------------------------------------------------------
Tour_Id:			21
No_of_Customers:		2
No_of_Items:			16
Customer_Sequence:		32 51 

CustId	Id	TypeId	Rotated	x	y	z	Length	Width	Height	mass	Fragility	LoadBearingStrength
51	331	14	0	0	0	0	20	14	12	350.97	0		5.203351
32	203	17	0	20	0	0	29	12	10	450.11	0		10.667011
32	207	48	0	0	14	0	31	11	8	353.89	0		5.925462
51	334	52	0	20	0	10	32	12	7	525.13	0		77.874216
32	202	4	0	0	14	8	22	11	9	328.71	0		29.851498
32	208	56	0	20	0	17	35	11	6	329.69	0		10.995211
51	332	34	0	0	14	17	29	6	7	158.73	1		6.993380
51	335	55	0	0	0	12	20	12	6	183.76	0		5.395207
32	205	37	0	31	12	0	26	7	10	293.40	0		47.831033
51	333	43	0	0	0	18	15	11	9	153.86	0		7.528885
51	336	67	0	31	19	0	26	6	11	309.10	0		9.764140
51	329	6	0	20	0	23	30	10	6	212.45	0		3.529741
32	204	37	0	31	12	10	26	7	10	293.40	0		47.831033
51	330	7	0	0	20	17	23	5	12	249.59	0		18.347453
32	206	39	0	31	19	11	17	5	9	82.90	0		3.640194
32	201	2	0	29	11	20	29	8	10	276.70	0		10.637965


-------------------------------------------------------------------------------------------------------------------
Tour_Id:			22
No_of_Customers:		2
No_of_Items:			16
Customer_Sequence:		53 11 

CustId	Id	TypeId	Rotated	x	y	z	Length	Width	Height	mass	Fragility	LoadBearingStrength
11	72	5	0	0	0	0	21	14	12	398.61	0		5.459317
11	80	98	0	0	0	12	19	14	13	458.52	0		41.110366
11	79	89	0	21	0	0	28	12	9	447.09	0		5.598961
53	349	78	0	0	14	0	22	5	12	239.29	0		12.391190
53	350	95	0	21	0	9	26	9	7	222.37	0		20.761107
53	344	7	0	0	19	0	23	5	12	249.59	0		18.347453
11	73	8	0	0	14	12	26	11	9	347.78	0		4.225499
53	348	50	0	19	0	16	27	5	11	192.82	0		27.370456
53	346	39	0	0	14	21	17	5	9	82.90	0		3.640194
53	345	12	0	22	12	0	27	7	6	115.59	0		8.842731
11	77	68	0	17	14	21	12	10	9	151.22	0		22.957978
11	75	38	0	0	19	21	16	6	8	123.78	0		3.450382
11	74	36	1	49	0	0	24	10	6	162.98	0		5.716332
11	78	88	0	29	12	6	31	9	12	565.26	1		2.619589
53	347	49	0	29	12	18	17	12	11	315.74	1		1.505280
11	76	47	0	46	12	18	14	12	6	147.21	1		1.623499


-------------------------------------------------------------------------------------------------------------------
Tour_Id:			23
No_of_Customers:		2
No_of_Items:			15
Customer_Sequence:		5 27 

CustId	Id	TypeId	Rotated	x	y	z	Length	Width	Height	mass	Fragility	LoadBearingStrength
27	168	26	0	0	0	0	16	13	9	219.01	0		33.635879
5	28	54	0	0	0	9	18	13	13	491.83	0		12.658882
27	173	89	0	0	13	0	28	12	9	447.09	0		5.598961
27	171	74	0	28	0	0	32	14	14	687.01	0		9.401905
27	169	41	0	0	0	22	23	13	8	268	0		5.615732
27	166	10	0	23	0	14	24	14	9	338.92	0		6.842777
5	30	64	0	23	0	23	20	14	7	223.47	0		10.906513
5	27	26	1	47	0	14	16	13	9	219.01	0		33.635879
27	172	80	1	43	0	23	19	14	7	264.41	0		18.070436
27	170	63	0	0	13	9	18	8	10	270.10	0		7.085527
5	31	82	0	0	13	19	13	5	11	123.05	0		9.920485
27	167	15	0	16	0	0	12	5	6	64.51	0		58.231697
5	26	15	0	16	5	0	12	5	6	64.51	0		58.231697
5	29	62	0	28	14	0	29	10	10	505.88	1		3.561747
27	174	99	0	28	14	10	17	10	7	203.70	1		3.036385


-------------------------------------------------------------------------------------------------------------------
Tour_Id:			24
No_of_Customers:		2
No_of_Items:			13
Customer_Sequence:		12 55 

CustId	Id	TypeId	Rotated	x	y	z	Length	Width	Height	mass	Fragility	LoadBearingStrength
55	361	52	0	0	0	0	32	12	7	525.13	0		77.874216
55	364	85	0	0	12	0	32	9	12	498.71	0		9.751747
55	363	71	0	0	0	7	27	5	12	293.22	1		3.125479
12	81	10	0	32	0	0	24	14	9	338.92	0		6.842777
12	84	93	0	0	5	7	14	7	14	177.44	0		9.632747
55	356	5	0	32	0	9	21	14	12	398.61	0		5.459317
55	360	48	0	0	12	12	31	11	8	353.89	0		5.925462
55	358	26	0	0	12	20	16	13	9	219.01	0		33.635879
12	82	37	0	32	14	0	26	7	10	293.40	0		47.831033
55	359	37	0	32	14	10	26	7	10	293.40	0		47.831033
55	357	15	0	0	5	21	12	5	6	64.51	0		58.231697
55	362	62	0	16	14	20	29	10	10	505.88	1		3.561747
12	83	86	0	32	0	21	27	14	9	360.25	0		12.988404


-------------------------------------------------------------------------------------------------------------------
Tour_Id:			25
No_of_Customers:		1
No_of_Items:			0
Customer_Sequence:		48 

-------------------------------------------------------------------------------------------------------------------
Tour_Id:			26
No_of_Customers:		2
No_of_Items:			14
Customer_Sequence:		42 9 

CustId	Id	TypeId	Rotated	x	y	z	Length	Width	Height	mass	Fragility	LoadBearingStrength
42	273	60	0	0	0	0	35	13	8	549.70	0		13.136757
42	274	60	0	0	0	8	35	13	8	549.70	0		13.136757
42	270	2	0	0	13	0	29	8	10	276.70	0		10.637965
9	62	66	0	0	13	10	26	9	8	233.74	0		7.282209
9	54	2	0	0	0	16	29	8	10	276.70	0		10.637965
9	56	14	0	35	0	0	20	14	12	350.97	0		5.203351
9	55	4	0	0	13	18	22	11	9	328.71	0		29.851498
42	272	58	0	29	14	0	29	9	8	302.58	0		13.451947
42	271	41	0	35	0	12	23	13	8	268	0		5.615732
9	61	66	0	29	14	8	26	9	8	233.74	0		7.282209
9	59	23	0	26	13	16	20	10	11	431.56	1		1.764697
9	58	20	0	35	0	20	12	8	8	111.42	0		12.108192
9	57	16	1	47	0	20	17	9	8	161.60	0		10.417180
9	60	59	0	0	8	16	25	5	14	257.69	1		5.265125


-------------------------------------------------------------------------------------------------------------------
Tour_Id:			27
No_of_Customers:		1
No_of_Items:			0
Customer_Sequence:		44 

