Name:				523_n100_m400_bt100
Problem:			3L-VRPTW
Number_of_used_Vehicles:	32
Total_Travel_Distance:		2330.93
Calculation_Time:		3600.00
Total_Iterations:		6805
ConstraintSet:			P18

-------------------------------------------------------------------------------------------------------------------
Tour_Id:			1
No_of_Customers:		4
No_of_Items:			15
Customer_Sequence:		17 34 11 76 

CustId	Id	TypeId	Rotated	x	y	z	Length	Width	Height	mass	Fragility	LoadBearingStrength
11	37	87	0	0	0	0	32	12	14	968.50	0		17.426270
34	127	42	0	0	12	0	15	10	11	206.25	0		14.242890
11	36	74	0	0	12	11	12	11	9	699.19	0		24.516183
17	60	83	0	15	12	0	19	13	9	248.18	0		12.009591
11	34	63	0	0	0	14	23	5	6	112.02	1		3.077895
11	32	3	0	15	12	9	19	12	8	201.09	0		38.311319
76	299	99	0	32	0	0	28	11	13	761.03	0		19.951033
17	58	53	0	0	5	14	28	7	8	272.81	0		65.036230
17	57	18	0	34	12	0	24	13	13	515.92	1		3.002181
76	298	41	0	32	0	13	27	12	6	250.51	0		15.283206
34	125	14	0	0	12	20	12	9	7	92.88	0		20.768212
34	126	18	0	34	12	13	24	13	13	515.92	1		3.002181
11	33	4	0	15	12	17	16	12	13	448.26	0		25.558476
11	35	69	0	28	0	19	21	12	7	180.73	1		7.686659
17	59	74	1	49	0	19	12	11	9	699.19	0		24.516183


-------------------------------------------------------------------------------------------------------------------
Tour_Id:			2
No_of_Customers:		4
No_of_Items:			13
Customer_Sequence:		4 7 16 31 

CustId	Id	TypeId	Rotated	x	y	z	Length	Width	Height	mass	Fragility	LoadBearingStrength
4	11	93	0	0	0	0	35	12	14	908.27	0		18.599855
31	115	92	0	0	12	0	32	13	13	918.57	0		22.059989
4	10	78	0	0	12	13	29	10	12	509.35	0		8.098728
7	22	84	0	0	0	14	30	6	9	207.63	0		10.197725
31	112	30	0	32	12	0	22	12	7	239.12	0		6.260129
16	55	26	0	32	12	7	27	10	8	238.95	0		7.143757
16	54	6	0	0	6	14	29	6	9	173.30	0		16.978599
7	21	59	0	32	12	15	21	13	6	332.41	1		4.623980
31	114	48	0	0	0	23	23	11	6	198.29	0		41.977961
7	20	12	0	35	0	0	15	7	14	291.37	0		16.232807
31	113	46	0	30	0	14	19	5	8	121.88	0		34.295845
16	56	31	0	32	12	21	27	9	7	297.69	1		3.080077
4	9	17	1	50	0	0	12	10	13	219.82	0		13.957431


-------------------------------------------------------------------------------------------------------------------
Tour_Id:			3
No_of_Customers:		4
No_of_Items:			14
Customer_Sequence:		93 88 28 38 

CustId	Id	TypeId	Rotated	x	y	z	Length	Width	Height	mass	Fragility	LoadBearingStrength
28	100	37	0	0	0	0	23	10	7	213.34	0		15.595696
93	367	37	0	0	10	0	23	10	7	213.34	0		15.595696
28	101	58	0	23	0	0	35	12	7	521.93	0		37.439286
88	342	54	0	0	0	7	26	14	6	402.24	0		15.277407
93	366	32	0	0	0	13	20	9	12	390.91	0		10.746468
28	102	81	0	0	14	7	18	8	13	201.51	0		20.995613
28	103	94	0	23	12	0	32	9	6	181.66	0		6.735135
38	146	87	0	26	0	7	32	12	14	968.50	0		17.426270
38	143	19	0	26	12	6	30	11	10	2103.02	0		26.907934
88	341	31	0	20	0	21	27	9	7	297.69	1		3.080077
38	144	47	0	0	9	13	21	5	10	177.11	0		9.640590
93	365	14	0	0	14	20	12	9	7	92.88	0		20.768212
88	343	95	0	26	12	16	30	6	12	381.74	1		4.232152
38	145	74	0	47	0	21	12	11	9	699.19	0		24.516183


-------------------------------------------------------------------------------------------------------------------
Tour_Id:			4
No_of_Customers:		3
No_of_Items:			12
Customer_Sequence:		43 78 61 

CustId	Id	TypeId	Rotated	x	y	z	Length	Width	Height	mass	Fragility	LoadBearingStrength
78	307	60	0	0	0	0	19	14	11	294.34	1		1.811139
61	233	9	0	19	0	0	15	12	11	732.37	0		27.350688
61	236	77	0	0	14	0	18	10	10	340.51	0		12.648270
78	305	26	0	18	14	0	27	10	8	238.95	0		7.143757
43	161	75	0	0	0	11	15	13	11	1140.31	1		27.680608
78	306	27	0	18	14	8	35	9	12	589.42	0		9.214554
61	235	36	0	34	0	0	25	13	10	486.78	1		2.312740
78	304	18	0	34	0	10	24	13	13	515.92	1		3.002181
61	237	100	0	18	14	20	33	7	10	572.70	1		4.665353
61	232	5	0	0	14	10	16	6	11	524.04	0		69.335766
43	162	75	0	15	0	11	15	13	11	1140.31	1		27.680608
61	234	31	0	0	0	22	27	9	7	297.69	1		3.080077


-------------------------------------------------------------------------------------------------------------------
Tour_Id:			5
No_of_Customers:		3
No_of_Items:			12
Customer_Sequence:		24 14 77 

CustId	Id	TypeId	Rotated	x	y	z	Length	Width	Height	mass	Fragility	LoadBearingStrength
14	44	22	0	0	0	0	31	12	14	1061.51	0		6.913212
77	300	23	0	0	12	0	25	11	10	313.97	0		3.051048
77	303	98	0	0	12	10	22	12	11	1089.46	0		51.107351
24	85	91	0	0	0	14	15	9	13	963.78	0		54.644944
77	301	58	0	25	12	0	35	12	7	521.93	0		37.439286
24	82	33	0	25	12	7	34	12	12	563.72	0		11.071991
14	47	99	0	31	0	0	28	11	13	761.03	0		19.951033
24	83	35	0	0	12	21	12	10	8	175.20	1		6.830172
24	84	77	0	15	0	14	18	10	10	340.51	0		12.648270
14	45	62	0	33	0	13	19	7	12	214.14	0		10.910012
14	46	74	0	12	12	21	12	11	9	699.19	0		24.516183
77	302	86	0	25	12	19	33	9	11	513.99	0		62.878887


-------------------------------------------------------------------------------------------------------------------
Tour_Id:			6
No_of_Customers:		4
No_of_Items:			14
Customer_Sequence:		48 3 36 5 

CustId	Id	TypeId	Rotated	x	y	z	Length	Width	Height	mass	Fragility	LoadBearingStrength
3	5	34	0	0	0	0	28	11	12	1076.91	0		26.895944
36	137	96	0	0	11	0	23	8	10	308.66	0		44.772980
48	181	9	0	0	0	12	15	12	11	732.37	0		27.350688
5	13	81	0	0	12	10	18	8	13	201.51	0		20.995613
48	183	39	0	23	11	0	18	8	13	278.04	0		4.361909
48	182	23	0	28	0	0	25	11	10	313.97	0		3.051048
36	135	42	0	15	0	12	15	10	11	206.25	0		14.242890
3	8	94	0	0	0	23	32	9	6	181.66	0		6.735135
5	12	60	0	41	11	0	19	14	11	294.34	1		1.811139
3	6	84	0	0	19	0	30	6	9	207.63	0		10.197725
48	184	48	0	0	9	23	23	11	6	198.29	0		41.977961
36	136	45	0	23	11	13	23	7	7	437.64	0		97.944073
36	134	12	0	32	0	10	15	7	14	291.37	0		16.232807
3	7	84	0	23	11	20	30	6	9	207.63	0		10.197725


-------------------------------------------------------------------------------------------------------------------
Tour_Id:			7
No_of_Customers:		4
No_of_Items:			15
Customer_Sequence:		58 75 54 86 

CustId	Id	TypeId	Rotated	x	y	z	Length	Width	Height	mass	Fragility	LoadBearingStrength
58	222	79	0	0	0	0	29	14	8	3567.31	0		72.952137
86	337	88	0	0	0	8	34	13	11	863.88	0		62.708959
75	293	27	0	0	14	0	35	9	12	589.42	0		9.214554
58	221	53	0	0	13	12	28	7	8	272.81	0		65.036230
86	336	88	0	0	0	19	34	13	11	863.88	0		62.708959
75	292	8	0	0	13	20	27	6	10	208.40	0		3.258445
54	208	83	0	34	0	0	19	13	9	248.18	0		12.009591
54	206	48	0	34	0	9	23	11	6	198.29	0		41.977961
75	297	72	0	34	0	15	26	10	9	473.31	0		11.174242
86	334	37	0	35	14	0	23	10	7	213.34	0		15.595696
54	207	59	0	34	0	24	21	13	6	332.41	1		4.623980
75	294	48	0	35	13	7	23	11	6	198.29	0		41.977961
86	335	70	0	35	13	13	23	8	8	780.07	0		34.273470
75	295	50	1	28	13	12	12	6	12	93.12	1		4.659632
75	296	63	0	35	13	21	23	5	6	112.02	1		3.077895


-------------------------------------------------------------------------------------------------------------------
Tour_Id:			8
No_of_Customers:		4
No_of_Items:			12
Customer_Sequence:		45 67 32 97 

CustId	Id	TypeId	Rotated	x	y	z	Length	Width	Height	mass	Fragility	LoadBearingStrength
32	119	98	0	0	0	0	22	12	11	1089.46	0		51.107351
67	258	88	0	0	12	0	34	13	11	863.88	0		62.708959
32	116	45	0	0	0	11	23	7	7	437.64	0		97.944073
32	117	61	0	0	7	11	13	5	7	46.74	0		30.989348
45	169	64	0	0	12	11	34	5	12	562.11	0		34.690096
97	383	7	0	0	0	18	22	9	11	399.38	0		30.405624
32	118	87	0	23	0	0	32	12	14	968.50	0		17.426270
97	384	23	0	23	0	14	25	11	10	313.97	0		3.051048
45	168	37	0	34	12	0	23	10	7	213.34	0		15.595696
67	256	21	0	0	17	11	28	7	13	672.67	0		27.378565
97	385	55	0	34	12	7	26	11	12	460.40	1		7.555331
67	257	60	0	34	11	19	19	14	11	294.34	1		1.811139


-------------------------------------------------------------------------------------------------------------------
Tour_Id:			9
No_of_Customers:		4
No_of_Items:			12
Customer_Sequence:		41 50 64 65 

CustId	Id	TypeId	Rotated	x	y	z	Length	Width	Height	mass	Fragility	LoadBearingStrength
50	191	99	0	0	0	0	28	11	13	761.03	0		19.951033
50	189	75	0	0	11	0	15	13	11	1140.31	1		27.680608
50	190	76	0	15	11	0	33	14	14	1318.53	1		7.401924
41	156	5	0	0	0	13	16	6	11	524.04	0		69.335766
64	245	13	0	28	0	0	18	11	10	452.05	0		21.059549
41	157	90	0	28	0	10	21	10	12	1603.36	0		26.794214
65	248	2	0	15	11	14	32	10	12	520.43	1		2.929498
65	249	14	0	16	0	13	12	9	7	92.88	0		20.768212
64	246	48	0	28	0	22	23	11	6	198.29	0		41.977961
64	247	90	1	49	0	0	21	10	12	1603.36	0		26.794214
50	188	70	1	49	0	12	23	8	8	780.07	0		34.273470
65	250	74	0	16	0	20	12	11	9	699.19	0		24.516183


-------------------------------------------------------------------------------------------------------------------
Tour_Id:			10
No_of_Customers:		3
No_of_Items:			11
Customer_Sequence:		71 80 73 

CustId	Id	TypeId	Rotated	x	y	z	Length	Width	Height	mass	Fragility	LoadBearingStrength
73	287	88	0	0	0	0	34	13	11	863.88	0		62.708959
80	312	1	0	0	13	0	32	8	10	286.22	0		5.044721
71	277	92	0	0	0	11	32	13	13	918.57	0		22.059989
73	286	86	0	0	13	10	33	9	11	513.99	0		62.878887
80	314	90	0	33	13	0	21	10	12	1603.36	0		26.794214
73	284	3	0	0	13	21	19	12	8	201.09	0		38.311319
80	313	61	0	19	13	21	13	5	7	46.74	0		30.989348
71	274	8	0	33	13	12	27	6	10	208.40	0		3.258445
73	285	52	0	34	0	0	18	11	8	314.05	0		14.952389
71	276	52	0	34	0	8	18	11	8	314.05	0		14.952389
71	275	13	0	32	0	16	18	11	10	452.05	0		21.059549


-------------------------------------------------------------------------------------------------------------------
Tour_Id:			11
No_of_Customers:		3
No_of_Items:			11
Customer_Sequence:		82 53 6 

CustId	Id	TypeId	Rotated	x	y	z	Length	Width	Height	mass	Fragility	LoadBearingStrength
6	15	27	0	0	0	0	35	9	12	589.42	0		9.214554
53	205	86	0	0	9	0	33	9	11	513.99	0		62.878887
82	320	26	0	0	9	11	27	10	8	238.95	0		7.143757
6	18	80	0	0	0	12	20	7	14	324.98	0		8.407635
53	203	74	0	0	9	19	12	11	9	699.19	0		24.516183
6	16	47	0	0	18	0	21	5	10	177.11	0		9.640590
6	14	14	0	12	7	19	12	9	7	92.88	0		20.768212
6	17	75	0	33	9	0	15	13	11	1140.31	1		27.680608
82	321	69	0	27	9	11	21	12	7	180.73	1		7.686659
6	19	85	0	27	9	18	14	9	10	240.05	1		28.556868
53	204	85	0	35	0	0	14	9	10	240.05	1		28.556868


-------------------------------------------------------------------------------------------------------------------
Tour_Id:			12
No_of_Customers:		3
No_of_Items:			11
Customer_Sequence:		79 18 92 

CustId	Id	TypeId	Rotated	x	y	z	Length	Width	Height	mass	Fragility	LoadBearingStrength
18	62	84	0	0	0	0	30	6	9	207.63	0		10.197725
79	310	51	0	0	6	0	29	9	11	292.23	0		9.326822
92	361	7	0	0	15	0	22	9	11	399.38	0		30.405624
92	360	1	0	0	6	11	32	8	10	286.22	0		5.044721
92	362	11	0	0	6	21	32	9	9	367.45	0		41.129257
79	309	34	0	32	0	0	28	11	12	1076.91	0		26.895944
79	311	94	0	22	15	0	32	9	6	181.66	0		6.735135
18	61	80	0	0	15	11	20	7	14	324.98	0		8.407635
79	308	2	0	22	15	6	32	10	12	520.43	1		2.929498
92	363	36	0	32	0	12	25	13	10	486.78	1		2.312740
92	364	95	0	0	0	9	30	6	12	381.74	1		4.232152


-------------------------------------------------------------------------------------------------------------------
Tour_Id:			13
No_of_Customers:		3
No_of_Items:			14
Customer_Sequence:		9 23 96 

CustId	Id	TypeId	Rotated	x	y	z	Length	Width	Height	mass	Fragility	LoadBearingStrength
9	27	56	0	0	0	0	34	14	12	822.03	0		9.601281
96	382	88	0	0	0	12	34	13	11	863.88	0		62.708959
23	80	19	0	0	14	0	30	11	10	2103.02	0		26.907934
23	81	38	0	0	14	10	27	10	13	492.98	0		24.109207
96	377	34	0	30	14	0	28	11	12	1076.91	0		26.895944
9	28	58	0	0	0	23	35	12	7	521.93	0		37.439286
9	29	73	0	27	13	12	25	7	10	254.34	0		10.631984
96	378	39	0	34	0	0	18	8	13	278.04	0		4.361909
9	25	25	0	34	0	13	21	9	9	245.49	0		14.362805
96	379	45	0	0	12	23	23	7	7	437.64	0		97.944073
96	381	47	0	27	20	12	21	5	10	177.11	0		9.640590
9	26	40	1	55	0	0	13	5	14	159.97	0		16.231961
23	79	16	0	34	8	0	20	5	9	123.64	0		11.412342
96	380	46	0	27	13	22	19	5	8	121.88	0		34.295845


-------------------------------------------------------------------------------------------------------------------
Tour_Id:			14
No_of_Customers:		4
No_of_Items:			17
Customer_Sequence:		19 8 39 83 

CustId	Id	TypeId	Rotated	x	y	z	Length	Width	Height	mass	Fragility	LoadBearingStrength
83	325	58	0	0	0	0	35	12	7	521.93	0		37.439286
19	64	58	0	0	12	0	35	12	7	521.93	0		37.439286
39	150	62	0	0	0	7	19	7	12	214.14	0		10.910012
83	324	29	0	0	7	7	22	9	12	263.50	0		20.998603
19	68	100	0	0	16	7	33	7	10	572.70	1		4.665353
8	23	62	0	19	0	7	19	7	12	214.14	0		10.910012
19	66	77	0	0	0	19	18	10	10	340.51	0		12.648270
83	322	6	0	0	10	19	29	6	9	173.30	0		16.978599
83	323	23	0	35	12	0	25	11	10	313.97	0		3.051048
39	149	37	0	35	0	0	23	10	7	213.34	0		15.595696
39	147	3	0	35	12	10	19	12	8	201.09	0		38.311319
83	326	70	0	18	0	19	23	8	8	780.07	0		34.273470
8	24	67	0	35	12	18	24	7	8	204.97	0		68.651459
19	65	61	0	22	7	7	13	5	7	46.74	0		30.989348
19	63	29	0	38	0	7	22	9	12	263.50	0		20.998603
19	67	85	0	0	16	17	14	9	10	240.05	1		28.556868
39	148	35	0	41	0	19	12	10	8	175.20	1		6.830172


-------------------------------------------------------------------------------------------------------------------
Tour_Id:			15
No_of_Customers:		3
No_of_Items:			13
Customer_Sequence:		29 22 62 

CustId	Id	TypeId	Rotated	x	y	z	Length	Width	Height	mass	Fragility	LoadBearingStrength
29	109	86	0	0	0	0	33	9	11	513.99	0		62.878887
29	105	28	0	0	9	0	18	13	10	295	0		8.785553
62	238	44	0	0	9	10	19	7	10	154.99	0		10.285786
22	77	81	0	0	16	10	18	8	13	201.51	0		20.995613
22	78	84	0	0	0	11	30	6	9	207.63	0		10.197725
29	106	28	0	0	0	20	18	13	10	295	0		8.785553
62	240	100	0	18	16	0	33	7	10	572.70	1		4.665353
22	75	32	0	33	0	0	20	9	12	390.91	0		10.746468
62	239	44	0	19	9	0	19	7	10	154.99	0		10.285786
29	108	76	0	19	9	10	33	14	14	1318.53	1		7.401924
22	76	70	0	30	0	12	23	8	8	780.07	0		34.273470
29	104	10	0	19	9	24	27	13	6	225.64	1		9.946988
29	107	50	1	52	9	0	12	6	12	93.12	1		4.659632


-------------------------------------------------------------------------------------------------------------------
Tour_Id:			16
No_of_Customers:		3
No_of_Items:			14
Customer_Sequence:		56 21 94 

CustId	Id	TypeId	Rotated	x	y	z	Length	Width	Height	mass	Fragility	LoadBearingStrength
21	74	65	0	0	0	0	33	10	13	1386.41	0		26.190711
56	215	83	0	0	10	0	19	13	9	248.18	0		12.009591
94	372	79	0	19	10	0	29	14	8	3567.31	0		72.952137
94	371	51	0	0	0	13	29	9	11	292.23	0		9.326822
94	370	43	0	0	10	9	22	13	12	624.03	0		29.374850
56	214	73	0	22	10	8	25	7	10	254.34	0		10.631984
94	369	9	1	48	0	0	15	12	11	732.37	0		27.350688
56	216	91	0	33	0	0	15	9	13	963.78	0		54.644944
94	373	89	0	22	17	8	28	8	10	377.54	0		17.131685
56	213	57	0	29	0	13	15	8	14	349.77	0		11.376829
94	368	8	0	22	9	18	27	6	10	208.40	0		3.258445
21	72	8	0	22	15	18	27	6	10	208.40	0		3.258445
56	212	5	1	49	0	11	16	6	11	524.04	0		69.335766
21	73	59	0	0	9	21	21	13	6	332.41	1		4.623980


-------------------------------------------------------------------------------------------------------------------
Tour_Id:			17
No_of_Customers:		2
No_of_Items:			12
Customer_Sequence:		35 98 

CustId	Id	TypeId	Rotated	x	y	z	Length	Width	Height	mass	Fragility	LoadBearingStrength
98	388	78	0	0	0	0	29	10	12	509.35	0		8.098728
98	389	78	0	0	10	0	29	10	12	509.35	0		8.098728
35	130	54	0	0	0	12	26	14	6	402.24	0		15.277407
98	391	90	0	0	0	18	21	10	12	1603.36	0		26.794214
98	390	80	0	0	14	12	20	7	14	324.98	0		8.407635
35	129	47	0	0	20	0	21	5	10	177.11	0		9.640590
35	131	54	0	29	0	0	26	14	6	402.24	0		15.277407
35	133	82	0	29	0	6	23	12	12	395.16	0		19.587729
35	132	74	0	21	0	18	12	11	9	699.19	0		24.516183
98	386	23	0	29	14	0	25	11	10	313.97	0		3.051048
98	387	36	0	29	12	10	25	13	10	486.78	1		2.312740
35	128	36	0	29	12	20	25	13	10	486.78	1		2.312740


-------------------------------------------------------------------------------------------------------------------
Tour_Id:			18
No_of_Customers:		3
No_of_Items:			13
Customer_Sequence:		74 46 20 

CustId	Id	TypeId	Rotated	x	y	z	Length	Width	Height	mass	Fragility	LoadBearingStrength
74	289	27	0	0	0	0	35	9	12	589.42	0		9.214554
46	174	51	0	0	9	0	29	9	11	292.23	0		9.326822
46	175	86	0	0	9	11	33	9	11	513.99	0		62.878887
46	171	21	0	0	18	0	28	7	13	672.67	0		27.378565
74	291	54	0	29	9	0	26	14	6	402.24	0		15.277407
20	71	66	0	0	0	12	27	7	7	555.07	1		9.898133
20	69	7	0	35	0	0	22	9	11	399.38	0		30.405624
46	170	4	0	35	0	11	16	12	13	448.26	0		25.558476
74	288	26	0	0	9	22	27	10	8	238.95	0		7.143757
74	290	30	0	33	12	6	22	12	7	239.12	0		6.260129
20	70	31	0	0	0	19	27	9	7	297.69	1		3.080077
46	172	29	0	33	12	13	22	9	12	263.50	0		20.998603
46	173	46	0	0	18	13	19	5	8	121.88	0		34.295845


-------------------------------------------------------------------------------------------------------------------
Tour_Id:			19
No_of_Customers:		2
No_of_Items:			10
Customer_Sequence:		63 72 

CustId	Id	TypeId	Rotated	x	y	z	Length	Width	Height	mass	Fragility	LoadBearingStrength
72	280	54	0	0	0	0	26	14	6	402.24	0		15.277407
72	282	81	0	0	14	0	18	8	13	201.51	0		20.995613
72	279	29	0	0	0	6	22	9	12	263.50	0		20.998603
63	242	65	0	18	14	0	33	10	13	1386.41	0		26.190711
63	243	81	0	0	14	13	18	8	13	201.51	0		20.995613
63	241	22	0	26	0	0	31	12	14	1061.51	0		6.913212
63	244	98	0	0	0	18	22	12	11	1089.46	0		51.107351
72	278	16	0	0	9	6	20	5	9	123.64	0		11.412342
72	283	86	0	18	14	13	33	9	11	513.99	0		62.878887
72	281	76	0	22	0	14	33	14	14	1318.53	1		7.401924


-------------------------------------------------------------------------------------------------------------------
Tour_Id:			20
No_of_Customers:		5
No_of_Items:			15
Customer_Sequence:		99 59 1 10 13 

CustId	Id	TypeId	Rotated	x	y	z	Length	Width	Height	mass	Fragility	LoadBearingStrength
10	31	92	0	0	0	0	32	13	13	918.57	0		22.059989
10	30	39	0	0	13	0	18	8	13	278.04	0		4.361909
13	41	21	0	0	0	13	28	7	13	672.67	0		27.378565
59	227	94	0	0	7	13	32	9	6	181.66	0		6.735135
1	1	25	0	0	7	19	21	9	9	245.49	0		14.362805
13	43	74	0	18	13	0	12	11	9	699.19	0		24.516183
59	223	23	0	30	13	0	25	11	10	313.97	0		3.051048
59	225	37	0	32	0	0	23	10	7	213.34	0		15.595696
59	226	48	0	32	0	7	23	11	6	198.29	0		41.977961
99	392	5	0	0	16	13	16	6	11	524.04	0		69.335766
99	394	24	0	32	0	13	13	12	8	173.24	0		5.117943
1	2	29	0	32	12	10	22	9	12	263.50	0		20.998603
13	42	24	0	32	0	21	13	12	8	173.24	0		5.117943
99	393	16	1	55	0	0	20	5	9	123.64	0		11.412342
59	224	31	0	32	12	22	27	9	7	297.69	1		3.080077


-------------------------------------------------------------------------------------------------------------------
Tour_Id:			21
No_of_Customers:		2
No_of_Items:			11
Customer_Sequence:		52 89 

CustId	Id	TypeId	Rotated	x	y	z	Length	Width	Height	mass	Fragility	LoadBearingStrength
89	348	36	0	0	0	0	25	13	10	486.78	1		2.312740
89	345	8	0	0	13	0	27	6	10	208.40	0		3.258445
52	202	93	0	25	0	0	35	12	14	908.27	0		18.599855
89	346	11	0	25	0	14	32	9	9	367.45	0		41.129257
89	349	57	0	0	13	10	15	8	14	349.77	0		11.376829
89	344	8	0	0	19	0	27	6	10	208.40	0		3.258445
52	200	86	0	27	12	0	33	9	11	513.99	0		62.878887
52	201	86	0	27	12	11	33	9	11	513.99	0		62.878887
52	198	66	0	25	0	23	27	7	7	555.07	1		9.898133
52	199	85	0	0	0	10	14	9	10	240.05	1		28.556868
89	347	35	0	0	0	20	12	10	8	175.20	1		6.830172


-------------------------------------------------------------------------------------------------------------------
Tour_Id:			22
No_of_Customers:		4
No_of_Items:			12
Customer_Sequence:		2 69 49 87 

CustId	Id	TypeId	Rotated	x	y	z	Length	Width	Height	mass	Fragility	LoadBearingStrength
49	187	93	0	0	0	0	35	12	14	908.27	0		18.599855
2	4	22	0	0	12	0	31	12	14	1061.51	0		6.913212
87	339	54	0	0	0	14	26	14	6	402.24	0		15.277407
69	268	98	0	31	12	0	22	12	11	1089.46	0		51.107351
69	265	21	0	0	14	14	28	7	13	672.67	0		27.378565
87	340	83	0	0	0	20	19	13	9	248.18	0		12.009591
69	266	26	0	31	12	11	27	10	8	238.95	0		7.143757
69	267	51	0	31	12	19	29	9	11	292.23	0		9.326822
87	338	39	0	35	0	0	18	8	13	278.04	0		4.361909
49	186	73	1	53	0	0	25	7	10	254.34	0		10.631984
2	3	17	0	26	0	14	12	10	13	219.82	0		13.957431
49	185	50	0	38	0	13	12	6	12	93.12	1		4.659632


-------------------------------------------------------------------------------------------------------------------
Tour_Id:			23
No_of_Customers:		2
No_of_Items:			8
Customer_Sequence:		70 12 

CustId	Id	TypeId	Rotated	x	y	z	Length	Width	Height	mass	Fragility	LoadBearingStrength
12	40	93	0	0	0	0	35	12	14	908.27	0		18.599855
70	273	93	0	0	12	0	35	12	14	908.27	0		18.599855
70	272	56	0	0	0	14	34	14	12	822.03	0		9.601281
70	270	26	0	0	14	14	27	10	8	238.95	0		7.143757
70	271	49	0	35	0	0	13	12	14	656.39	0		20.399772
12	38	29	0	35	12	0	22	9	12	263.50	0		20.998603
70	269	17	0	34	0	14	12	10	13	219.82	0		13.957431
12	39	31	0	0	14	22	27	9	7	297.69	1		3.080077


-------------------------------------------------------------------------------------------------------------------
Tour_Id:			24
No_of_Customers:		2
No_of_Items:			12
Customer_Sequence:		27 51 

CustId	Id	TypeId	Rotated	x	y	z	Length	Width	Height	mass	Fragility	LoadBearingStrength
27	97	58	0	0	0	0	35	12	7	521.93	0		37.439286
51	192	6	0	0	12	0	29	6	9	173.30	0		16.978599
27	99	86	0	0	0	7	33	9	11	513.99	0		62.878887
27	96	48	0	0	0	18	23	11	6	198.29	0		41.977961
51	193	26	0	29	12	0	27	10	8	238.95	0		7.143757
27	95	14	0	23	0	18	12	9	7	92.88	0		20.768212
51	195	53	0	0	18	0	28	7	8	272.81	0		65.036230
51	197	99	0	29	12	8	28	11	13	761.03	0		19.951033
51	194	42	0	35	0	0	15	10	11	206.25	0		14.242890
27	94	5	0	0	18	8	16	6	11	524.04	0		69.335766
51	196	80	0	35	0	11	20	7	14	324.98	0		8.407635
27	98	69	0	29	12	21	21	12	7	180.73	1		7.686659


-------------------------------------------------------------------------------------------------------------------
Tour_Id:			25
No_of_Customers:		3
No_of_Items:			11
Customer_Sequence:		95 60 57 

CustId	Id	TypeId	Rotated	x	y	z	Length	Width	Height	mass	Fragility	LoadBearingStrength
57	220	82	0	0	0	0	23	12	12	395.16	0		19.587729
95	374	63	0	0	12	0	23	5	6	112.02	1		3.077895
60	231	93	0	23	0	0	35	12	14	908.27	0		18.599855
60	229	62	0	0	17	0	19	7	12	214.14	0		10.910012
57	219	80	0	0	0	12	20	7	14	324.98	0		8.407635
57	217	47	0	0	7	12	21	5	10	177.11	0		9.640590
60	228	22	0	23	12	0	31	12	14	1061.51	0		6.913212
60	230	65	0	23	0	14	33	10	13	1386.41	0		26.190711
95	376	80	0	0	17	12	20	7	14	324.98	0		8.407635
57	218	63	0	0	12	6	23	5	6	112.02	1		3.077895
95	375	76	0	21	10	14	33	14	14	1318.53	1		7.401924


-------------------------------------------------------------------------------------------------------------------
Tour_Id:			26
No_of_Customers:		3
No_of_Items:			12
Customer_Sequence:		55 91 40 

CustId	Id	TypeId	Rotated	x	y	z	Length	Width	Height	mass	Fragility	LoadBearingStrength
91	358	79	0	0	0	0	29	14	8	3567.31	0		72.952137
55	211	41	0	0	0	8	27	12	6	250.51	0		15.283206
40	154	86	0	0	14	0	33	9	11	513.99	0		62.878887
91	359	83	0	0	0	14	19	13	9	248.18	0		12.009591
40	155	94	0	0	14	11	32	9	6	181.66	0		6.735135
55	210	40	1	19	0	14	13	5	14	159.97	0		16.231961
55	209	22	0	29	0	0	31	12	14	1061.51	0		6.913212
40	152	12	0	24	0	14	15	7	14	291.37	0		16.232807
91	357	40	0	24	7	14	13	5	14	159.97	0		16.231961
40	153	49	0	39	0	14	13	12	14	656.39	0		20.399772
40	151	10	0	33	12	0	27	13	6	225.64	1		9.946988
91	356	10	0	33	12	6	27	13	6	225.64	1		9.946988


-------------------------------------------------------------------------------------------------------------------
Tour_Id:			27
No_of_Customers:		3
No_of_Items:			10
Customer_Sequence:		47 26 30 

CustId	Id	TypeId	Rotated	x	y	z	Length	Width	Height	mass	Fragility	LoadBearingStrength
26	92	36	0	0	0	0	25	13	10	486.78	1		2.312740
47	176	47	0	0	13	0	21	5	10	177.11	0		9.640590
47	180	88	0	25	0	0	34	13	11	863.88	0		62.708959
30	110	8	0	0	18	0	27	6	10	208.40	0		3.258445
26	93	60	0	0	0	10	19	14	11	294.34	1		1.811139
47	177	73	0	0	14	10	25	7	10	254.34	0		10.631984
26	91	33	0	25	0	11	34	12	12	563.72	0		11.071991
47	179	86	0	27	13	0	33	9	11	513.99	0		62.878887
47	178	84	0	0	14	20	30	6	9	207.63	0		10.197725
30	111	75	0	30	12	11	15	13	11	1140.31	1		27.680608


-------------------------------------------------------------------------------------------------------------------
Tour_Id:			28
No_of_Customers:		3
No_of_Items:			13
Customer_Sequence:		81 42 33 

CustId	Id	TypeId	Rotated	x	y	z	Length	Width	Height	mass	Fragility	LoadBearingStrength
33	124	79	0	0	0	0	29	14	8	3567.31	0		72.952137
42	159	38	0	0	14	0	27	10	13	492.98	0		24.109207
33	120	27	0	0	0	8	35	9	12	589.42	0		9.214554
81	315	28	0	35	0	0	18	13	10	295	0		8.785553
33	122	59	0	35	0	10	21	13	6	332.41	1		4.623980
81	317	64	0	0	9	8	34	5	12	562.11	0		34.690096
33	121	53	0	0	14	13	28	7	8	272.81	0		65.036230
42	158	24	0	0	0	20	13	12	8	173.24	0		5.117943
33	123	60	0	35	0	16	19	14	11	294.34	1		1.811139
81	318	66	0	0	14	21	27	7	7	555.07	1		9.898133
81	319	82	0	35	13	0	23	12	12	395.16	0		19.587729
81	316	46	0	13	0	20	19	5	8	121.88	0		34.295845
42	160	63	1	29	0	0	23	5	6	112.02	1		3.077895


-------------------------------------------------------------------------------------------------------------------
Tour_Id:			29
No_of_Customers:		3
No_of_Items:			12
Customer_Sequence:		85 44 84 

CustId	Id	TypeId	Rotated	x	y	z	Length	Width	Height	mass	Fragility	LoadBearingStrength
84	329	45	0	0	0	0	23	7	7	437.64	0		97.944073
44	164	23	0	0	7	0	25	11	10	313.97	0		3.051048
84	328	43	0	0	7	10	22	13	12	624.03	0		29.374850
44	167	87	0	25	0	0	32	12	14	968.50	0		17.426270
84	331	77	0	22	0	14	18	10	10	340.51	0		12.648270
44	166	73	0	0	18	0	25	7	10	254.34	0		10.631984
85	332	94	0	25	12	0	32	9	6	181.66	0		6.735135
84	327	26	0	25	12	6	27	10	8	238.95	0		7.143757
44	163	5	0	0	0	7	16	6	11	524.04	0		69.335766
84	330	47	0	0	20	10	21	5	10	177.11	0		9.640590
44	165	60	0	40	0	14	19	14	11	294.34	1		1.811139
85	333	100	0	22	14	14	33	7	10	572.70	1		4.665353


-------------------------------------------------------------------------------------------------------------------
Tour_Id:			30
No_of_Customers:		3
No_of_Items:			16
Customer_Sequence:		68 25 37 

CustId	Id	TypeId	Rotated	x	y	z	Length	Width	Height	mass	Fragility	LoadBearingStrength
68	259	30	0	0	0	0	22	12	7	239.12	0		6.260129
37	141	80	0	0	12	0	20	7	14	324.98	0		8.407635
68	262	73	0	0	0	7	25	7	10	254.34	0		10.631984
68	263	79	0	25	0	0	29	14	8	3567.31	0		72.952137
37	138	5	0	0	19	0	16	6	11	524.04	0		69.335766
68	264	80	0	0	12	14	20	7	14	324.98	0		8.407635
25	89	72	0	20	14	0	26	10	9	473.31	0		11.174242
25	90	94	0	20	14	9	32	9	6	181.66	0		6.735135
68	260	42	0	20	14	15	15	10	11	206.25	0		14.242890
25	86	5	0	0	19	11	16	6	11	524.04	0		69.335766
37	139	16	0	0	7	7	20	5	9	123.64	0		11.412342
37	142	88	0	25	0	8	34	13	11	863.88	0		62.708959
37	140	40	0	0	7	16	13	5	14	159.97	0		16.231961
25	87	45	0	0	0	17	23	7	7	437.64	0		97.944073
25	88	61	0	0	19	22	13	5	7	46.74	0		30.989348
68	261	69	0	25	0	19	21	12	7	180.73	1		7.686659


-------------------------------------------------------------------------------------------------------------------
Tour_Id:			31
No_of_Customers:		2
No_of_Items:			12
Customer_Sequence:		100 15 

CustId	Id	TypeId	Rotated	x	y	z	Length	Width	Height	mass	Fragility	LoadBearingStrength
15	50	38	0	0	0	0	27	10	13	492.98	0		24.109207
100	396	27	0	0	10	0	35	9	12	589.42	0		9.214554
15	49	33	0	0	10	12	34	12	12	563.72	0		11.071991
100	400	72	0	0	0	13	26	10	9	473.31	0		11.174242
15	48	11	0	27	0	0	32	9	9	367.45	0		41.129257
15	52	65	0	27	0	9	33	10	13	1386.41	0		26.190711
15	53	91	0	35	10	0	15	9	13	963.78	0		54.644944
15	51	62	0	34	10	13	19	7	12	214.14	0		10.910012
100	395	12	1	53	10	0	15	7	14	291.37	0		16.232807
100	399	61	0	0	19	0	13	5	7	46.74	0		30.989348
100	398	59	0	0	10	24	21	13	6	332.41	1		4.623980
100	397	50	0	34	19	0	12	6	12	93.12	1		4.659632


-------------------------------------------------------------------------------------------------------------------
Tour_Id:			32
No_of_Customers:		2
No_of_Items:			11
Customer_Sequence:		90 66 

CustId	Id	TypeId	Rotated	x	y	z	Length	Width	Height	mass	Fragility	LoadBearingStrength
90	353	65	0	0	0	0	33	10	13	1386.41	0		26.190711
66	253	58	0	0	10	0	35	12	7	521.93	0		37.439286
90	351	33	0	0	10	7	34	12	12	563.72	0		11.071991
90	350	27	0	0	0	13	35	9	12	589.42	0		9.214554
90	355	88	0	0	10	19	34	13	11	863.88	0		62.708959
66	251	3	0	35	0	0	19	12	8	201.09	0		38.311319
66	255	91	0	35	12	0	15	9	13	963.78	0		54.644944
90	352	42	0	35	0	8	15	10	11	206.25	0		14.242890
66	254	62	0	35	12	13	19	7	12	214.14	0		10.910012
90	354	74	0	35	0	19	12	11	9	699.19	0		24.516183
66	252	50	1	50	12	0	12	6	12	93.12	1		4.659632


