Name:				595_n100_m400_bt10
Problem:			3L-VRPTW
Number_of_used_Vehicles:	7
Total_Travel_Distance:		1195.05
Calculation_Time:		3600.00
Total_Iterations:		40
ConstraintSet:			P1

-------------------------------------------------------------------------------------------------------------------
Tour_Id:			1
No_of_Customers:		12
No_of_Items:			43
Customer_Sequence:		32 71 86 84 63 39 37 76 69 2 3 13 

CustId	Id	TypeId	Rotated	x	y	z	Length	Width	Height	mass	Fragility	LoadBearingStrength
13	51	6	0	0	0	0	13	3	8	93.93	0		4.581640
13	52	6	0	0	3	0	13	3	8	93.93	0		4.581640
13	53	10	0	0	6	0	7	5	6	91.26	0		35.265241
13	50	5	0	0	11	0	8	4	5	79.62	1		6.717543
3	15	3	0	0	15	0	17	5	8	233.29	0		18.704307
3	17	7	0	0	0	8	16	6	4	229.79	0		42.509929
3	16	6	0	0	20	0	13	3	8	93.93	0		4.581640
3	18	10	0	0	6	6	7	5	6	91.26	0		35.265241
3	13	1	0	0	23	0	7	2	7	55.40	0		37.744509
3	14	2	0	0	15	8	16	6	7	363.47	1		13.569205
2	7	4	0	0	0	12	14	4	7	205.51	0		21.683714
2	9	10	0	0	4	12	7	5	6	91.26	0		35.265241
2	10	10	0	0	4	18	7	5	6	91.26	0		35.265241
2	11	10	0	0	4	24	7	5	6	91.26	0		35.265241
2	12	10	0	7	6	0	7	5	6	91.26	0		35.265241
2	8	5	0	0	11	5	8	4	5	79.62	1		6.717543
69	276	4	0	0	0	19	14	4	7	205.51	0		21.683714
69	277	8	0	0	23	7	8	2	3	46.01	0		19.186251
37	148	4	0	8	11	0	14	4	7	205.51	0		21.683714
76	300	5	0	0	11	10	8	4	5	79.62	1		6.717543
37	147	3	0	14	6	0	17	5	8	233.29	0		18.704307
76	301	7	0	17	15	0	16	6	4	229.79	0		42.509929
37	150	7	0	14	6	8	16	6	4	229.79	0		42.509929
37	151	7	0	14	6	12	16	6	4	229.79	0		42.509929
37	149	5	0	0	11	15	8	4	5	79.62	1		6.717543
39	159	3	0	14	6	16	17	5	8	233.29	0		18.704307
39	158	1	0	0	21	8	7	2	7	55.40	0		37.744509
39	160	5	0	0	15	15	8	4	5	79.62	1		6.717543
63	255	7	0	14	6	24	16	6	4	229.79	0		42.509929
63	257	10	0	17	15	4	7	5	6	91.26	0		35.265241
63	254	1	0	0	23	10	7	2	7	55.40	0		37.744509
63	256	8	0	0	21	15	8	2	3	46.01	0		19.186251
84	329	6	0	17	21	0	13	3	8	93.93	0		4.581640
84	330	6	0	17	21	8	13	3	8	93.93	0		4.581640
84	328	1	0	0	23	17	7	2	7	55.40	0		37.744509
86	337	3	0	31	6	0	17	5	8	233.29	0		18.704307
86	338	4	0	30	21	0	14	4	7	205.51	0		21.683714
86	339	7	0	31	6	8	16	6	4	229.79	0		42.509929
86	340	8	0	0	21	18	8	2	3	46.01	0		19.186251
71	283	9	0	17	21	16	17	3	8	254.65	0		22.648589
71	282	2	0	31	6	12	16	6	7	363.47	1		13.569205
32	132	7	0	33	15	0	16	6	4	229.79	0		42.509929
32	131	5	0	0	15	20	8	4	5	79.62	1		6.717543


-------------------------------------------------------------------------------------------------------------------
Tour_Id:			2
No_of_Customers:		17
No_of_Items:			70
Customer_Sequence:		98 64 12 67 15 19 41 28 16 9 42 96 33 77 18 1 58 

CustId	Id	TypeId	Rotated	x	y	z	Length	Width	Height	mass	Fragility	LoadBearingStrength
58	235	7	0	0	0	0	16	6	4	229.79	0		42.509929
58	236	8	0	0	6	0	8	2	3	46.01	0		19.186251
1	2	4	0	0	8	0	14	4	7	205.51	0		21.683714
1	3	4	0	0	12	0	14	4	7	205.51	0		21.683714
1	5	6	0	0	16	0	13	3	8	93.93	0		4.581640
1	6	6	0	0	19	0	13	3	8	93.93	0		4.581640
1	1	1	0	0	22	0	7	2	7	55.40	0		37.744509
1	4	5	0	0	0	4	8	4	5	79.62	1		6.717543
18	72	4	0	0	8	7	14	4	7	205.51	0		21.683714
18	74	7	0	0	16	8	16	6	4	229.79	0		42.509929
67	272	10	0	0	16	12	7	5	6	91.26	0		35.265241
18	71	1	0	0	6	3	7	2	7	55.40	0		37.744509
18	75	8	0	0	4	4	8	2	3	46.01	0		19.186251
77	304	9	0	0	12	7	17	3	8	254.65	0		22.648589
77	302	7	0	14	8	0	16	6	4	229.79	0		42.509929
77	303	7	0	16	0	0	16	6	4	229.79	0		42.509929
77	305	10	0	8	0	4	7	5	6	91.26	0		35.265241
77	306	10	0	8	0	10	7	5	6	91.26	0		35.265241
33	134	9	0	0	8	14	17	3	8	254.65	0		22.648589
33	135	9	0	0	12	15	17	3	8	254.65	0		22.648589
33	133	8	0	0	22	7	8	2	3	46.01	0		19.186251
96	377	3	0	15	0	4	17	5	8	233.29	0		18.704307
96	380	7	0	15	0	12	16	6	4	229.79	0		42.509929
96	379	6	0	0	8	22	13	3	8	93.93	0		4.581640
96	381	8	0	0	6	10	8	2	3	46.01	0		19.186251
96	376	2	0	8	0	16	16	6	7	363.47	1		13.569205
96	378	5	0	0	12	23	8	4	5	79.62	1		6.717543
42	172	9	0	30	8	0	17	3	8	254.65	0		22.648589
42	171	8	0	0	22	10	8	2	3	46.01	0		19.186251
9	35	3	0	30	11	0	17	5	8	233.29	0		18.704307
9	37	9	0	30	16	0	17	3	8	254.65	0		22.648589
9	36	8	0	0	6	13	8	2	3	46.01	0		19.186251
16	64	3	0	30	19	0	17	5	8	233.29	0		18.704307
16	66	9	0	30	8	8	17	3	8	254.65	0		22.648589
16	65	7	0	30	11	8	16	6	4	229.79	0		42.509929
28	112	3	0	30	11	12	17	5	8	233.29	0		18.704307
28	115	9	0	30	8	16	17	3	8	254.65	0		22.648589
15	60	3	0	30	11	20	17	5	8	233.29	0		18.704307
28	113	5	0	8	0	23	8	4	5	79.62	1		6.717543
41	169	3	0	32	0	0	17	5	8	233.29	0		18.704307
41	170	6	0	32	5	0	13	3	8	93.93	0		4.581640
41	166	1	0	0	22	13	7	2	7	55.40	0		37.744509
41	167	1	0	0	6	16	7	2	7	55.40	0		37.744509
41	168	1	0	0	22	20	7	2	7	55.40	0		37.744509
19	78	7	0	30	17	8	16	6	4	229.79	0		42.509929
19	77	6	0	32	0	8	13	3	8	93.93	0		4.581640
19	76	5	0	8	12	23	8	4	5	79.62	1		6.717543
15	59	3	0	32	3	8	17	5	8	233.29	0		18.704307
28	114	7	1	47	8	0	16	6	4	229.79	0		42.509929
15	63	10	0	24	0	16	7	5	6	91.26	0		35.265241
15	58	1	0	0	6	23	7	2	7	55.40	0		37.744509
15	62	8	0	0	22	27	8	2	3	46.01	0		19.186251
15	61	5	0	16	0	23	8	4	5	79.62	1		6.717543
67	271	9	0	30	16	12	17	3	8	254.65	0		22.648589
67	270	4	0	30	19	12	14	4	7	205.51	0		21.683714
18	73	6	0	13	16	0	13	3	8	93.93	0		4.581640
12	46	3	0	31	0	16	17	5	8	233.29	0		18.704307
12	47	7	0	31	0	24	16	6	4	229.79	0		42.509929
12	48	7	1	47	8	4	16	6	4	229.79	0		42.509929
12	49	10	0	24	0	22	7	5	6	91.26	0		35.265241
12	44	1	0	30	19	19	7	2	7	55.40	0		37.744509
12	45	1	0	30	21	19	7	2	7	55.40	0		37.744509
64	258	4	1	47	8	8	14	4	7	205.51	0		21.683714
64	259	5	0	37	19	19	8	4	5	79.62	1		6.717543
98	392	9	0	30	16	20	17	3	8	254.65	0		22.648589
98	391	7	1	53	8	0	16	6	4	229.79	0		42.509929
98	389	6	1	47	8	15	13	3	8	93.93	0		4.581640
98	390	6	1	53	8	4	13	3	8	93.93	0		4.581640
98	387	1	0	47	22	8	7	2	7	55.40	0		37.744509
98	388	5	0	37	19	24	8	4	5	79.62	1		6.717543


-------------------------------------------------------------------------------------------------------------------
Tour_Id:			3
No_of_Customers:		18
No_of_Items:			69
Customer_Sequence:		83 93 85 50 49 88 74 66 25 40 52 79 43 5 90 60 4 55 

CustId	Id	TypeId	Rotated	x	y	z	Length	Width	Height	mass	Fragility	LoadBearingStrength
55	225	3	0	0	0	0	17	5	8	233.29	0		18.704307
55	223	1	0	0	5	0	7	2	7	55.40	0		37.744509
55	224	1	0	0	7	0	7	2	7	55.40	0		37.744509
55	227	8	0	0	9	0	8	2	3	46.01	0		19.186251
55	226	5	0	0	11	0	8	4	5	79.62	1		6.717543
4	21	3	0	0	15	0	17	5	8	233.29	0		18.704307
4	19	1	0	0	20	0	7	2	7	55.40	0		37.744509
4	20	1	0	0	22	0	7	2	7	55.40	0		37.744509
60	241	3	0	0	0	8	17	5	8	233.29	0		18.704307
60	242	3	0	0	15	8	17	5	8	233.29	0		18.704307
60	243	7	0	0	0	16	16	6	4	229.79	0		42.509929
60	244	8	0	0	9	3	8	2	3	46.01	0		19.186251
90	354	3	0	0	15	16	17	5	8	233.29	0		18.704307
90	355	3	0	0	0	20	17	5	8	233.29	0		18.704307
90	357	9	0	7	20	0	17	3	8	254.65	0		22.648589
90	358	9	0	7	20	8	17	3	8	254.65	0		22.648589
90	359	10	0	0	20	7	7	5	6	91.26	0		35.265241
90	356	8	0	0	9	6	8	2	3	46.01	0		19.186251
5	23	3	0	8	9	0	17	5	8	233.29	0		18.704307
5	24	4	0	7	20	16	14	4	7	205.51	0		21.683714
5	22	2	0	8	9	8	16	6	7	363.47	1		13.569205
43	174	9	0	17	0	0	17	3	8	254.65	0		22.648589
43	175	9	0	17	3	0	17	3	8	254.65	0		22.648589
43	173	6	0	17	6	0	13	3	8	93.93	0		4.581640
79	313	10	0	0	15	24	7	5	6	91.26	0		35.265241
79	312	2	0	8	9	15	16	6	7	363.47	1		13.569205
52	210	4	0	7	20	23	14	4	7	205.51	0		21.683714
52	212	10	0	7	15	24	7	5	6	91.26	0		35.265241
52	211	5	0	8	9	22	8	4	5	79.62	1		6.717543
40	162	3	0	17	15	0	17	5	8	233.29	0		18.704307
40	163	4	0	17	0	8	14	4	7	205.51	0		21.683714
40	165	7	0	25	9	0	16	6	4	229.79	0		42.509929
40	164	6	0	17	4	8	13	3	8	93.93	0		4.581640
40	161	2	0	25	9	4	16	6	7	363.47	1		13.569205
25	100	8	0	17	7	8	8	2	3	46.01	0		19.186251
25	101	8	0	17	15	8	8	2	3	46.01	0		19.186251
66	268	9	0	17	17	8	17	3	8	254.65	0		22.648589
66	265	4	0	17	0	15	14	4	7	205.51	0		21.683714
66	267	6	0	17	4	16	13	3	8	93.93	0		4.581640
66	269	10	0	24	20	0	7	5	6	91.26	0		35.265241
66	266	5	0	16	9	22	8	4	5	79.62	1		6.717543
74	292	4	0	17	0	22	14	4	7	205.51	0		21.683714
74	294	7	0	34	0	0	16	6	4	229.79	0		42.509929
74	293	6	0	17	17	16	13	3	8	93.93	0		4.581640
74	295	8	0	17	7	11	8	2	3	46.01	0		19.186251
88	346	4	0	31	20	0	14	4	7	205.51	0		21.683714
88	347	4	0	31	20	7	14	4	7	205.51	0		21.683714
88	348	7	0	34	0	4	16	6	4	229.79	0		42.509929
88	345	1	0	17	15	11	7	2	7	55.40	0		37.744509
49	199	9	0	30	6	0	17	3	8	254.65	0		22.648589
49	197	1	0	17	7	14	7	2	7	55.40	0		37.744509
49	198	5	0	17	4	24	8	4	5	79.62	1		6.717543
50	201	3	0	30	4	8	17	5	8	233.29	0		18.704307
50	203	10	0	14	15	24	7	5	6	91.26	0		35.265241
50	204	10	0	30	4	16	7	5	6	91.26	0		35.265241
50	200	1	0	25	15	8	7	2	7	55.40	0		37.744509
50	202	5	1	25	7	11	8	4	5	79.62	1		6.717543
85	332	4	0	31	0	8	14	4	7	205.51	0		21.683714
85	331	1	0	25	15	15	7	2	7	55.40	0		37.744509
85	334	8	0	25	15	22	8	2	3	46.01	0		19.186251
85	335	8	0	25	15	25	8	2	3	46.01	0		19.186251
85	336	8	0	30	4	22	8	2	3	46.01	0		19.186251
85	333	5	0	31	20	14	8	4	5	79.62	1		6.717543
93	369	1	0	30	6	22	7	2	7	55.40	0		37.744509
93	370	5	0	31	0	15	8	4	5	79.62	1		6.717543
93	371	5	0	31	20	19	8	4	5	79.62	1		6.717543
83	325	3	0	34	15	0	17	5	8	233.29	0		18.704307
83	327	9	0	34	15	8	17	3	8	254.65	0		22.648589
83	326	5	0	31	0	20	8	4	5	79.62	1		6.717543


-------------------------------------------------------------------------------------------------------------------
Tour_Id:			4
No_of_Customers:		4
No_of_Items:			17
Customer_Sequence:		81 89 48 57 

CustId	Id	TypeId	Rotated	x	y	z	Length	Width	Height	mass	Fragility	LoadBearingStrength
57	233	3	0	0	0	0	17	5	8	233.29	0		18.704307
57	234	6	0	0	5	0	13	3	8	93.93	0		4.581640
57	232	2	0	0	8	0	16	6	7	363.47	1		13.569205
48	196	9	0	0	14	0	17	3	8	254.65	0		22.648589
48	195	6	0	0	17	0	13	3	8	93.93	0		4.581640
48	191	1	0	0	20	0	7	2	7	55.40	0		37.744509
48	192	1	0	0	22	0	7	2	7	55.40	0		37.744509
48	193	1	0	0	20	7	7	2	7	55.40	0		37.744509
48	194	2	0	0	8	7	16	6	7	363.47	1		13.569205
89	350	4	0	0	0	8	14	4	7	205.51	0		21.683714
89	353	8	0	0	22	7	8	2	3	46.01	0		19.186251
89	349	2	0	0	14	8	16	6	7	363.47	1		13.569205
89	351	5	0	0	4	8	8	4	5	79.62	1		6.717543
89	352	5	0	0	4	13	8	4	5	79.62	1		6.717543
81	316	3	0	16	8	0	17	5	8	233.29	0		18.704307
81	318	8	0	0	22	10	8	2	3	46.01	0		19.186251
81	317	5	0	0	8	14	8	4	5	79.62	1		6.717543


-------------------------------------------------------------------------------------------------------------------
Tour_Id:			5
No_of_Customers:		19
No_of_Items:			78
Customer_Sequence:		87 82 53 73 36 11 91 75 29 7 31 8 24 30 54 47 23 14 97 

CustId	Id	TypeId	Rotated	x	y	z	Length	Width	Height	mass	Fragility	LoadBearingStrength
97	385	9	0	0	0	0	17	3	8	254.65	0		22.648589
97	383	4	0	0	3	0	14	4	7	205.51	0		21.683714
97	384	4	0	0	7	0	14	4	7	205.51	0		21.683714
97	386	10	0	0	11	0	7	5	6	91.26	0		35.265241
97	382	2	0	0	16	0	16	6	7	363.47	1		13.569205
14	57	9	0	0	22	0	17	3	8	254.65	0		22.648589
14	54	1	0	0	11	6	7	2	7	55.40	0		37.744509
14	55	8	0	0	13	6	8	2	3	46.01	0		19.186251
14	56	8	0	0	3	7	8	2	3	46.01	0		19.186251
23	94	4	0	0	5	7	14	4	7	205.51	0		21.683714
23	95	7	0	14	3	0	16	6	4	229.79	0		42.509929
23	96	10	0	0	5	14	7	5	6	91.26	0		35.265241
23	93	1	0	0	9	7	7	2	7	55.40	0		37.744509
47	190	9	0	0	0	8	17	3	8	254.65	0		22.648589
47	189	8	0	0	22	8	8	2	3	46.01	0		19.186251
54	220	3	0	14	9	0	17	5	8	233.29	0		18.704307
54	221	6	0	0	0	16	13	3	8	93.93	0		4.581640
54	222	10	0	0	5	20	7	5	6	91.26	0		35.265241
54	219	2	0	0	16	7	16	6	7	363.47	1		13.569205
30	122	7	0	14	3	4	16	6	4	229.79	0		42.509929
30	121	6	0	14	3	8	13	3	8	93.93	0		4.581640
30	123	10	0	7	5	14	7	5	6	91.26	0		35.265241
30	124	10	0	7	5	20	7	5	6	91.26	0		35.265241
30	120	1	0	0	13	9	7	2	7	55.40	0		37.744509
24	98	3	0	14	6	8	17	5	8	233.29	0		18.704307
24	97	1	0	0	22	11	7	2	7	55.40	0		37.744509
24	99	5	0	0	16	14	8	4	5	79.62	1		6.717543
8	34	9	0	14	11	8	17	3	8	254.65	0		22.648589
8	33	2	0	14	3	16	16	6	7	363.47	1		13.569205
31	129	9	0	14	9	16	17	3	8	254.65	0		22.648589
31	127	4	0	16	16	0	14	4	7	205.51	0		21.683714
31	128	7	0	30	16	0	16	6	4	229.79	0		42.509929
31	130	10	0	16	16	7	7	5	6	91.26	0		35.265241
31	125	1	0	0	13	16	7	2	7	55.40	0		37.744509
31	126	2	0	14	3	23	16	6	7	363.47	1		13.569205
7	30	4	0	30	16	4	14	4	7	205.51	0		21.683714
7	31	10	0	16	16	13	7	5	6	91.26	0		35.265241
7	32	10	0	16	16	19	7	5	6	91.26	0		35.265241
7	29	2	0	31	9	0	16	6	7	363.47	1		13.569205
29	117	7	1	47	9	0	16	6	4	229.79	0		42.509929
29	116	6	0	17	0	0	13	3	8	93.93	0		4.581640
29	118	10	0	30	0	0	7	5	6	91.26	0		35.265241
29	119	10	0	30	0	6	7	5	6	91.26	0		35.265241
75	297	6	0	30	16	11	13	3	8	93.93	0		4.581640
75	296	1	0	0	22	18	7	2	7	55.40	0		37.744509
75	298	8	0	0	13	23	8	2	3	46.01	0		19.186251
75	299	8	0	0	0	24	8	2	3	46.01	0		19.186251
91	362	6	0	30	16	19	13	3	8	93.93	0		4.581640
91	363	10	0	30	0	12	7	5	6	91.26	0		35.265241
91	360	2	0	31	9	7	16	6	7	363.47	1		13.569205
91	361	2	0	31	9	14	16	6	7	363.47	1		13.569205
11	43	9	0	37	0	0	17	3	8	254.65	0		22.648589
11	41	4	0	37	3	0	14	4	7	205.51	0		21.683714
11	42	8	0	0	22	25	8	2	3	46.01	0		19.186251
36	144	7	1	47	9	4	16	6	4	229.79	0		42.509929
36	145	7	1	47	9	8	16	6	4	229.79	0		42.509929
36	146	10	0	30	0	18	7	5	6	91.26	0		35.265241
73	288	3	1	54	0	0	17	5	8	233.29	0		18.704307
73	289	4	0	37	3	7	14	4	7	205.51	0		21.683714
73	291	7	1	47	9	12	16	6	4	229.79	0		42.509929
73	287	1	0	37	7	0	7	2	7	55.40	0		37.744509
73	290	5	0	14	9	24	8	4	5	79.62	1		6.717543
53	213	4	0	37	3	14	14	4	7	205.51	0		21.683714
53	214	7	1	47	9	16	16	6	4	229.79	0		42.509929
53	217	10	0	30	0	24	7	5	6	91.26	0		35.265241
53	218	10	0	37	3	21	7	5	6	91.26	0		35.265241
53	215	8	0	0	13	26	8	2	3	46.01	0		19.186251
53	216	8	0	0	0	27	8	2	3	46.01	0		19.186251
82	319	3	1	54	0	8	17	5	8	233.29	0		18.704307
82	323	9	0	37	0	8	17	3	8	254.65	0		22.648589
82	320	4	1	47	9	20	14	4	7	205.51	0		21.683714
82	324	10	0	44	3	21	7	5	6	91.26	0		35.265241
82	322	8	0	22	9	24	8	2	3	46.01	0		19.186251
82	321	5	0	31	9	21	8	4	5	79.62	1		6.717543
87	344	9	0	37	0	16	17	3	8	254.65	0		22.648589
87	341	1	0	47	23	20	7	2	7	55.40	0		37.744509
87	342	8	0	22	9	27	8	2	3	46.01	0		19.186251
87	343	8	0	30	16	27	8	2	3	46.01	0		19.186251


-------------------------------------------------------------------------------------------------------------------
Tour_Id:			6
No_of_Customers:		14
No_of_Items:			64
Customer_Sequence:		44 20 27 94 68 46 61 38 56 26 72 78 70 21 

CustId	Id	TypeId	Rotated	x	y	z	Length	Width	Height	mass	Fragility	LoadBearingStrength
21	85	3	0	0	0	0	17	5	8	233.29	0		18.704307
21	88	9	0	0	5	0	17	3	8	254.65	0		22.648589
21	89	9	0	0	8	0	17	3	8	254.65	0		22.648589
21	86	7	0	0	11	0	16	6	4	229.79	0		42.509929
21	87	7	0	0	17	0	16	6	4	229.79	0		42.509929
70	279	4	0	0	11	4	14	4	7	205.51	0		21.683714
70	278	1	0	0	23	0	7	2	7	55.40	0		37.744509
70	280	8	0	0	15	4	8	2	3	46.01	0		19.186251
70	281	8	0	0	17	4	8	2	3	46.01	0		19.186251
78	309	9	0	0	19	4	17	3	8	254.65	0		22.648589
78	310	9	0	0	0	8	17	3	8	254.65	0		22.648589
78	307	7	0	0	3	8	16	6	4	229.79	0		42.509929
78	308	7	0	0	3	12	16	6	4	229.79	0		42.509929
78	311	10	0	0	11	11	7	5	6	91.26	0		35.265241
72	284	3	0	0	0	16	17	5	8	233.29	0		18.704307
72	285	4	0	0	19	12	14	4	7	205.51	0		21.683714
72	286	7	0	0	0	24	16	6	4	229.79	0		42.509929
26	104	3	0	16	11	0	17	5	8	233.29	0		18.704307
26	105	3	0	16	11	8	17	5	8	233.29	0		18.704307
26	107	9	0	0	19	19	17	3	8	254.65	0		22.648589
26	102	1	0	0	17	7	7	2	7	55.40	0		37.744509
26	106	8	0	0	23	7	8	2	3	46.01	0		19.186251
26	103	2	0	16	11	16	16	6	7	363.47	1		13.569205
56	231	9	0	17	0	0	17	3	8	254.65	0		22.648589
56	228	4	0	17	3	0	14	4	7	205.51	0		21.683714
56	229	5	0	16	11	23	8	4	5	79.62	1		6.717543
56	230	5	0	17	7	0	8	4	5	79.62	1		6.717543
38	156	9	0	17	3	7	17	3	8	254.65	0		22.648589
38	155	6	0	17	0	8	13	3	8	93.93	0		4.581640
38	157	10	0	31	3	0	7	5	6	91.26	0		35.265241
38	152	1	0	0	9	8	7	2	7	55.40	0		37.744509
38	153	1	0	0	23	10	7	2	7	55.40	0		37.744509
38	154	2	0	33	11	0	16	6	7	363.47	1		13.569205
61	248	9	0	17	3	15	17	3	8	254.65	0		22.648589
61	249	9	0	17	0	16	17	3	8	254.65	0		22.648589
61	245	6	0	31	8	0	13	3	8	93.93	0		4.581640
61	246	6	0	31	8	8	13	3	8	93.93	0		4.581640
61	250	10	0	33	17	0	7	5	6	91.26	0		35.265241
61	247	8	0	0	17	14	8	2	3	46.01	0		19.186251
46	186	4	0	17	3	23	14	4	7	205.51	0		21.683714
46	187	7	0	40	17	0	16	6	4	229.79	0		42.509929
46	188	7	0	40	17	4	16	6	4	229.79	0		42.509929
46	185	1	0	0	17	17	7	2	7	55.40	0		37.744509
68	274	7	0	40	17	8	16	6	4	229.79	0		42.509929
68	275	10	0	38	3	0	7	5	6	91.26	0		35.265241
68	273	5	0	24	11	23	8	4	5	79.62	1		6.717543
94	372	1	0	0	23	17	7	2	7	55.40	0		37.744509
94	373	2	0	33	11	7	16	6	7	363.47	1		13.569205
27	108	1	0	31	8	16	7	2	7	55.40	0		37.744509
27	109	1	0	31	8	23	7	2	7	55.40	0		37.744509
27	110	8	0	0	17	24	8	2	3	46.01	0		19.186251
27	111	8	0	0	23	24	8	2	3	46.01	0		19.186251
20	83	9	0	34	0	0	17	3	8	254.65	0		22.648589
20	84	9	0	34	0	8	17	3	8	254.65	0		22.648589
20	81	4	0	34	0	16	14	4	7	205.51	0		21.683714
20	79	1	0	34	0	23	7	2	7	55.40	0		37.744509
20	82	8	0	0	17	27	8	2	3	46.01	0		19.186251
20	80	2	0	33	11	14	16	6	7	363.47	1		13.569205
44	179	4	0	40	17	12	14	4	7	205.51	0		21.683714
44	180	7	1	51	0	0	16	6	4	229.79	0		42.509929
44	181	10	0	40	17	19	7	5	6	91.26	0		35.265241
44	176	1	0	34	2	23	7	2	7	55.40	0		37.744509
44	177	2	0	33	11	21	16	6	7	363.47	1		13.569205
44	178	2	1	51	0	4	16	6	7	363.47	1		13.569205


-------------------------------------------------------------------------------------------------------------------
Tour_Id:			7
No_of_Customers:		16
No_of_Items:			59
Customer_Sequence:		59 62 100 35 65 45 17 34 80 95 99 22 6 10 92 51 

CustId	Id	TypeId	Rotated	x	y	z	Length	Width	Height	mass	Fragility	LoadBearingStrength
51	208	7	0	0	0	0	16	6	4	229.79	0		42.509929
51	205	1	0	0	6	0	7	2	7	55.40	0		37.744509
51	209	8	0	0	8	0	8	2	3	46.01	0		19.186251
51	206	5	0	0	10	0	8	4	5	79.62	1		6.717543
51	207	5	0	0	14	0	8	4	5	79.62	1		6.717543
92	366	3	0	0	18	0	17	5	8	233.29	0		18.704307
92	367	6	0	0	0	4	13	3	8	93.93	0		4.581640
92	368	10	0	0	18	8	7	5	6	91.26	0		35.265241
92	364	2	0	8	8	0	16	6	7	363.47	1		13.569205
92	365	2	0	8	8	7	16	6	7	363.47	1		13.569205
100	398	3	0	16	0	0	17	5	8	233.29	0		18.704307
10	39	4	0	8	14	0	14	4	7	205.51	0		21.683714
10	38	2	0	8	8	14	16	6	7	363.47	1		13.569205
6	26	3	0	17	18	0	17	5	8	233.29	0		18.704307
6	28	6	0	0	3	4	13	3	8	93.93	0		4.581640
6	25	1	0	0	23	0	7	2	7	55.40	0		37.744509
6	27	5	0	0	0	12	8	4	5	79.62	1		6.717543
22	91	3	0	7	18	8	17	5	8	233.29	0		18.704307
22	92	9	0	7	18	16	17	3	8	254.65	0		22.648589
22	90	2	0	8	8	21	16	6	7	363.47	1		13.569205
99	395	3	0	24	8	0	17	5	8	233.29	0		18.704307
99	396	3	0	24	13	0	17	5	8	233.29	0		18.704307
99	393	1	0	0	6	7	7	2	7	55.40	0		37.744509
99	394	2	0	24	8	8	16	6	7	363.47	1		13.569205
65	261	1	0	0	23	7	7	2	7	55.40	0		37.744509
95	375	8	0	0	4	12	8	2	3	46.01	0		19.186251
80	315	6	0	16	5	0	13	3	8	93.93	0		4.581640
80	314	5	0	0	0	17	8	4	5	79.62	1		6.717543
34	136	4	0	24	14	8	14	4	7	205.51	0		21.683714
34	137	4	0	24	14	15	14	4	7	205.51	0		21.683714
34	138	6	0	16	5	8	13	3	8	93.93	0		4.581640
17	69	7	0	34	18	0	16	6	4	229.79	0		42.509929
17	67	1	0	7	23	0	7	2	7	55.40	0		37.744509
17	70	8	0	7	21	16	8	2	3	46.01	0		19.186251
17	68	2	0	24	8	15	16	6	7	363.47	1		13.569205
59	239	7	0	33	0	0	16	6	4	229.79	0		42.509929
45	183	8	0	7	21	19	8	2	3	46.01	0		19.186251
35	141	5	0	0	0	22	8	4	5	79.62	1		6.717543
35	139	1	0	0	23	14	7	2	7	55.40	0		37.744509
65	264	6	0	16	5	16	13	3	8	93.93	0		4.581640
65	260	1	0	7	23	7	7	2	7	55.40	0		37.744509
95	374	7	0	41	8	0	16	6	4	229.79	0		42.509929
65	262	2	0	24	8	22	16	6	7	363.47	1		13.569205
35	140	4	0	24	14	22	14	4	7	205.51	0		21.683714
35	143	6	0	24	18	8	13	3	8	93.93	0		4.581640
65	263	6	0	41	14	0	13	3	8	93.93	0		4.581640
45	182	2	0	41	8	4	16	6	7	363.47	1		13.569205
35	142	5	0	7	18	24	8	4	5	79.62	1		6.717543
10	40	8	0	7	6	0	8	2	3	46.01	0		19.186251
100	399	4	0	16	0	8	14	4	7	205.51	0		21.683714
100	397	2	0	41	8	11	16	6	7	363.47	1		13.569205
100	400	5	0	15	18	24	8	4	5	79.62	1		6.717543
62	252	4	0	16	0	15	14	4	7	205.51	0		21.683714
62	253	8	0	0	23	21	8	2	3	46.01	0		19.186251
59	240	9	0	16	0	22	17	3	8	254.65	0		22.648589
62	251	2	0	41	8	18	16	6	7	363.47	1		13.569205
45	184	10	0	50	18	0	7	5	6	91.26	0		35.265241
59	238	6	0	24	18	16	13	3	8	93.93	0		4.581640
59	237	2	0	33	0	4	16	6	7	363.47	1		13.569205


