Name:				008_n020_m200_bt10_765
Problem:			3L-VRPTW
Number_of_used_Vehicles:	1
Total_Travel_Distance:		664.75
Calculation_Time:		317.69
Total_Iterations:		1
ConstraintSet:			P1

-------------------------------------------------------------------------------------------------------------------
Tour_Id:			1
No_of_Customers:		13
No_of_Items:			138
Customer_Sequence:		17 12 18 19 3 10 4 14 8 2 9 6 16 

CustId	Id	TypeId	Rotated	x	y	z	Length	Width	Height	mass	Fragility	LoadBearingStrength
16	151	2	0	0	0	0	17	3	8	48.09	0		4.651403
16	152	3	0	0	3	0	6	5	8	55.09	0		10.928803
16	156	6	0	0	8	0	17	3	4	40.12	0		3.076361
16	162	9	0	0	11	0	14	3	4	112.24	0		17.564025
16	153	4	0	0	14	0	12	4	3	41.03	0		7.757519
16	154	4	0	0	18	0	12	4	3	41.03	0		7.757519
16	155	5	0	0	22	0	12	3	4	68.63	0		29.568598
16	158	8	0	0	14	3	8	4	3	68.22	0		14.293865
16	159	8	0	0	18	3	8	4	3	68.22	0		14.293865
16	160	8	0	0	8	4	8	4	3	68.22	0		14.293865
16	161	8	0	0	14	6	8	4	3	68.22	0		14.293865
16	157	7	0	0	22	4	9	3	8	103.09	1		9.040069
6	48	2	0	0	0	8	17	3	8	48.09	0		4.651403
6	49	3	0	0	8	7	6	5	8	55.09	0		10.928803
6	57	9	0	0	0	16	14	3	4	112.24	0		17.564025
6	50	5	0	0	0	20	12	3	4	68.63	0		29.568598
6	51	5	0	0	0	24	12	3	4	68.63	0		29.568598
6	58	10	0	0	18	6	9	4	3	72.73	0		30.221439
6	56	8	0	0	3	8	8	4	3	68.22	0		14.293865
6	47	1	0	6	3	0	12	5	4	36.30	1		0.969557
6	52	7	0	0	14	9	9	3	8	103.09	1		9.040069
6	53	7	0	0	17	9	9	3	8	103.09	1		9.040069
6	54	7	0	0	3	11	9	3	8	103.09	1		9.040069
6	55	7	0	0	22	12	9	3	8	103.09	1		9.040069
9	80	2	0	12	14	0	17	3	8	48.09	0		4.651403
9	86	6	0	9	14	8	17	3	4	40.12	0		3.076361
9	81	4	0	9	14	12	12	4	3	41.03	0		7.757519
9	82	4	0	9	14	15	12	4	3	41.03	0		7.757519
9	89	10	0	8	8	4	9	4	3	72.73	0		30.221439
9	84	4	0	6	8	7	12	4	3	41.03	0		7.757519
9	85	5	0	6	8	10	12	3	4	68.63	0		29.568598
9	83	4	0	6	8	14	12	4	3	41.03	0		7.757519
9	88	8	0	6	8	17	8	4	3	68.22	0		14.293865
9	79	1	0	9	3	4	12	5	4	36.30	1		0.969557
8	73	5	0	9	14	18	12	3	4	68.63	0		29.568598
2	13	3	0	6	8	20	6	5	8	55.09	0		10.928803
2	14	3	0	12	18	0	6	5	8	55.09	0		10.928803
2	17	9	0	17	0	0	14	3	4	112.24	0		17.564025
2	18	9	0	17	0	4	14	3	4	112.24	0		17.564025
2	19	10	0	18	18	0	9	4	3	72.73	0		30.221439
2	20	10	0	18	18	3	9	4	3	72.73	0		30.221439
2	15	8	0	12	18	8	8	4	3	68.22	0		14.293865
2	16	8	0	12	18	11	8	4	3	68.22	0		14.293865
2	11	1	0	9	3	8	12	5	4	36.30	1		0.969557
2	12	1	0	9	3	12	12	5	4	36.30	1		0.969557
8	70	2	0	17	0	8	17	3	8	48.09	0		4.651403
8	71	3	0	12	18	14	6	5	8	55.09	0		10.928803
8	74	6	0	14	0	16	17	3	4	40.12	0		3.076361
8	72	4	0	9	14	22	12	4	3	41.03	0		7.757519
12	117	8	0	9	14	25	8	4	3	68.22	0		14.293865
4	32	2	0	12	0	20	17	3	8	48.09	0		4.651403
8	77	8	0	12	18	22	8	4	3	68.22	0		14.293865
8	68	1	0	9	3	16	12	5	4	36.30	1		0.969557
8	69	1	0	9	3	20	12	5	4	36.30	1		0.969557
8	75	7	0	0	3	19	9	3	8	103.09	1		9.040069
8	76	7	0	0	22	20	9	3	8	103.09	1		9.040069
14	128	2	0	18	22	0	17	3	8	48.09	0		4.651403
14	129	2	0	18	8	0	17	3	8	48.09	0		4.651403
14	130	2	0	18	11	0	17	3	8	48.09	0		4.651403
14	131	3	0	18	8	8	6	5	8	55.09	0		10.928803
14	132	3	0	18	8	16	6	5	8	55.09	0		10.928803
14	135	6	0	18	22	8	17	3	4	40.12	0		3.076361
14	137	9	0	18	22	12	14	3	4	112.24	0		17.564025
14	138	9	0	18	22	16	14	3	4	112.24	0		17.564025
14	133	4	0	21	3	0	12	4	3	41.03	0		7.757519
14	134	5	0	18	22	20	12	3	4	68.63	0		29.568598
14	139	10	0	12	18	25	9	4	3	72.73	0		30.221439
14	140	10	0	20	18	6	9	4	3	72.73	0		30.221439
14	141	10	0	20	18	9	9	4	3	72.73	0		30.221439
14	136	7	0	20	18	12	9	3	8	103.09	1		9.040069
4	31	2	0	29	14	0	17	3	8	48.09	0		4.651403
8	78	10	0	27	17	0	9	4	3	72.73	0		30.221439
4	33	2	0	26	14	8	17	3	8	48.09	0		4.651403
4	36	6	0	26	14	16	17	3	4	40.12	0		3.076361
4	38	9	0	18	22	24	14	3	4	112.24	0		17.564025
4	34	4	0	21	3	3	12	4	3	41.03	0		7.757519
4	37	7	0	21	3	6	9	3	8	103.09	1		9.040069
4	35	5	0	24	8	8	12	3	4	68.63	0		29.568598
10	94	6	0	26	14	20	17	3	4	40.12	0		3.076361
10	98	9	0	24	11	8	14	3	4	112.24	0		17.564025
10	99	9	0	24	8	12	14	3	4	112.24	0		17.564025
10	91	4	0	24	8	16	12	4	3	41.03	0		7.757519
10	92	5	0	24	11	12	12	3	4	68.63	0		29.568598
10	93	5	0	24	8	19	12	3	4	68.63	0		29.568598
10	100	10	0	24	8	23	9	4	3	72.73	0		30.221439
10	96	8	0	24	8	26	8	4	3	68.22	0		14.293865
10	97	8	0	29	17	3	8	4	3	68.22	0		14.293865
10	90	1	0	9	3	24	12	5	4	36.30	1		0.969557
10	95	7	0	21	3	14	9	3	8	103.09	1		9.040069
3	23	2	0	33	3	0	17	3	8	48.09	0		4.651403
3	24	2	0	30	3	8	17	3	8	48.09	0		4.651403
3	25	3	0	29	17	6	6	5	8	55.09	0		10.928803
3	28	6	0	30	3	16	17	3	4	40.12	0		3.076361
3	26	4	0	30	3	20	12	4	3	41.03	0		7.757519
3	27	5	0	30	3	23	12	3	4	68.63	0		29.568598
3	21	1	0	37	17	0	12	5	4	36.30	1		0.969557
3	22	1	0	37	17	4	12	5	4	36.30	1		0.969557
3	29	7	0	21	3	22	9	3	8	103.09	1		9.040069
3	30	7	0	34	0	0	9	3	8	103.09	1		9.040069
19	186	6	0	35	22	0	17	3	4	40.12	0		3.076361
19	183	2	0	35	22	4	17	3	8	48.09	0		4.651403
19	187	6	0	32	22	12	17	3	4	40.12	0		3.076361
19	188	6	0	32	22	16	17	3	4	40.12	0		3.076361
19	191	9	0	32	22	20	14	3	4	112.24	0		17.564025
19	184	4	0	30	3	27	12	4	3	41.03	0		7.757519
19	185	5	0	32	22	24	12	3	4	68.63	0		29.568598
19	189	8	0	29	17	14	8	4	3	68.22	0		14.293865
19	190	8	0	29	17	17	8	4	3	68.22	0		14.293865
19	180	1	0	35	17	8	12	5	4	36.30	1		0.969557
19	181	1	0	37	17	12	12	5	4	36.30	1		0.969557
19	182	1	0	37	17	16	12	5	4	36.30	1		0.969557
18	174	2	0	38	7	0	17	3	8	48.09	0		4.651403
18	175	3	0	46	10	0	6	5	8	55.09	0		10.928803
18	176	6	0	38	7	8	17	3	4	40.12	0		3.076361
18	177	9	0	38	7	12	14	3	4	112.24	0		17.564025
18	178	10	0	36	7	16	9	4	3	72.73	0		30.221439
18	179	10	0	36	7	19	9	4	3	72.73	0		30.221439
18	173	1	0	26	17	20	12	5	4	36.30	1		0.969557
12	111	3	0	36	7	22	6	5	8	55.09	0		10.928803
12	113	6	0	26	14	24	17	3	4	40.12	0		3.076361
12	112	4	1	52	10	0	12	4	3	41.03	0		7.757519
12	114	8	0	45	10	8	8	4	3	68.22	0		14.293865
12	115	8	0	45	10	11	8	4	3	68.22	0		14.293865
12	116	8	0	45	10	14	8	4	3	68.22	0		14.293865
9	87	7	0	0	14	17	9	3	8	103.09	1		9.040069
12	108	1	0	26	17	24	12	5	4	36.30	1		0.969557
12	109	1	0	38	17	20	12	5	4	36.30	1		0.969557
12	110	1	0	38	17	24	12	5	4	36.30	1		0.969557
17	166	3	0	45	10	17	6	5	8	55.09	0		10.928803
17	168	6	0	43	0	0	17	3	4	40.12	0		3.076361
17	172	9	0	43	0	4	14	3	4	112.24	0		17.564025
17	167	4	1	53	10	3	12	4	3	41.03	0		7.757519
17	170	8	0	45	10	25	8	4	3	68.22	0		14.293865
17	171	8	0	47	0	8	8	4	3	68.22	0		14.293865
17	163	1	1	53	10	6	12	5	4	36.30	1		0.969557
17	164	1	1	53	10	10	12	5	4	36.30	1		0.969557
17	165	1	1	53	10	14	12	5	4	36.30	1		0.969557
17	169	7	0	34	0	8	9	3	8	103.09	1		9.040069


