Name:				050_n020_m200_bt3_3366
Problem:			3L-VRPTW
Number_of_used_Vehicles:	1
Total_Travel_Distance:		213.09
Calculation_Time:		8.60
Total_Iterations:		1
ConstraintSet:			P1

-------------------------------------------------------------------------------------------------------------------
Tour_Id:			1
No_of_Customers:		7
No_of_Items:			82
Customer_Sequence:		12 2 11 10 5 7 13 

CustId	Id	TypeId	Rotated	x	y	z	Length	Width	Height	mass	Fragility	LoadBearingStrength
13	127	3	0	0	0	0	15	6	7	93.09	0		5.167659
13	128	3	0	0	6	0	15	6	7	93.09	0		5.167659
13	129	3	0	0	12	0	15	6	7	93.09	0		5.167659
13	130	3	0	0	18	0	15	6	7	93.09	0		5.167659
13	119	2	0	0	0	7	10	6	4	31.08	0		7.031607
13	120	2	0	0	6	7	10	6	4	31.08	0		7.031607
13	121	2	0	0	12	7	10	6	4	31.08	0		7.031607
13	122	2	0	0	18	7	10	6	4	31.08	0		7.031607
13	123	2	0	0	0	11	10	6	4	31.08	0		7.031607
13	124	2	0	0	6	11	10	6	4	31.08	0		7.031607
13	125	2	0	0	12	11	10	6	4	31.08	0		7.031607
13	126	2	0	0	18	11	10	6	4	31.08	0		7.031607
13	116	1	0	0	0	15	9	3	8	79.83	1		9.329170
13	117	1	0	0	3	15	9	3	8	79.83	1		9.329170
13	118	1	0	0	6	15	9	3	8	79.83	1		9.329170
7	59	3	1	0	9	15	15	6	7	93.09	0		5.167659
7	60	3	1	0	9	22	15	6	7	93.09	0		5.167659
7	61	3	1	10	0	7	15	6	7	93.09	0		5.167659
7	56	2	1	10	15	7	10	6	4	31.08	0		7.031607
7	57	2	1	10	15	11	10	6	4	31.08	0		7.031607
7	58	2	1	6	9	15	10	6	4	31.08	0		7.031607
7	47	1	0	6	19	15	9	3	8	79.83	1		9.329170
7	48	1	0	6	22	15	9	3	8	79.83	1		9.329170
7	49	1	1	6	9	19	9	3	8	79.83	1		9.329170
7	50	1	1	9	9	19	9	3	8	79.83	1		9.329170
7	51	1	1	10	0	14	9	3	8	79.83	1		9.329170
7	52	1	1	10	0	22	9	3	8	79.83	1		9.329170
7	53	1	1	13	0	14	9	3	8	79.83	1		9.329170
7	54	1	1	13	0	22	9	3	8	79.83	1		9.329170
7	55	1	0	16	0	0	9	3	8	79.83	1		9.329170
5	36	3	0	16	3	0	15	6	7	93.09	0		5.167659
5	34	2	0	16	9	0	10	6	4	31.08	0		7.031607
5	35	2	0	16	15	0	10	6	4	31.08	0		7.031607
5	30	1	0	16	21	0	9	3	8	79.83	1		9.329170
5	31	1	0	16	9	4	9	3	8	79.83	1		9.329170
5	32	1	0	16	12	4	9	3	8	79.83	1		9.329170
5	33	1	0	16	15	4	9	3	8	79.83	1		9.329170
10	87	3	0	16	3	7	15	6	7	93.09	0		5.167659
10	88	3	0	16	3	14	15	6	7	93.09	0		5.167659
10	89	3	0	16	3	21	15	6	7	93.09	0		5.167659
10	90	3	0	26	9	0	15	6	7	93.09	0		5.167659
10	91	3	0	26	15	0	15	6	7	93.09	0		5.167659
10	92	3	0	25	9	7	15	6	7	93.09	0		5.167659
10	85	2	0	25	15	7	10	6	4	31.08	0		7.031607
10	86	2	0	25	15	11	10	6	4	31.08	0		7.031607
10	81	1	0	16	18	4	9	3	8	79.83	1		9.329170
10	82	1	0	16	0	8	9	3	8	79.83	1		9.329170
10	83	1	0	16	21	8	9	3	8	79.83	1		9.329170
10	84	1	0	16	9	12	9	3	8	79.83	1		9.329170
11	101	3	0	25	9	14	15	6	7	93.09	0		5.167659
11	102	3	0	25	9	21	15	6	7	93.09	0		5.167659
11	103	3	0	31	0	0	15	6	7	93.09	0		5.167659
11	96	2	0	25	15	15	10	6	4	31.08	0		7.031607
11	97	2	0	25	15	19	10	6	4	31.08	0		7.031607
11	98	2	0	25	15	23	10	6	4	31.08	0		7.031607
11	99	2	0	31	0	7	10	6	4	31.08	0		7.031607
11	100	2	0	31	0	11	10	6	4	31.08	0		7.031607
11	93	1	0	16	0	16	9	3	8	79.83	1		9.329170
11	94	1	0	15	21	16	9	3	8	79.83	1		9.329170
11	95	1	0	16	9	20	9	3	8	79.83	1		9.329170
2	17	3	0	41	6	0	15	6	7	93.09	0		5.167659
2	18	3	0	40	6	7	15	6	7	93.09	0		5.167659
2	14	2	0	31	0	15	10	6	4	31.08	0		7.031607
2	15	2	0	31	0	19	10	6	4	31.08	0		7.031607
2	16	2	0	31	0	23	10	6	4	31.08	0		7.031607
2	9	1	0	25	21	0	9	3	8	79.83	1		9.329170
2	10	1	0	25	21	8	9	3	8	79.83	1		9.329170
2	11	1	0	24	21	16	9	3	8	79.83	1		9.329170
2	12	1	0	31	6	0	9	3	8	79.83	1		9.329170
2	13	1	0	31	6	8	9	3	8	79.83	1		9.329170
12	113	3	0	40	6	14	15	6	7	93.09	0		5.167659
12	114	3	0	40	6	21	15	6	7	93.09	0		5.167659
12	115	3	0	41	12	0	15	6	7	93.09	0		5.167659
12	109	2	0	35	15	7	10	6	4	31.08	0		7.031607
12	110	2	0	35	15	11	10	6	4	31.08	0		7.031607
12	111	2	0	35	15	15	10	6	4	31.08	0		7.031607
12	112	2	0	35	15	19	10	6	4	31.08	0		7.031607
12	104	1	0	31	6	16	9	3	8	79.83	1		9.329170
12	105	1	0	34	21	0	9	3	8	79.83	1		9.329170
12	106	1	0	34	21	8	9	3	8	79.83	1		9.329170
12	107	1	0	33	21	16	9	3	8	79.83	1		9.329170
12	108	1	0	40	12	7	9	3	8	79.83	1		9.329170


