Name:				259_n100_m200_bt3_11687
Problem:			3L-VRPTW
Number_of_used_Vehicles:	1
Total_Travel_Distance:		2952.03
Calculation_Time:		31.78
Total_Iterations:		1
ConstraintSet:			P1

-------------------------------------------------------------------------------------------------------------------
Tour_Id:			1
No_of_Customers:		71
No_of_Items:			144
Customer_Sequence:		25 30 2 61 31 68 19 53 34 57 12 5 17 32 18 11 22 14 27 41 21 73 45 65 9 10 13 58 20 24 63 35 55 23 26 71 69 67 52 37 3 33 47 54 43 28 50 49 38 51 15 56 62 70 29 16 64 66 48 60 42 36 74 39 8 59 40 7 46 1 6 

CustId	Id	TypeId	Rotated	x	y	z	Length	Width	Height	mass	Fragility	LoadBearingStrength
6	9	2	0	0	0	0	6	6	7	216.36	1		7.545438
6	10	2	0	0	6	0	6	6	7	216.36	1		7.545438
1	1	3	0	0	12	0	14	2	5	116.90	0		63.572415
1	2	3	0	0	14	0	14	2	5	116.90	0		63.572415
46	84	2	0	0	16	0	6	6	7	216.36	1		7.545438
7	11	2	0	0	0	7	6	6	7	216.36	1		7.545438
40	74	1	0	0	22	0	9	3	7	227.54	0		84.604200
40	75	3	0	0	12	5	14	2	5	116.90	0		63.572415
59	111	1	0	0	22	7	9	3	7	227.54	0		84.604200
59	112	1	0	0	22	14	9	3	7	227.54	0		84.604200
59	113	3	0	0	14	5	14	2	5	116.90	0		63.572415
8	13	3	0	0	12	10	14	2	5	116.90	0		63.572415
8	12	2	0	0	6	7	6	6	7	216.36	1		7.545438
39	71	1	0	6	0	0	9	3	7	227.54	0		84.604200
39	73	3	0	0	14	10	14	2	5	116.90	0		63.572415
39	72	2	0	0	16	7	6	6	7	216.36	1		7.545438
74	146	1	0	0	12	15	9	3	7	227.54	0		84.604200
74	147	1	0	0	22	21	9	3	7	227.54	0		84.604200
74	148	1	0	0	12	22	9	3	7	227.54	0		84.604200
36	67	3	0	6	3	0	14	2	5	116.90	0		63.572415
42	77	1	0	6	5	0	9	3	7	227.54	0		84.604200
42	78	1	0	6	8	0	9	3	7	227.54	0		84.604200
60	114	1	0	6	16	0	9	3	7	227.54	0		84.604200
60	116	3	0	6	19	0	14	2	5	116.90	0		63.572415
60	115	2	0	0	0	14	6	6	7	216.36	1		7.545438
48	88	1	0	6	0	7	9	3	7	227.54	0		84.604200
66	128	3	0	6	3	5	14	2	5	116.90	0		63.572415
66	129	3	0	6	19	5	14	2	5	116.90	0		63.572415
66	130	3	0	6	3	10	14	2	5	116.90	0		63.572415
64	124	3	0	6	19	10	14	2	5	116.90	0		63.572415
64	125	3	0	6	3	15	14	2	5	116.90	0		63.572415
64	123	2	0	0	6	14	6	6	7	216.36	1		7.545438
16	30	1	0	6	5	7	9	3	7	227.54	0		84.604200
16	31	1	0	6	8	7	9	3	7	227.54	0		84.604200
16	32	1	0	6	16	7	9	3	7	227.54	0		84.604200
29	53	1	0	6	0	14	9	3	7	227.54	0		84.604200
29	54	1	0	6	5	14	9	3	7	227.54	0		84.604200
70	136	3	0	6	19	15	14	2	5	116.90	0		63.572415
70	137	3	0	6	3	20	14	2	5	116.90	0		63.572415
70	135	2	0	0	0	21	6	6	7	216.36	1		7.545438
62	119	1	0	6	8	14	9	3	7	227.54	0		84.604200
62	120	2	0	0	6	21	6	6	7	216.36	1		7.545438
56	106	3	0	6	19	20	14	2	5	116.90	0		63.572415
56	107	3	0	6	3	25	14	2	5	116.90	0		63.572415
56	105	2	0	6	5	21	6	6	7	216.36	1		7.545438
15	28	3	0	6	19	25	14	2	5	116.90	0		63.572415
15	29	3	0	9	21	0	14	2	5	116.90	0		63.572415
51	94	1	0	6	16	14	9	3	7	227.54	0		84.604200
51	95	1	0	6	0	21	9	3	7	227.54	0		84.604200
51	96	1	0	6	16	21	9	3	7	227.54	0		84.604200
38	70	1	0	14	11	0	9	3	7	227.54	0		84.604200
49	89	1	0	14	11	7	9	3	7	227.54	0		84.604200
49	90	1	0	14	11	14	9	3	7	227.54	0		84.604200
49	91	3	0	9	23	0	14	2	5	116.90	0		63.572415
50	92	1	0	9	21	5	9	3	7	227.54	0		84.604200
50	93	3	0	14	14	0	14	2	5	116.90	0		63.572415
28	52	3	0	14	14	5	14	2	5	116.90	0		63.572415
43	79	1	0	9	21	12	9	3	7	227.54	0		84.604200
43	80	2	0	15	5	0	6	6	7	216.36	1		7.545438
54	101	1	0	9	21	19	9	3	7	227.54	0		84.604200
47	85	1	1	12	5	21	9	3	7	227.54	0		84.604200
47	86	3	0	14	14	10	14	2	5	116.90	0		63.572415
47	87	3	0	9	14	15	14	2	5	116.90	0		63.572415
33	61	3	0	9	14	20	14	2	5	116.90	0		63.572415
33	62	3	0	9	14	25	14	2	5	116.90	0		63.572415
33	63	3	0	15	0	0	14	2	5	116.90	0		63.572415
3	6	3	0	15	16	0	14	2	5	116.90	0		63.572415
37	68	3	0	15	0	5	14	2	5	116.90	0		63.572415
37	69	3	0	15	16	5	14	2	5	116.90	0		63.572415
52	97	1	0	20	18	0	9	3	7	227.54	0		84.604200
52	98	1	0	20	18	7	9	3	7	227.54	0		84.604200
52	99	3	0	15	0	10	14	2	5	116.90	0		63.572415
67	131	2	0	15	5	7	6	6	7	216.36	1		7.545438
69	134	3	0	15	16	10	14	2	5	116.90	0		63.572415
69	133	2	0	15	5	14	6	6	7	216.36	1		7.545438
71	138	1	0	20	18	14	9	3	7	227.54	0		84.604200
71	140	3	0	15	0	15	14	2	5	116.90	0		63.572415
71	139	2	0	15	5	21	6	6	7	216.36	1		7.545438
26	48	1	0	15	11	21	9	3	7	227.54	0		84.604200
26	50	3	0	15	16	15	14	2	5	116.90	0		63.572415
26	49	2	0	21	2	0	6	6	7	216.36	1		7.545438
23	41	1	0	20	18	21	9	3	7	227.54	0		84.604200
23	42	1	0	21	8	0	9	3	7	227.54	0		84.604200
23	43	2	0	21	2	7	6	6	7	216.36	1		7.545438
55	102	3	0	15	0	20	14	2	5	116.90	0		63.572415
55	103	3	0	15	16	20	14	2	5	116.90	0		63.572415
55	104	3	0	15	0	25	14	2	5	116.90	0		63.572415
35	66	2	0	21	2	14	6	6	7	216.36	1		7.545438
63	122	3	0	15	16	25	14	2	5	116.90	0		63.572415
63	121	2	0	21	2	21	6	6	7	216.36	1		7.545438
24	44	1	0	21	8	7	9	3	7	227.54	0		84.604200
24	45	3	0	23	21	0	14	2	5	116.90	0		63.572415
20	37	2	0	27	2	0	6	6	7	216.36	1		7.545438
58	109	1	0	18	21	5	9	3	7	227.54	0		84.604200
58	110	3	0	23	23	0	14	2	5	116.90	0		63.572415
13	23	2	0	27	2	7	6	6	7	216.36	1		7.545438
13	24	2	0	27	2	14	6	6	7	216.36	1		7.545438
10	17	3	0	24	11	0	14	2	5	116.90	0		63.572415
10	18	3	0	24	11	5	14	2	5	116.90	0		63.572415
9	14	1	0	18	21	12	9	3	7	227.54	0		84.604200
9	16	3	0	24	11	10	14	2	5	116.90	0		63.572415
9	15	2	0	27	2	21	6	6	7	216.36	1		7.545438
65	126	2	0	29	13	0	6	6	7	216.36	1		7.545438
65	127	2	0	29	13	7	6	6	7	216.36	1		7.545438
45	82	1	0	18	21	19	9	3	7	227.54	0		84.604200
45	83	3	0	24	11	15	14	2	5	116.90	0		63.572415
73	145	3	0	24	11	20	14	2	5	116.90	0		63.572415
73	143	2	0	29	13	14	6	6	7	216.36	1		7.545438
73	144	2	0	29	13	21	6	6	7	216.36	1		7.545438
21	38	3	0	24	11	25	14	2	5	116.90	0		63.572415
41	76	2	0	33	0	0	6	6	7	216.36	1		7.545438
27	51	1	0	21	8	14	9	3	7	227.54	0		84.604200
14	25	2	0	33	0	7	6	6	7	216.36	1		7.545438
14	26	2	0	33	0	14	6	6	7	216.36	1		7.545438
14	27	2	0	33	0	21	6	6	7	216.36	1		7.545438
22	39	1	0	21	8	21	9	3	7	227.54	0		84.604200
22	40	2	0	35	13	0	6	6	7	216.36	1		7.545438
11	19	1	0	27	21	5	9	3	7	227.54	0		84.604200
11	20	2	0	35	13	7	6	6	7	216.36	1		7.545438
18	34	3	0	29	19	0	14	2	5	116.90	0		63.572415
32	59	1	0	27	21	12	9	3	7	227.54	0		84.604200
32	60	3	0	29	19	5	14	2	5	116.90	0		63.572415
17	33	1	0	27	21	19	9	3	7	227.54	0		84.604200
5	8	3	0	29	19	10	14	2	5	116.90	0		63.572415
12	21	1	0	30	8	0	9	3	7	227.54	0		84.604200
12	22	3	0	29	19	15	14	2	5	116.90	0		63.572415
57	108	1	0	30	8	7	9	3	7	227.54	0		84.604200
34	64	1	0	30	8	14	9	3	7	227.54	0		84.604200
34	65	3	0	29	19	20	14	2	5	116.90	0		63.572415
53	100	2	0	35	13	14	6	6	7	216.36	1		7.545438
19	35	1	0	30	8	21	9	3	7	227.54	0		84.604200
19	36	2	0	35	13	21	6	6	7	216.36	1		7.545438
68	132	1	0	37	21	0	9	3	7	227.54	0		84.604200
31	56	1	0	36	21	7	9	3	7	227.54	0		84.604200
31	58	3	0	29	19	25	14	2	5	116.90	0		63.572415
31	57	2	0	39	0	0	6	6	7	216.36	1		7.545438
61	117	1	0	36	21	14	9	3	7	227.54	0		84.604200
61	118	1	0	36	21	21	9	3	7	227.54	0		84.604200
2	3	1	0	39	6	0	9	3	7	227.54	0		84.604200
2	4	1	0	39	9	0	9	3	7	227.54	0		84.604200
2	5	2	0	39	0	7	6	6	7	216.36	1		7.545438
30	55	3	0	41	12	0	14	2	5	116.90	0		63.572415
25	46	1	0	39	6	7	9	3	7	227.54	0		84.604200
25	47	2	0	39	0	14	6	6	7	216.36	1		7.545438


