Name:				304_n020_m400_bt3_13693
Problem:			3L-VRPTW
Number_of_used_Vehicles:	1
Total_Travel_Distance:		257.25
Calculation_Time:		30.81
Total_Iterations:		1
ConstraintSet:			P1

-------------------------------------------------------------------------------------------------------------------
Tour_Id:			1
No_of_Customers:		6
No_of_Items:			127
Customer_Sequence:		5 13 7 11 10 4 

CustId	Id	TypeId	Rotated	x	y	z	Length	Width	Height	mass	Fragility	LoadBearingStrength
4	74	2	0	0	0	0	10	3	7	70.29	0		11.706376
4	73	2	0	0	3	0	10	3	7	70.29	0		11.706376
4	72	2	0	0	6	0	10	3	7	70.29	0		11.706376
4	71	2	0	0	9	0	10	3	7	70.29	0		11.706376
4	70	2	0	0	12	0	10	3	7	70.29	0		11.706376
4	69	2	0	0	15	0	10	3	7	70.29	0		11.706376
4	79	3	0	0	18	0	6	5	4	32.93	0		4.961138
4	78	3	0	0	0	7	6	5	4	32.93	0		4.961138
4	77	3	0	0	18	4	6	5	4	32.93	0		4.961138
4	76	3	0	0	5	7	6	5	4	32.93	0		4.961138
4	75	3	0	0	10	7	6	5	4	32.93	0		4.961138
4	68	1	1	0	0	11	13	5	5	76.10	1		1.546798
4	67	1	1	0	0	16	13	5	5	76.10	1		1.546798
4	66	1	1	0	0	21	13	5	5	76.10	1		1.546798
4	65	1	0	6	18	0	13	5	5	76.10	1		1.546798
4	64	1	0	6	18	5	13	5	5	76.10	1		1.546798
4	63	1	1	6	0	7	13	5	5	76.10	1		1.546798
4	62	1	1	5	0	12	13	5	5	76.10	1		1.546798
4	61	1	1	5	0	17	13	5	5	76.10	1		1.546798
4	60	1	1	5	0	22	13	5	5	76.10	1		1.546798
4	59	1	0	6	18	10	13	5	5	76.10	1		1.546798
10	175	2	0	0	15	7	10	3	7	70.29	0		11.706376
10	176	2	0	0	15	14	10	3	7	70.29	0		11.706376
10	177	2	0	0	15	21	10	3	7	70.29	0		11.706376
10	178	2	0	10	13	0	10	3	7	70.29	0		11.706376
10	179	2	0	10	13	7	10	3	7	70.29	0		11.706376
10	180	2	0	10	13	14	10	3	7	70.29	0		11.706376
10	181	2	0	10	13	21	10	3	7	70.29	0		11.706376
10	182	2	0	11	0	0	10	3	7	70.29	0		11.706376
10	183	2	0	11	3	0	10	3	7	70.29	0		11.706376
10	184	2	0	11	6	0	10	3	7	70.29	0		11.706376
10	191	3	0	11	0	7	6	5	4	32.93	0		4.961138
10	190	3	0	11	5	7	6	5	4	32.93	0		4.961138
10	189	3	0	11	0	11	6	5	4	32.93	0		4.961138
10	188	3	0	10	0	15	6	5	4	32.93	0		4.961138
10	187	3	0	10	0	19	6	5	4	32.93	0		4.961138
10	186	3	0	10	0	23	6	5	4	32.93	0		4.961138
10	185	3	0	11	5	11	6	5	4	32.93	0		4.961138
10	174	1	0	6	18	15	13	5	5	76.10	1		1.546798
10	173	1	0	6	18	20	13	5	5	76.10	1		1.546798
10	172	1	0	6	18	25	13	5	5	76.10	1		1.546798
10	171	1	0	19	16	0	13	5	5	76.10	1		1.546798
11	198	2	0	11	10	0	10	3	7	70.29	0		11.706376
11	199	2	0	11	10	7	10	3	7	70.29	0		11.706376
11	200	2	0	10	10	14	10	3	7	70.29	0		11.706376
11	201	2	0	10	10	21	10	3	7	70.29	0		11.706376
11	202	2	1	17	0	7	10	3	7	70.29	0		11.706376
11	203	2	1	17	0	14	10	3	7	70.29	0		11.706376
11	214	3	0	10	5	15	6	5	4	32.93	0		4.961138
11	213	3	0	10	5	19	6	5	4	32.93	0		4.961138
11	212	3	0	10	5	23	6	5	4	32.93	0		4.961138
11	211	3	0	21	0	0	6	5	4	32.93	0		4.961138
11	210	3	0	21	5	0	6	5	4	32.93	0		4.961138
11	209	3	0	21	10	0	6	5	4	32.93	0		4.961138
11	208	3	0	21	0	4	6	5	4	32.93	0		4.961138
11	207	3	0	20	0	8	6	5	4	32.93	0		4.961138
11	206	3	0	20	0	12	6	5	4	32.93	0		4.961138
11	205	3	0	20	0	16	6	5	4	32.93	0		4.961138
11	204	3	0	20	0	20	6	5	4	32.93	0		4.961138
11	197	1	0	19	16	5	13	5	5	76.10	1		1.546798
11	196	1	0	19	16	10	13	5	5	76.10	1		1.546798
11	195	1	0	19	16	15	13	5	5	76.10	1		1.546798
11	194	1	0	19	16	20	13	5	5	76.10	1		1.546798
11	193	1	0	19	16	25	13	5	5	76.10	1		1.546798
11	192	1	0	27	0	0	13	5	5	76.10	1		1.546798
7	123	2	0	19	21	0	10	3	7	70.29	0		11.706376
7	124	2	0	19	21	7	10	3	7	70.29	0		11.706376
7	125	2	0	19	21	14	10	3	7	70.29	0		11.706376
7	126	2	0	19	21	21	10	3	7	70.29	0		11.706376
7	127	2	1	21	5	4	10	3	7	70.29	0		11.706376
7	128	2	1	21	5	11	10	3	7	70.29	0		11.706376
7	129	2	1	21	5	18	10	3	7	70.29	0		11.706376
7	130	2	1	24	5	4	10	3	7	70.29	0		11.706376
7	131	2	1	24	5	11	10	3	7	70.29	0		11.706376
7	132	2	1	24	5	18	10	3	7	70.29	0		11.706376
7	138	3	0	20	0	24	6	5	4	32.93	0		4.961138
7	137	3	0	21	5	25	6	5	4	32.93	0		4.961138
7	136	3	0	20	10	25	6	5	4	32.93	0		4.961138
7	135	3	0	27	5	0	6	5	4	32.93	0		4.961138
7	134	3	0	27	10	0	6	5	4	32.93	0		4.961138
7	133	3	0	27	5	4	6	5	4	32.93	0		4.961138
7	122	1	0	27	0	5	13	5	5	76.10	1		1.546798
7	121	1	0	26	0	10	13	5	5	76.10	1		1.546798
7	120	1	0	26	0	15	13	5	5	76.10	1		1.546798
7	119	1	0	26	0	20	13	5	5	76.10	1		1.546798
7	118	1	0	26	0	25	13	5	5	76.10	1		1.546798
7	117	1	0	32	15	0	13	5	5	76.10	1		1.546798
13	247	2	0	29	21	0	10	3	7	70.29	0		11.706376
13	248	2	0	29	21	7	10	3	7	70.29	0		11.706376
13	249	2	0	29	21	14	10	3	7	70.29	0		11.706376
13	250	2	0	29	21	21	10	3	7	70.29	0		11.706376
13	251	2	0	33	5	0	10	3	7	70.29	0		11.706376
13	252	2	0	33	8	0	10	3	7	70.29	0		11.706376
13	261	3	0	27	10	4	6	5	4	32.93	0		4.961138
13	260	3	0	27	5	8	6	5	4	32.93	0		4.961138
13	259	3	0	27	10	8	6	5	4	32.93	0		4.961138
13	258	3	0	27	5	12	6	5	4	32.93	0		4.961138
13	257	3	0	27	10	12	6	5	4	32.93	0		4.961138
13	256	3	0	27	5	16	6	5	4	32.93	0		4.961138
13	255	3	0	27	10	16	6	5	4	32.93	0		4.961138
13	254	3	0	27	5	20	6	5	4	32.93	0		4.961138
13	253	3	0	27	10	20	6	5	4	32.93	0		4.961138
13	246	1	0	32	15	5	13	5	5	76.10	1		1.546798
13	245	1	0	32	15	10	13	5	5	76.10	1		1.546798
13	244	1	0	32	15	15	13	5	5	76.10	1		1.546798
13	243	1	0	32	15	20	13	5	5	76.10	1		1.546798
13	242	1	0	32	15	25	13	5	5	76.10	1		1.546798
13	241	1	0	33	5	7	13	5	5	76.10	1		1.546798
13	240	1	0	33	5	12	13	5	5	76.10	1		1.546798
13	239	1	0	33	5	17	13	5	5	76.10	1		1.546798
5	83	2	0	33	11	0	10	3	7	70.29	0		11.706376
5	84	2	0	33	10	7	10	3	7	70.29	0		11.706376
5	85	2	0	33	10	14	10	3	7	70.29	0		11.706376
5	86	2	0	33	10	21	10	3	7	70.29	0		11.706376
5	87	2	0	39	20	0	10	3	7	70.29	0		11.706376
5	88	2	0	39	20	7	10	3	7	70.29	0		11.706376
5	89	2	0	39	20	14	10	3	7	70.29	0		11.706376
5	90	2	0	39	20	21	10	3	7	70.29	0		11.706376
5	91	2	0	40	0	0	10	3	7	70.29	0		11.706376
5	92	2	0	40	0	7	10	3	7	70.29	0		11.706376
5	93	2	0	39	0	14	10	3	7	70.29	0		11.706376
5	96	3	0	27	5	24	6	5	4	32.93	0		4.961138
5	95	3	0	27	10	24	6	5	4	32.93	0		4.961138
5	94	3	0	43	10	0	6	5	4	32.93	0		4.961138
5	82	1	0	33	5	22	13	5	5	76.10	1		1.546798
5	81	1	0	45	15	0	13	5	5	76.10	1		1.546798
5	80	1	0	45	15	5	13	5	5	76.10	1		1.546798


