Name:				305_n020_m400_bt3_13822
Problem:			3L-VRPTW
Number_of_used_Vehicles:	1
Total_Travel_Distance:		221.09
Calculation_Time:		30.54
Total_Iterations:		1
ConstraintSet:			P1

-------------------------------------------------------------------------------------------------------------------
Tour_Id:			1
No_of_Customers:		6
No_of_Items:			128
Customer_Sequence:		10 4 12 9 11 7 

CustId	Id	TypeId	Rotated	x	y	z	Length	Width	Height	mass	Fragility	LoadBearingStrength
7	122	1	0	0	0	0	16	6	3	65.27	0		5.968407
7	123	1	0	0	6	0	16	6	3	65.27	0		5.968407
7	124	1	0	0	12	0	16	6	3	65.27	0		5.968407
7	125	1	0	0	18	0	16	6	3	65.27	0		5.968407
7	126	1	0	0	0	3	16	6	3	65.27	0		5.968407
7	127	1	0	0	6	3	16	6	3	65.27	0		5.968407
7	121	1	0	0	12	3	16	6	3	65.27	0		5.968407
7	140	3	0	0	18	3	8	4	6	58.44	0		9.124014
7	139	3	0	0	0	6	8	4	6	58.44	0		9.124014
7	138	3	0	0	4	6	8	4	6	58.44	0		9.124014
7	137	3	0	0	8	6	8	4	6	58.44	0		9.124014
7	132	2	0	0	12	6	17	3	3	63.19	1		1.961843
7	133	2	0	0	15	6	17	3	3	63.19	1		1.961843
7	134	2	0	0	12	9	17	3	3	63.19	1		1.961843
7	135	2	0	0	15	9	17	3	3	63.19	1		1.961843
7	136	2	1	0	0	12	17	3	3	63.19	1		1.961843
7	131	2	1	0	0	15	17	3	3	63.19	1		1.961843
7	130	2	1	0	0	18	17	3	3	63.19	1		1.961843
7	129	2	1	0	0	21	17	3	3	63.19	1		1.961843
7	128	2	1	0	0	24	17	3	3	63.19	1		1.961843
11	204	1	0	16	0	0	16	6	3	65.27	0		5.968407
11	205	1	0	16	6	0	16	6	3	65.27	0		5.968407
11	206	1	0	16	18	0	16	6	3	65.27	0		5.968407
11	207	1	0	8	18	3	16	6	3	65.27	0		5.968407
11	214	3	0	0	18	9	8	4	6	58.44	0		9.124014
11	215	3	0	0	17	15	8	4	6	58.44	0		9.124014
11	216	3	0	0	17	21	8	4	6	58.44	0		9.124014
11	217	3	1	3	0	12	8	4	6	58.44	0		9.124014
11	218	3	1	3	0	18	8	4	6	58.44	0		9.124014
11	208	2	1	0	0	27	17	3	3	63.19	1		1.961843
11	209	2	0	8	18	6	17	3	3	63.19	1		1.961843
11	210	2	0	8	21	6	17	3	3	63.19	1		1.961843
11	211	2	0	8	18	9	17	3	3	63.19	1		1.961843
11	212	2	0	8	21	9	17	3	3	63.19	1		1.961843
11	213	2	0	8	18	12	17	3	3	63.19	1		1.961843
9	163	1	0	16	0	3	16	6	3	65.27	0		5.968407
9	172	1	0	8	0	6	16	6	3	65.27	0		5.968407
9	171	1	0	8	0	9	16	6	3	65.27	0		5.968407
9	170	1	0	7	0	12	16	6	3	65.27	0		5.968407
9	169	1	0	7	0	15	16	6	3	65.27	0		5.968407
9	168	1	0	7	0	18	16	6	3	65.27	0		5.968407
9	167	1	0	7	0	21	16	6	3	65.27	0		5.968407
9	166	1	0	3	0	24	16	6	3	65.27	0		5.968407
9	165	1	0	3	0	27	16	6	3	65.27	0		5.968407
9	164	1	0	16	6	3	16	6	3	65.27	0		5.968407
9	162	1	0	8	6	6	16	6	3	65.27	0		5.968407
9	178	3	0	8	6	9	8	4	6	58.44	0		9.124014
9	179	3	0	7	6	15	8	4	6	58.44	0		9.124014
9	180	3	0	7	6	21	8	4	6	58.44	0		9.124014
9	181	3	0	16	6	9	8	4	6	58.44	0		9.124014
9	182	3	0	15	6	15	8	4	6	58.44	0		9.124014
9	173	2	0	8	21	12	17	3	3	63.19	1		1.961843
9	174	2	0	8	18	15	17	3	3	63.19	1		1.961843
9	175	2	0	8	21	15	17	3	3	63.19	1		1.961843
9	176	2	0	8	18	18	17	3	3	63.19	1		1.961843
9	177	2	0	8	21	18	17	3	3	63.19	1		1.961843
12	220	1	0	17	12	0	16	6	3	65.27	0		5.968407
12	219	1	0	17	12	3	16	6	3	65.27	0		5.968407
12	226	1	0	17	12	6	16	6	3	65.27	0		5.968407
12	225	1	0	17	10	9	16	6	3	65.27	0		5.968407
12	224	1	0	17	10	12	16	6	3	65.27	0		5.968407
12	223	1	0	15	10	15	16	6	3	65.27	0		5.968407
12	222	1	0	15	10	18	16	6	3	65.27	0		5.968407
12	221	1	0	15	10	21	16	6	3	65.27	0		5.968407
12	245	3	0	15	6	21	8	4	6	58.44	0		9.124014
12	244	3	0	15	10	24	8	4	6	58.44	0		9.124014
12	243	3	0	23	10	24	8	4	6	58.44	0		9.124014
12	242	3	0	24	0	6	8	4	6	58.44	0		9.124014
12	241	3	0	23	0	12	8	4	6	58.44	0		9.124014
12	240	3	0	23	0	18	8	4	6	58.44	0		9.124014
12	239	3	0	19	0	24	8	4	6	58.44	0		9.124014
12	238	3	0	24	4	6	8	4	6	58.44	0		9.124014
12	237	3	0	24	4	12	8	4	6	58.44	0		9.124014
12	236	3	0	23	4	18	8	4	6	58.44	0		9.124014
12	235	2	0	3	6	27	17	3	3	63.19	1		1.961843
12	234	2	0	8	18	21	17	3	3	63.19	1		1.961843
12	233	2	0	8	21	21	17	3	3	63.19	1		1.961843
12	232	2	0	8	18	24	17	3	3	63.19	1		1.961843
12	231	2	0	0	17	27	17	3	3	63.19	1		1.961843
12	230	2	0	8	21	24	17	3	3	63.19	1		1.961843
12	229	2	0	8	21	27	17	3	3	63.19	1		1.961843
12	228	2	0	32	0	0	17	3	3	63.19	1		1.961843
12	227	2	0	32	3	0	17	3	3	63.19	1		1.961843
4	57	1	0	32	18	0	16	6	3	65.27	0		5.968407
4	58	1	0	25	18	3	16	6	3	65.27	0		5.968407
4	59	1	0	25	18	6	16	6	3	65.27	0		5.968407
4	60	1	0	25	16	9	16	6	3	65.27	0		5.968407
4	61	1	0	25	16	12	16	6	3	65.27	0		5.968407
4	62	1	0	25	16	15	16	6	3	65.27	0		5.968407
4	56	1	0	25	16	18	16	6	3	65.27	0		5.968407
4	79	3	0	23	4	24	8	4	6	58.44	0		9.124014
4	78	3	0	25	16	21	8	4	6	58.44	0		9.124014
4	77	3	0	32	6	0	8	4	6	58.44	0		9.124014
4	76	3	0	32	6	6	8	4	6	58.44	0		9.124014
4	75	3	0	32	6	12	8	4	6	58.44	0		9.124014
4	74	3	0	31	6	18	8	4	6	58.44	0		9.124014
4	69	2	0	17	17	27	17	3	3	63.19	1		1.961843
4	70	2	0	32	0	3	17	3	3	63.19	1		1.961843
4	71	2	0	32	3	3	17	3	3	63.19	1		1.961843
4	72	2	0	32	0	6	17	3	3	63.19	1		1.961843
4	73	2	0	32	3	6	17	3	3	63.19	1		1.961843
4	68	2	0	32	0	9	17	3	3	63.19	1		1.961843
4	67	2	0	31	0	12	17	3	3	63.19	1		1.961843
4	66	2	0	31	0	15	17	3	3	63.19	1		1.961843
4	65	2	0	31	0	18	17	3	3	63.19	1		1.961843
4	64	2	0	31	0	21	17	3	3	63.19	1		1.961843
4	63	2	0	27	0	24	17	3	3	63.19	1		1.961843
10	184	1	0	33	10	0	16	6	3	65.27	0		5.968407
10	185	1	0	33	10	3	16	6	3	65.27	0		5.968407
10	186	1	0	33	10	6	16	6	3	65.27	0		5.968407
10	187	1	0	33	10	9	16	6	3	65.27	0		5.968407
10	188	1	0	33	10	12	16	6	3	65.27	0		5.968407
10	189	1	0	31	10	15	16	6	3	65.27	0		5.968407
10	190	1	0	31	10	18	16	6	3	65.27	0		5.968407
10	191	1	0	31	10	21	16	6	3	65.27	0		5.968407
10	192	1	0	31	10	24	16	6	3	65.27	0		5.968407
10	183	1	0	31	10	27	16	6	3	65.27	0		5.968407
10	203	3	0	31	6	24	8	4	6	58.44	0		9.124014
10	202	3	0	40	6	0	8	4	6	58.44	0		9.124014
10	201	3	0	40	6	6	8	4	6	58.44	0		9.124014
10	200	3	0	40	6	12	8	4	6	58.44	0		9.124014
10	199	3	0	39	6	18	8	4	6	58.44	0		9.124014
10	198	3	0	39	6	24	8	4	6	58.44	0		9.124014
10	197	3	0	41	18	3	8	4	6	58.44	0		9.124014
10	196	2	0	27	0	27	17	3	3	63.19	1		1.961843
10	195	2	0	32	3	9	17	3	3	63.19	1		1.961843
10	194	2	0	32	3	12	17	3	3	63.19	1		1.961843
10	193	2	0	32	3	15	17	3	3	63.19	1		1.961843


