Name:				307_n020_m400_bt10_13906
Problem:			3L-VRPTW
Number_of_used_Vehicles:	1
Total_Travel_Distance:		140.36
Calculation_Time:		7.38
Total_Iterations:		1
ConstraintSet:			P1

-------------------------------------------------------------------------------------------------------------------
Tour_Id:			1
No_of_Customers:		4
No_of_Items:			74
Customer_Sequence:		3 5 7 4 

CustId	Id	TypeId	Rotated	x	y	z	Length	Width	Height	mass	Fragility	LoadBearingStrength
4	80	10	0	0	0	0	17	5	8	125.31	0		5.554391
4	81	10	0	0	5	0	17	5	8	125.31	0		5.554391
4	82	10	0	0	10	0	17	5	8	125.31	0		5.554391
4	72	4	0	0	15	0	16	5	8	79.29	0		6.593456
4	73	5	0	0	0	8	14	6	6	55.01	0		2.281090
4	74	5	0	0	6	8	14	6	6	55.01	0		2.281090
4	69	2	0	0	20	0	15	5	6	49.05	0		5.780876
4	70	2	0	0	20	6	15	5	6	49.05	0		5.780876
4	77	9	0	0	12	8	8	5	7	51.93	0		4.362510
4	78	9	0	0	20	12	8	5	7	51.93	0		4.362510
4	79	9	0	0	0	14	8	5	7	51.93	0		4.362510
4	67	1	0	0	5	14	7	5	4	23.99	0		3.829605
4	68	1	0	0	12	15	7	5	4	23.99	0		3.829605
4	71	3	0	0	17	8	10	2	5	15.71	0		12.216775
4	75	6	0	7	5	14	8	7	5	31.86	1		2.284583
4	76	6	0	7	5	19	8	7	5	31.86	1		2.284583
7	137	10	0	15	20	0	17	5	8	125.31	0		5.554391
7	138	10	0	15	20	8	17	5	8	125.31	0		5.554391
7	129	4	0	15	20	16	16	5	8	79.29	0		6.593456
7	130	5	0	17	0	0	14	6	6	55.01	0		2.281090
7	125	2	0	15	20	24	15	5	6	49.05	0		5.780876
7	134	9	0	0	12	19	8	5	7	51.93	0		4.362510
7	135	9	0	0	20	19	8	5	7	51.93	0		4.362510
7	136	9	0	0	0	21	8	5	7	51.93	0		4.362510
7	123	1	0	0	12	26	7	5	4	23.99	0		3.829605
7	124	1	0	0	20	26	7	5	4	23.99	0		3.829605
7	126	3	0	0	17	13	10	2	5	15.71	0		12.216775
7	127	3	0	0	17	18	10	2	5	15.71	0		12.216775
7	128	3	0	0	17	23	10	2	5	15.71	0		12.216775
7	131	7	0	8	12	8	6	2	7	10.15	0		8.904260
7	132	8	0	16	15	0	14	5	3	33.09	1		0.830445
7	133	8	0	16	15	3	14	5	3	33.09	1		0.830445
5	102	10	0	17	6	0	17	5	8	125.31	0		5.554391
5	101	10	0	15	5	8	17	5	8	125.31	0		5.554391
5	92	4	0	15	5	16	16	5	8	79.29	0		6.593456
5	91	4	0	17	0	6	16	5	8	79.29	0		6.593456
5	90	4	0	8	0	14	16	5	8	79.29	0		6.593456
5	93	5	0	15	5	24	14	6	6	55.01	0		2.281090
5	95	5	0	31	0	0	14	6	6	55.01	0		2.281090
5	94	5	0	33	0	6	14	6	6	55.01	0		2.281090
5	86	2	0	8	0	22	15	5	6	49.05	0		5.780876
5	100	9	0	24	0	14	8	5	7	51.93	0		4.362510
5	83	1	0	24	0	21	7	5	4	23.99	0		3.829605
5	85	1	0	23	0	25	7	5	4	23.99	0		3.829605
5	84	1	0	30	11	0	7	5	4	23.99	0		3.829605
5	89	3	0	8	14	8	10	2	5	15.71	0		12.216775
5	88	3	0	8	14	13	10	2	5	15.71	0		12.216775
5	87	3	0	8	14	18	10	2	5	15.71	0		12.216775
5	96	7	0	8	12	15	6	2	7	10.15	0		8.904260
5	97	7	0	8	12	22	6	2	7	10.15	0		8.904260
5	98	7	0	8	14	23	6	2	7	10.15	0		8.904260
5	99	8	0	32	16	0	14	5	3	33.09	1		0.830445
3	66	10	0	33	0	12	17	5	8	125.31	0		5.554391
3	65	10	0	32	0	20	17	5	8	125.31	0		5.554391
3	64	10	0	34	6	0	17	5	8	125.31	0		5.554391
3	49	4	0	32	6	8	16	5	8	79.29	0		6.593456
3	50	4	0	31	5	16	16	5	8	79.29	0		6.593456
3	51	5	0	29	5	24	14	6	6	55.01	0		2.281090
3	52	5	0	46	11	0	14	6	6	55.01	0		2.281090
3	53	5	0	46	17	0	14	6	6	55.01	0		2.281090
3	54	5	0	46	11	6	14	6	6	55.01	0		2.281090
3	63	9	0	30	11	4	8	5	7	51.93	0		4.362510
3	62	9	0	30	11	11	8	5	7	51.93	0		4.362510
3	61	9	0	30	11	18	8	5	7	51.93	0		4.362510
3	46	1	0	30	11	25	7	5	4	23.99	0		3.829605
3	45	1	0	37	11	0	7	5	4	23.99	0		3.829605
3	48	3	0	32	21	0	10	2	5	15.71	0		12.216775
3	47	3	0	32	23	0	10	2	5	15.71	0		12.216775
3	58	7	0	10	16	8	6	2	7	10.15	0		8.904260
3	59	7	0	10	18	8	6	2	7	10.15	0		8.904260
3	57	6	0	46	17	6	8	7	5	31.86	1		2.284583
3	56	6	0	46	11	12	8	7	5	31.86	1		2.284583
3	55	6	0	46	11	17	8	7	5	31.86	1		2.284583
3	60	8	0	32	16	3	14	5	3	33.09	1		0.830445


