Name:				307_n020_m400_bt10_13979
Problem:			3L-VRPTW
Number_of_used_Vehicles:	1
Total_Travel_Distance:		193.15
Calculation_Time:		38.17
Total_Iterations:		1
ConstraintSet:			P1

-------------------------------------------------------------------------------------------------------------------
Tour_Id:			1
No_of_Customers:		4
No_of_Items:			85
Customer_Sequence:		10 11 1 8 

CustId	Id	TypeId	Rotated	x	y	z	Length	Width	Height	mass	Fragility	LoadBearingStrength
8	160	10	0	0	0	0	17	5	8	125.31	0		5.554391
8	159	10	0	0	5	0	17	5	8	125.31	0		5.554391
8	158	10	0	0	10	0	17	5	8	125.31	0		5.554391
8	139	1	0	0	15	0	7	5	4	23.99	0		3.829605
8	142	2	0	0	20	0	15	5	6	49.05	0		5.780876
8	143	2	0	0	20	6	15	5	6	49.05	0		5.780876
8	156	9	0	0	15	4	8	5	7	51.93	0		4.362510
8	155	9	0	0	0	8	8	5	7	51.93	0		4.362510
8	154	9	0	0	5	8	8	5	7	51.93	0		4.362510
8	153	9	0	0	10	8	8	5	7	51.93	0		4.362510
8	140	1	0	0	15	11	7	5	4	23.99	0		3.829605
8	141	1	0	0	20	12	7	5	4	23.99	0		3.829605
8	157	10	1	0	0	15	17	5	8	125.31	0		5.554391
8	144	3	1	0	0	23	10	2	5	15.71	0		12.216775
8	150	7	0	0	17	15	6	2	7	10.15	0		8.904260
8	151	7	0	0	20	16	6	2	7	10.15	0		8.904260
8	149	6	0	8	0	8	8	7	5	31.86	1		2.284583
8	148	6	0	8	7	8	8	7	5	31.86	1		2.284583
8	147	6	0	8	0	13	8	7	5	31.86	1		2.284583
8	146	6	0	8	7	13	8	7	5	31.86	1		2.284583
8	145	6	0	8	0	18	8	7	5	31.86	1		2.284583
8	152	8	0	2	0	23	14	5	3	33.09	1		0.830445
1	9	4	0	8	15	0	16	5	8	79.29	0		6.593456
1	10	4	0	8	14	8	16	5	8	79.29	0		6.593456
1	14	5	0	8	14	16	14	6	6	55.01	0		2.281090
1	13	5	0	5	14	22	14	6	6	55.01	0		2.281090
1	12	5	0	17	0	0	14	6	6	55.01	0		2.281090
1	11	5	0	17	6	0	14	6	6	55.01	0		2.281090
1	4	2	0	15	20	0	15	5	6	49.05	0		5.780876
1	5	2	0	15	20	6	15	5	6	49.05	0		5.780876
1	6	2	0	7	20	12	15	5	6	49.05	0		5.780876
1	7	2	0	6	20	18	15	5	6	49.05	0		5.780876
1	21	9	1	0	10	23	8	5	7	51.93	0		4.362510
1	3	1	0	6	20	24	7	5	4	23.99	0		3.829605
1	2	1	0	13	20	24	7	5	4	23.99	0		3.829605
1	1	1	0	17	0	6	7	5	4	23.99	0		3.829605
1	8	3	0	17	12	0	10	2	5	15.71	0		12.216775
1	18	7	0	0	22	16	6	2	7	10.15	0		8.904260
1	15	6	0	8	7	18	8	7	5	31.86	1		2.284583
1	16	6	0	8	7	23	8	7	5	31.86	1		2.284583
1	17	6	0	17	5	6	8	7	5	31.86	1		2.284583
1	19	8	0	2	0	26	14	5	3	33.09	1		0.830445
1	20	8	0	24	14	0	14	5	3	33.09	1		0.830445
11	222	10	0	30	19	0	17	5	8	125.31	0		5.554391
11	221	10	0	30	19	8	17	5	8	125.31	0		5.554391
11	220	10	0	31	0	0	17	5	8	125.31	0		5.554391
11	219	10	0	30	19	16	17	5	8	125.31	0		5.554391
11	207	4	0	31	5	0	16	5	8	79.29	0		6.593456
11	208	4	0	31	0	8	16	5	8	79.29	0		6.593456
11	209	4	0	31	5	8	16	5	8	79.29	0		6.593456
11	210	4	0	31	0	16	16	5	8	79.29	0		6.593456
11	212	5	1	25	0	6	14	6	6	55.01	0		2.281090
11	211	5	1	25	0	12	14	6	6	55.01	0		2.281090
11	217	9	0	16	0	10	8	5	7	51.93	0		4.362510
11	218	9	0	16	0	17	8	5	7	51.93	0		4.362510
11	201	1	0	16	0	24	7	5	4	23.99	0		3.829605
11	202	1	0	22	19	12	7	5	4	23.99	0		3.829605
11	206	3	1	22	14	16	10	2	5	15.71	0		12.216775
11	205	3	1	22	14	21	10	2	5	15.71	0		12.216775
11	204	3	1	25	0	18	10	2	5	15.71	0		12.216775
11	203	3	1	25	0	23	10	2	5	15.71	0		12.216775
11	214	7	0	17	12	5	6	2	7	10.15	0		8.904260
11	213	6	0	16	5	11	8	7	5	31.86	1		2.284583
11	215	8	0	24	14	3	14	5	3	33.09	1		0.830445
11	216	8	0	24	14	6	14	5	3	33.09	1		0.830445
10	200	10	0	31	5	16	17	5	8	125.31	0		5.554391
10	188	4	0	38	10	0	16	5	8	79.29	0		6.593456
10	189	5	0	30	19	24	14	6	6	55.01	0		2.281090
10	184	2	0	31	0	24	15	5	6	49.05	0		5.780876
10	199	9	0	38	10	8	8	5	7	51.93	0		4.362510
10	198	9	0	38	10	15	8	5	7	51.93	0		4.362510
10	182	1	0	31	5	24	7	5	4	23.99	0		3.829605
10	183	1	0	38	10	22	7	5	4	23.99	0		3.829605
10	181	1	0	38	5	24	7	5	4	23.99	0		3.829605
10	187	3	0	38	15	0	10	2	5	15.71	0		12.216775
10	186	3	0	38	17	0	10	2	5	15.71	0		12.216775
10	185	3	0	38	15	5	10	2	5	15.71	0		12.216775
10	191	7	0	25	10	18	6	2	7	10.15	0		8.904260
10	192	7	0	25	12	18	6	2	7	10.15	0		8.904260
10	193	7	0	31	10	0	6	2	7	10.15	0		8.904260
10	194	7	0	31	12	0	6	2	7	10.15	0		8.904260
10	195	7	0	31	10	7	6	2	7	10.15	0		8.904260
10	196	7	0	31	12	7	6	2	7	10.15	0		8.904260
10	190	6	0	48	0	0	8	7	5	31.86	1		2.284583
10	197	8	0	24	14	9	14	5	3	33.09	1		0.830445


