Name:				353_n020_m400_bt10_17433
Problem:			3L-VRPTW
Number_of_used_Vehicles:	1
Total_Travel_Distance:		294.92
Calculation_Time:		172.75
Total_Iterations:		1
ConstraintSet:			P1

-------------------------------------------------------------------------------------------------------------------
Tour_Id:			1
No_of_Customers:		6
No_of_Items:			130
Customer_Sequence:		10 2 4 8 11 7 

CustId	Id	TypeId	Rotated	x	y	z	Length	Width	Height	mass	Fragility	LoadBearingStrength
7	132	8	0	0	0	0	11	4	8	49.76	0		4.555780
7	134	9	0	0	4	0	7	3	6	17.63	0		3.143659
7	130	8	0	0	7	0	11	4	8	49.76	0		4.555780
7	129	8	0	0	11	0	11	4	8	49.76	0		4.555780
7	128	7	0	0	15	0	8	5	7	30.66	0		3.317259
7	127	7	0	0	20	0	8	5	7	30.66	0		3.317259
7	136	10	0	0	15	7	6	6	7	36.81	0		3.852086
7	135	10	0	0	7	8	6	6	7	36.81	0		3.852086
7	114	1	0	0	0	8	10	5	5	36.60	0		2.686003
7	116	1	0	0	0	13	10	5	5	36.60	0		2.686003
7	115	1	0	0	0	18	10	5	5	36.60	0		2.686003
7	113	1	0	0	0	23	10	5	5	36.60	0		2.686003
7	123	4	0	0	15	14	7	6	4	32	0		11.807221
7	124	4	0	0	7	15	7	6	4	32	0		11.807221
7	125	6	0	7	4	0	17	3	3	16.07	0		3.998976
7	126	6	0	7	4	3	17	3	3	16.07	0		3.998976
7	133	9	0	0	21	7	7	3	6	17.63	0		3.143659
7	131	8	0	8	15	0	11	4	8	49.76	0		4.555780
7	117	2	0	7	15	8	10	4	6	34.05	1		6.073335
7	122	3	0	0	15	18	8	4	3	10.22	1		1.948690
7	121	3	0	0	7	19	8	4	3	10.22	1		1.948690
7	120	3	0	0	15	21	8	4	3	10.22	1		1.948690
7	119	3	0	0	7	22	8	4	3	10.22	1		1.948690
7	118	3	0	0	15	24	8	4	3	10.22	1		1.948690
11	215	8	0	8	19	0	11	4	8	49.76	0		4.555780
11	214	8	0	7	19	8	11	4	8	49.76	0		4.555780
11	213	7	0	7	19	16	8	5	7	30.66	0		3.317259
11	212	7	0	7	19	23	8	5	7	30.66	0		3.317259
11	221	10	0	11	7	0	6	6	7	36.81	0		3.852086
11	220	10	0	11	7	7	6	6	7	36.81	0		3.852086
11	219	10	0	11	7	14	6	6	7	36.81	0		3.852086
11	218	10	0	11	7	21	6	6	7	36.81	0		3.852086
11	217	10	0	17	7	0	6	6	7	36.81	0		3.852086
11	196	1	0	19	13	0	10	5	5	36.60	0		2.686003
11	195	1	0	19	18	0	10	5	5	36.60	0		2.686003
11	197	1	0	19	13	5	10	5	5	36.60	0		2.686003
11	198	1	0	19	18	5	10	5	5	36.60	0		2.686003
11	199	1	0	17	13	10	10	5	5	36.60	0		2.686003
11	200	1	0	17	13	15	10	5	5	36.60	0		2.686003
11	208	5	0	11	0	0	13	3	5	34.07	0		4.854394
11	206	4	0	17	7	7	7	6	4	32	0		11.807221
11	207	4	0	17	7	11	7	6	4	32	0		11.807221
11	211	6	0	11	0	5	17	3	3	16.07	0		3.998976
11	210	6	0	10	0	8	17	3	3	16.07	0		3.998976
11	209	6	0	10	0	11	17	3	3	16.07	0		3.998976
11	216	9	0	0	21	13	7	3	6	17.63	0		3.143659
11	203	2	0	10	0	14	10	4	6	34.05	1		6.073335
11	202	2	0	10	0	20	10	4	6	34.05	1		6.073335
11	201	2	0	17	13	20	10	4	6	34.05	1		6.073335
11	204	3	0	0	7	25	8	4	3	10.22	1		1.948690
11	205	3	0	0	15	27	8	4	3	10.22	1		1.948690
8	149	8	0	18	18	10	11	4	8	49.76	0		4.555780
8	148	8	0	18	18	18	11	4	8	49.76	0		4.555780
8	147	8	0	24	3	0	11	4	8	49.76	0		4.555780
8	146	7	0	17	7	15	8	5	7	30.66	0		3.317259
8	145	7	0	17	7	22	8	5	7	30.66	0		3.317259
8	154	10	0	24	7	0	6	6	7	36.81	0		3.852086
8	137	1	0	24	3	8	10	5	5	36.60	0		2.686003
8	142	5	0	10	4	6	13	3	5	34.07	0		4.854394
8	141	4	0	25	3	13	7	6	4	32	0		11.807221
8	140	4	0	25	3	17	7	6	4	32	0		11.807221
8	139	4	0	25	3	21	7	6	4	32	0		11.807221
8	143	6	0	28	0	0	17	3	3	16.07	0		3.998976
8	144	6	0	28	0	3	17	3	3	16.07	0		3.998976
8	150	9	0	10	4	11	7	3	6	17.63	0		3.143659
8	151	9	0	10	4	17	7	3	6	17.63	0		3.143659
8	152	9	0	10	4	23	7	3	6	17.63	0		3.143659
8	153	9	0	17	4	11	7	3	6	17.63	0		3.143659
8	138	3	0	10	0	26	8	4	3	10.22	1		1.948690
4	74	8	0	29	13	0	11	4	8	49.76	0		4.555780
4	73	8	0	29	17	0	11	4	8	49.76	0		4.555780
4	72	8	0	29	21	0	11	4	8	49.76	0		4.555780
4	71	8	0	29	13	8	11	4	8	49.76	0		4.555780
4	68	8	0	27	13	16	11	4	8	49.76	0		4.555780
4	69	8	0	29	17	8	11	4	8	49.76	0		4.555780
4	70	8	0	29	21	8	11	4	8	49.76	0		4.555780
4	67	7	0	29	17	16	8	5	7	30.66	0		3.317259
4	79	10	0	29	17	23	6	6	7	36.81	0		3.852086
4	78	10	0	35	3	0	6	6	7	36.81	0		3.852086
4	65	5	0	27	13	24	13	3	5	34.07	0		4.854394
4	64	4	0	25	3	25	7	6	4	32	0		11.807221
4	66	6	0	28	0	6	17	3	3	16.07	0		3.998976
4	75	9	0	20	0	14	7	3	6	17.63	0		3.143659
4	76	9	0	20	0	20	7	3	6	17.63	0		3.143659
2	42	10	0	35	3	7	6	6	7	36.81	0		3.852086
4	62	2	0	30	9	0	10	4	6	34.05	1		6.073335
4	61	2	0	30	9	6	10	4	6	34.05	1		6.073335
4	63	3	0	17	13	26	8	4	3	10.22	1		1.948690
2	33	8	0	40	9	0	11	4	8	49.76	0		4.555780
2	34	8	0	40	13	0	11	4	8	49.76	0		4.555780
2	35	8	0	40	17	0	11	4	8	49.76	0		4.555780
2	36	8	0	40	21	0	11	4	8	49.76	0		4.555780
2	37	8	0	40	9	8	11	4	8	49.76	0		4.555780
4	77	9	0	27	0	9	7	3	6	17.63	0		3.143659
2	41	10	0	35	3	14	6	6	7	36.81	0		3.852086
2	22	1	0	40	13	8	10	5	5	36.60	0		2.686003
2	25	4	0	35	3	21	7	6	4	32	0		11.807221
2	26	4	0	35	3	25	7	6	4	32	0		11.807221
2	27	4	0	40	18	8	7	6	4	32	0		11.807221
2	28	4	0	40	13	13	7	6	4	32	0		11.807221
2	29	4	0	40	19	12	7	6	4	32	0		11.807221
2	30	4	0	37	19	16	7	6	4	32	0		11.807221
2	31	4	0	37	19	20	7	6	4	32	0		11.807221
2	32	6	0	41	3	0	17	3	3	16.07	0		3.998976
2	38	9	0	27	0	15	7	3	6	17.63	0		3.143659
2	39	9	0	27	0	21	7	3	6	17.63	0		3.143659
2	40	9	0	34	0	9	7	3	6	17.63	0		3.143659
2	24	3	0	30	9	12	8	4	3	10.22	1		1.948690
2	23	3	0	30	9	15	8	4	3	10.22	1		1.948690
10	189	8	0	38	9	16	11	4	8	49.76	0		4.555780
10	188	7	0	40	13	17	8	5	7	30.66	0		3.317259
10	187	7	0	51	6	0	8	5	7	30.66	0		3.317259
10	186	7	0	51	11	0	8	5	7	30.66	0		3.317259
10	185	7	0	51	16	0	8	5	7	30.66	0		3.317259
10	192	9	0	34	0	15	7	3	6	17.63	0		3.143659
10	175	1	0	40	9	24	10	5	5	36.60	0		2.686003
10	176	1	1	40	14	24	10	5	5	36.60	0		2.686003
10	174	1	1	51	6	7	10	5	5	36.60	0		2.686003
10	182	4	0	51	16	7	7	6	4	32	0		11.807221
10	183	6	0	42	3	3	17	3	3	16.07	0		3.998976
10	190	9	0	34	0	21	7	3	6	17.63	0		3.143659
10	191	9	0	42	6	0	7	3	6	17.63	0		3.143659
10	184	7	0	42	3	6	8	5	7	30.66	0		3.317259
10	193	9	0	42	3	13	7	3	6	17.63	0		3.143659
10	194	9	0	42	3	19	7	3	6	17.63	0		3.143659
10	178	2	1	51	6	12	10	4	6	34.05	1		6.073335
10	177	2	1	50	6	18	10	4	6	34.05	1		6.073335
10	181	3	0	30	9	18	8	4	3	10.22	1		1.948690
10	180	3	0	30	9	21	8	4	3	10.22	1		1.948690
10	179	3	0	30	9	24	8	4	3	10.22	1		1.948690


