Name:				009_n020_m200_bt10_793
Problem:			3L-VRPTW
Number_of_used_Vehicles:	1
Total_Travel_Distance:		342.27
Calculation_Time:		8.03
Total_Iterations:		1
ConstraintSet:			P1

-------------------------------------------------------------------------------------------------------------------
Tour_Id:			1
No_of_Customers:		7
No_of_Items:			73
Customer_Sequence:		2 12 14 10 8 4 11 

CustId	Id	TypeId	Rotated	x	y	z	Length	Width	Height	mass	Fragility	LoadBearingStrength
11	98	6	0	0	0	0	12	6	5	322.64	0		10.491298
11	99	6	0	0	6	0	12	6	5	322.64	0		10.491298
11	95	3	0	0	12	0	11	6	3	128.77	0		18.214122
11	96	3	0	0	18	0	11	6	3	128.77	0		18.214122
11	97	3	0	0	12	3	11	6	3	128.77	0		18.214122
11	100	7	0	0	18	3	13	3	4	52.42	0		16.870183
11	101	10	0	0	0	5	7	6	3	80.14	0		14.785815
11	102	10	0	0	6	5	7	6	3	80.14	0		14.785815
11	94	2	0	0	21	3	7	3	4	61.78	0		24.363112
4	36	6	0	0	12	6	12	6	5	322.64	0		10.491298
4	34	5	0	0	18	7	11	5	4	90.44	0		22.794163
4	35	5	1	0	0	8	11	5	4	90.44	0		22.794163
4	32	3	0	0	11	11	11	6	3	128.77	0		18.214122
4	33	3	0	0	17	11	11	6	3	128.77	0		18.214122
4	31	1	0	0	11	14	12	3	5	140.36	0		27.276411
4	38	8	0	0	14	14	12	7	2	247.46	0		15.247935
4	39	8	0	0	14	16	12	7	2	247.46	0		15.247935
4	37	7	0	0	14	18	13	3	4	52.42	0		16.870183
4	41	10	1	0	0	12	7	6	3	80.14	0		14.785815
4	40	9	0	0	17	18	10	5	6	187.72	1		27.297028
8	73	6	0	12	0	0	12	6	5	322.64	0		10.491298
8	72	3	0	7	0	5	11	6	3	128.77	0		18.214122
8	70	1	0	0	11	19	12	3	5	140.36	0		27.276411
8	78	8	0	6	0	8	12	7	2	247.46	0		15.247935
8	74	7	0	0	14	22	13	3	4	52.42	0		16.870183
8	75	7	0	0	11	24	13	3	4	52.42	0		16.870183
8	76	7	0	0	14	26	13	3	4	52.42	0		16.870183
8	77	7	0	6	0	10	13	3	4	52.42	0		16.870183
8	71	2	0	0	0	15	7	3	4	61.78	0		24.363112
8	79	9	0	0	17	24	10	5	6	187.72	1		27.297028
10	90	5	0	6	3	10	11	5	4	90.44	0		22.794163
10	91	5	0	6	3	14	11	5	4	90.44	0		22.794163
10	92	7	0	6	3	18	13	3	4	52.42	0		16.870183
10	86	2	0	0	0	19	7	3	4	61.78	0		24.363112
10	87	2	0	0	0	23	7	3	4	61.78	0		24.363112
10	93	9	0	13	7	0	10	5	6	187.72	1		27.297028
10	88	4	0	0	7	12	6	2	4	35.76	1		24.690264
10	89	4	0	0	9	12	6	2	4	35.76	1		24.690264
14	131	6	0	13	12	0	12	6	5	322.64	0		10.491298
14	128	5	0	13	18	0	11	5	4	90.44	0		22.794163
14	129	5	0	13	18	4	11	5	4	90.44	0		22.794163
14	130	5	0	13	12	5	11	5	4	90.44	0		22.794163
14	126	3	0	12	17	8	11	6	3	128.77	0		18.214122
14	124	1	0	6	3	22	12	3	5	140.36	0		27.276411
14	133	8	0	12	17	11	12	7	2	247.46	0		15.247935
14	132	7	0	7	0	14	13	3	4	52.42	0		16.870183
14	135	10	0	12	17	13	7	6	3	80.14	0		14.785815
14	136	10	0	12	17	16	7	6	3	80.14	0		14.785815
14	125	2	0	7	0	18	7	3	4	61.78	0		24.363112
14	134	9	0	13	12	9	10	5	6	187.72	1		27.297028
14	127	4	0	0	8	16	6	2	4	35.76	1		24.690264
12	108	6	0	24	0	0	12	6	5	322.64	0		10.491298
12	109	6	0	20	0	5	12	6	5	322.64	0		10.491298
12	110	6	0	20	0	10	12	6	5	322.64	0		10.491298
12	105	3	0	20	0	15	11	6	3	128.77	0		18.214122
12	103	1	0	14	0	18	12	3	5	140.36	0		27.276411
12	104	1	0	14	0	23	12	3	5	140.36	0		27.276411
12	111	7	0	19	3	18	13	3	4	52.42	0		16.870183
12	112	7	0	18	3	22	13	3	4	52.42	0		16.870183
12	113	10	0	12	17	19	7	6	3	80.14	0		14.785815
12	106	4	0	0	8	20	6	2	4	35.76	1		24.690264
12	107	4	0	0	8	24	6	2	4	35.76	1		24.690264
2	15	6	0	23	6	0	12	6	5	322.64	0		10.491298
2	16	6	0	23	6	5	12	6	5	322.64	0		10.491298
2	14	5	0	23	6	10	11	5	4	90.44	0		22.794163
2	11	3	0	23	6	14	11	6	3	128.77	0		18.214122
2	12	3	0	23	6	17	11	6	3	128.77	0		18.214122
2	9	1	0	23	6	20	12	3	5	140.36	0		27.276411
2	17	7	0	18	3	26	13	3	4	52.42	0		16.870183
2	18	10	0	12	17	22	7	6	3	80.14	0		14.785815
2	19	10	0	12	17	25	7	6	3	80.14	0		14.785815
2	10	2	1	19	17	13	7	3	4	61.78	0		24.363112
2	13	4	0	6	6	18	6	2	4	35.76	1		24.690264


