Name:				015_n020_m200_bt100_1358
Problem:			3L-VRPTW
Number_of_used_Vehicles:	1
Total_Travel_Distance:		238.96
Calculation_Time:		2.28
Total_Iterations:		1
ConstraintSet:			P1

-------------------------------------------------------------------------------------------------------------------
Tour_Id:			1
No_of_Customers:		4
No_of_Items:			47
Customer_Sequence:		3 9 11 16 

CustId	Id	TypeId	Rotated	x	y	z	Length	Width	Height	mass	Fragility	LoadBearingStrength
16	158	36	0	0	0	0	15	7	6	170.96	0		35.959643
16	164	95	0	0	7	0	11	5	8	414.24	0		20.934479
16	159	38	0	0	12	0	17	4	6	133.32	0		4.934034
16	154	1	0	0	16	0	11	5	7	38.66	0		3.402001
16	163	88	0	0	0	6	12	7	4	64.66	0		19.454921
16	161	66	0	0	16	7	8	5	8	33.78	0		2.964155
16	157	20	0	0	0	10	16	5	3	34.18	0		6.984153
16	155	3	0	0	21	0	8	2	7	68.32	0		40.358416
16	156	15	0	0	23	0	8	2	4	17.92	0		17.671533
16	162	79	0	11	16	0	17	7	6	81.46	1		1.877319
16	160	50	0	0	7	8	8	6	8	82.62	1		9.216879
11	111	54	0	16	0	0	15	7	6	76.69	0		5.492623
11	118	95	0	0	0	13	11	5	8	414.24	0		20.934479
11	112	63	0	11	7	0	17	5	5	114.67	0		13.113194
11	113	63	0	11	7	5	17	5	5	114.67	0		13.113194
11	115	80	0	0	0	21	13	5	6	103.53	0		9.041206
11	114	72	0	8	7	10	15	4	6	421.65	0		37.635447
11	109	37	0	16	0	6	11	7	4	50.74	0		10.275454
11	105	6	0	8	7	16	12	5	5	182.84	0		15.221794
11	117	94	0	0	13	6	14	3	6	63.11	0		85.252285
11	116	90	0	0	0	27	14	4	3	49.53	0		10.942047
11	107	15	0	0	23	4	8	2	4	17.92	0		17.671533
11	108	15	0	0	21	7	8	2	4	17.92	0		17.671533
11	110	42	0	11	16	6	17	6	5	57.45	1		1.358710
11	106	14	0	8	16	11	14	6	6	78.52	1		9.298059
9	92	71	0	8	7	21	11	5	8	292.99	0		42.234602
9	89	44	0	16	0	10	9	7	6	110.67	0		33.099887
9	86	6	0	14	0	16	12	5	5	182.84	0		15.221794
9	88	29	0	14	0	21	11	4	6	70.85	0		10.833316
9	87	26	0	0	13	12	11	3	8	41.61	0		5.046980
9	85	2	0	28	7	0	17	5	3	47.90	0		10.284783
9	90	50	0	8	16	17	8	6	8	82.62	1		9.216879
9	94	86	0	28	12	0	13	5	5	56.32	1		2.396639
9	91	60	0	0	12	20	6	4	6	110.72	1		8.238805
9	93	82	0	0	12	26	8	3	4	18.44	1		1.505295
3	31	71	0	28	17	0	11	5	8	292.99	0		42.234602
3	21	5	0	28	7	3	12	5	7	100.63	0		17.990249
3	30	57	0	23	7	10	12	5	7	43.13	0		7.228079
3	32	99	0	20	7	17	13	5	6	245.35	0		24.662295
3	24	37	0	31	0	0	11	7	4	50.74	0		10.275454
3	26	48	0	31	0	4	8	7	5	65.35	0		46.212744
3	25	40	0	19	7	23	13	3	6	51.50	0		20.728364
3	28	53	0	28	17	8	13	4	4	36.24	0		21.574864
3	22	8	0	8	23	0	14	2	6	43.47	0		17.906064
3	29	55	0	8	23	6	16	2	4	26.97	0		8.104452
3	27	49	0	28	17	12	6	5	4	105.04	0		70.410559
3	23	35	0	28	22	0	8	3	4	21.57	0		14.756040


