Name:				303_n020_m400_bt3_25723
Problem:			3L-VRPTW
Number_of_used_Vehicles:	1
Total_Travel_Distance:		107.15
Calculation_Time:		3.59
Total_Iterations:		1
ConstraintSet:			P1

-------------------------------------------------------------------------------------------------------------------
Tour_Id:			1
No_of_Customers:		3
No_of_Items:			64
Customer_Sequence:		16 3 9 

CustId	Id	TypeId	Rotated	x	y	z	Length	Width	Height	mass	Fragility	LoadBearingStrength
9	174	2	0	0	0	0	17	2	8	112.51	0		16.323659
9	173	2	0	0	2	0	17	2	8	112.51	0		16.323659
9	172	2	0	0	4	0	17	2	8	112.51	0		16.323659
9	171	2	0	0	6	0	17	2	8	112.51	0		16.323659
9	170	2	0	0	8	0	17	2	8	112.51	0		16.323659
9	159	1	0	0	10	0	12	5	3	69.37	0		4.807843
9	169	1	0	0	15	0	12	5	3	69.37	0		4.807843
9	168	1	0	0	20	0	12	5	3	69.37	0		4.807843
9	167	1	0	0	10	3	12	5	3	69.37	0		4.807843
9	166	1	0	0	15	3	12	5	3	69.37	0		4.807843
9	165	1	0	0	20	3	12	5	3	69.37	0		4.807843
9	164	1	0	0	10	6	12	5	3	69.37	0		4.807843
9	163	1	0	0	15	6	12	5	3	69.37	0		4.807843
9	162	1	0	0	20	6	12	5	3	69.37	0		4.807843
9	161	1	0	0	0	8	12	5	3	69.37	0		4.807843
9	160	1	0	0	5	8	12	5	3	69.37	0		4.807843
9	158	1	0	0	10	9	12	5	3	69.37	0		4.807843
9	175	3	0	0	15	9	14	4	4	187.41	1		7.354499
9	176	3	0	0	19	9	14	4	4	187.41	1		7.354499
9	177	3	0	0	0	11	14	4	4	187.41	1		7.354499
9	178	3	0	0	4	11	14	4	4	187.41	1		7.354499
3	53	2	0	12	10	0	17	2	8	112.51	0		16.323659
3	52	2	0	12	12	0	17	2	8	112.51	0		16.323659
3	51	2	0	12	10	8	17	2	8	112.51	0		16.323659
3	50	2	0	12	12	8	17	2	8	112.51	0		16.323659
3	49	2	0	12	10	16	17	2	8	112.51	0		16.323659
3	48	2	0	12	12	16	17	2	8	112.51	0		16.323659
3	42	1	0	0	10	12	12	5	3	69.37	0		4.807843
3	47	1	0	0	10	15	12	5	3	69.37	0		4.807843
3	46	1	0	0	10	18	12	5	3	69.37	0		4.807843
3	45	1	0	0	10	21	12	5	3	69.37	0		4.807843
3	44	1	0	0	10	24	12	5	3	69.37	0		4.807843
3	43	1	0	0	10	27	12	5	3	69.37	0		4.807843
3	41	1	0	12	10	24	12	5	3	69.37	0		4.807843
3	54	3	0	0	15	13	14	4	4	187.41	1		7.354499
3	55	3	0	0	19	13	14	4	4	187.41	1		7.354499
3	56	3	0	0	0	15	14	4	4	187.41	1		7.354499
3	57	3	0	0	4	15	14	4	4	187.41	1		7.354499
3	58	3	0	0	15	17	14	4	4	187.41	1		7.354499
3	59	3	0	0	19	17	14	4	4	187.41	1		7.354499
3	60	3	0	0	0	19	14	4	4	187.41	1		7.354499
16	307	2	0	14	15	0	17	2	8	112.51	0		16.323659
16	306	2	0	14	17	0	17	2	8	112.51	0		16.323659
16	305	2	0	14	19	0	17	2	8	112.51	0		16.323659
16	304	2	0	14	21	0	17	2	8	112.51	0		16.323659
16	303	2	0	12	23	0	17	2	8	112.51	0		16.323659
16	302	2	0	12	23	8	17	2	8	112.51	0		16.323659
16	301	2	0	12	23	16	17	2	8	112.51	0		16.323659
16	294	1	0	12	10	27	12	5	3	69.37	0		4.807843
16	300	1	0	14	15	8	12	5	3	69.37	0		4.807843
16	299	1	0	14	15	11	12	5	3	69.37	0		4.807843
16	298	1	0	14	15	14	12	5	3	69.37	0		4.807843
16	297	1	0	14	15	17	12	5	3	69.37	0		4.807843
16	296	1	0	14	15	20	12	5	3	69.37	0		4.807843
16	295	1	0	14	15	23	12	5	3	69.37	0		4.807843
16	293	1	0	14	15	26	12	5	3	69.37	0		4.807843
16	308	3	0	0	4	19	14	4	4	187.41	1		7.354499
16	309	3	0	0	15	21	14	4	4	187.41	1		7.354499
16	310	3	0	0	19	21	14	4	4	187.41	1		7.354499
16	311	3	0	0	0	23	14	4	4	187.41	1		7.354499
16	312	3	0	0	4	23	14	4	4	187.41	1		7.354499
16	313	3	0	0	15	25	14	4	4	187.41	1		7.354499
16	314	3	0	0	19	25	14	4	4	187.41	1		7.354499
16	315	3	0	17	0	0	14	4	4	187.41	1		7.354499


