Name:				337_n020_m400_bt10_27249
Problem:			3L-VRPTW
Number_of_used_Vehicles:	1
Total_Travel_Distance:		170.72
Calculation_Time:		4.30
Total_Iterations:		1
ConstraintSet:			P1

-------------------------------------------------------------------------------------------------------------------
Tour_Id:			1
No_of_Customers:		3
No_of_Items:			67
Customer_Sequence:		14 17 11 

CustId	Id	TypeId	Rotated	x	y	z	Length	Width	Height	mass	Fragility	LoadBearingStrength
11	222	8	0	0	0	0	11	4	7	39.18	0		1.647596
11	221	8	0	0	4	0	11	4	7	39.18	0		1.647596
11	220	8	0	0	8	0	11	4	7	39.18	0		1.647596
11	219	8	0	0	12	0	11	4	7	39.18	0		1.647596
11	217	8	0	0	16	0	11	4	7	39.18	0		1.647596
11	218	8	0	0	20	0	11	4	7	39.18	0		1.647596
11	212	5	1	0	0	7	15	3	6	28.48	0		4.924769
11	213	5	1	0	0	13	15	3	6	28.48	0		4.924769
11	214	5	1	0	0	19	15	3	6	28.48	0		4.924769
11	215	7	0	0	15	7	14	6	3	40.86	0		11.155341
11	216	7	0	0	15	10	14	6	3	40.86	0		11.155341
11	225	9	0	0	15	13	6	5	6	61.76	0		6.571891
11	224	9	0	0	15	19	6	5	6	61.76	0		6.571891
11	223	9	0	3	0	7	6	5	6	61.76	0		6.571891
11	210	3	1	0	0	25	15	2	4	13.97	0		3.645134
11	209	3	1	9	0	7	15	2	4	13.97	0		3.645134
11	208	3	1	9	0	11	15	2	4	13.97	0		3.645134
11	227	10	0	0	21	7	14	2	4	56.44	0		11.405893
11	228	10	0	0	21	11	14	2	4	56.44	0		11.405893
11	229	10	0	0	21	15	14	2	4	56.44	0		11.405893
11	230	10	0	0	21	19	14	2	4	56.44	0		11.405893
11	226	10	0	0	21	23	14	2	4	56.44	0		11.405893
11	207	1	0	11	0	0	12	3	3	21.65	0		3.189078
11	206	1	0	11	3	0	12	3	3	21.65	0		3.189078
11	205	1	0	11	6	0	12	3	3	21.65	0		3.189078
11	211	4	0	11	9	0	15	4	8	53.06	1		1.746280
17	320	2	0	11	0	3	13	3	8	41.94	0		6.357081
17	321	2	0	11	3	3	13	3	8	41.94	0		6.357081
17	333	8	0	11	0	11	11	4	7	39.18	0		1.647596
17	332	8	0	11	0	18	11	4	7	39.18	0		1.647596
17	331	8	0	14	13	0	11	4	7	39.18	0		1.647596
17	330	8	0	14	17	0	11	4	7	39.18	0		1.647596
17	329	8	0	14	21	0	11	4	7	39.18	0		1.647596
17	326	5	0	11	6	3	15	3	6	28.48	0		4.924769
17	328	7	0	14	13	7	14	6	3	40.86	0		11.155341
17	334	9	0	6	15	13	6	5	6	61.76	0		6.571891
17	335	9	0	6	15	19	6	5	6	61.76	0		6.571891
17	324	3	0	0	15	25	15	2	4	13.97	0		3.645134
17	323	3	0	0	17	25	15	2	4	13.97	0		3.645134
17	322	3	1	9	0	15	15	2	4	13.97	0		3.645134
17	336	10	1	9	0	19	14	2	4	56.44	0		11.405893
17	337	10	1	9	0	23	14	2	4	56.44	0		11.405893
17	319	1	0	11	6	9	12	3	3	21.65	0		3.189078
17	325	4	0	11	9	8	15	4	8	53.06	1		1.746280
17	327	6	0	11	6	12	10	3	7	40.07	1		1.068636
14	267	2	0	14	19	7	13	3	8	41.94	0		6.357081
14	268	2	0	14	22	7	13	3	8	41.94	0		6.357081
14	284	8	0	14	19	15	11	4	7	39.18	0		1.647596
14	283	8	0	14	19	22	11	4	7	39.18	0		1.647596
14	282	8	0	24	0	0	11	4	7	39.18	0		1.647596
14	281	8	0	24	0	7	11	4	7	39.18	0		1.647596
14	277	5	0	25	19	0	15	3	6	28.48	0		4.924769
14	275	5	0	25	22	0	15	3	6	28.48	0		4.924769
14	276	5	0	15	13	10	15	3	6	28.48	0		4.924769
14	280	7	0	26	4	0	14	6	3	40.86	0		11.155341
14	286	9	0	24	0	14	6	5	6	61.76	0		6.571891
14	285	9	0	24	0	20	6	5	6	61.76	0		6.571891
14	271	3	0	14	23	15	15	2	4	13.97	0		3.645134
14	270	3	0	14	23	19	15	2	4	13.97	0		3.645134
14	269	3	0	14	23	23	15	2	4	13.97	0		3.645134
14	266	1	0	11	0	25	12	3	3	21.65	0		3.189078
14	265	1	0	15	16	10	12	3	3	21.65	0		3.189078
14	274	4	0	11	9	16	15	4	8	53.06	1		1.746280
14	273	4	0	15	13	16	15	4	8	53.06	1		1.746280
14	272	4	0	26	4	3	15	4	8	53.06	1		1.746280
14	278	6	0	11	6	19	10	3	7	40.07	1		1.068636
14	279	6	0	26	10	0	10	3	7	40.07	1		1.068636


