Name:				348_n020_m400_bt3_27750
Problem:			3L-VRPTW
Number_of_used_Vehicles:	1
Total_Travel_Distance:		157.31
Calculation_Time:		5.20
Total_Iterations:		1
ConstraintSet:			P1

-------------------------------------------------------------------------------------------------------------------
Tour_Id:			1
No_of_Customers:		3
No_of_Items:			67
Customer_Sequence:		4 2 5 

CustId	Id	TypeId	Rotated	x	y	z	Length	Width	Height	mass	Fragility	LoadBearingStrength
5	104	2	0	0	0	0	14	5	4	49.81	0		29.575814
5	103	2	0	0	5	0	14	5	4	49.81	0		29.575814
5	102	2	0	0	10	0	14	5	4	49.81	0		29.575814
5	101	2	0	0	15	0	14	5	4	49.81	0		29.575814
5	100	2	0	0	20	0	14	5	4	49.81	0		29.575814
5	99	2	0	0	0	4	14	5	4	49.81	0		29.575814
5	91	1	0	0	5	4	12	3	6	63.42	0		3.562040
5	98	1	0	0	8	4	12	3	6	63.42	0		3.562040
5	97	1	0	0	11	4	12	3	6	63.42	0		3.562040
5	96	1	0	0	14	4	12	3	6	63.42	0		3.562040
5	95	1	0	0	17	4	12	3	6	63.42	0		3.562040
5	94	1	0	0	20	4	12	3	6	63.42	0		3.562040
5	93	1	0	0	0	8	12	3	6	63.42	0		3.562040
5	92	1	0	0	5	10	12	3	6	63.42	0		3.562040
5	90	1	0	0	8	10	12	3	6	63.42	0		3.562040
5	105	3	0	14	0	0	17	3	4	21.11	1		0.794200
5	106	3	0	14	3	0	17	3	4	21.11	1		0.794200
5	107	3	0	14	6	0	17	3	4	21.11	1		0.794200
5	108	3	0	12	5	4	17	3	4	21.11	1		0.794200
5	109	3	0	12	5	8	17	3	4	21.11	1		0.794200
5	110	3	0	12	5	12	17	3	4	21.11	1		0.794200
5	111	3	0	0	5	16	17	3	4	21.11	1		0.794200
5	112	3	0	0	5	20	17	3	4	21.11	1		0.794200
2	33	2	0	0	11	10	14	5	4	49.81	0		29.575814
2	32	2	0	0	16	10	14	5	4	49.81	0		29.575814
2	31	2	0	0	11	14	14	5	4	49.81	0		29.575814
2	30	2	0	0	16	14	14	5	4	49.81	0		29.575814
2	29	2	0	0	11	18	14	5	4	49.81	0		29.575814
2	23	1	0	0	0	14	12	3	6	63.42	0		3.562040
2	28	1	0	0	8	16	12	3	6	63.42	0		3.562040
2	27	1	0	0	16	18	12	3	6	63.42	0		3.562040
2	26	1	0	0	0	20	12	3	6	63.42	0		3.562040
2	25	1	0	0	8	22	12	3	6	63.42	0		3.562040
2	24	1	0	0	11	22	12	3	6	63.42	0		3.562040
2	22	1	0	0	16	24	12	3	6	63.42	0		3.562040
2	34	3	0	0	5	24	17	3	4	21.11	1		0.794200
2	35	3	0	14	9	0	17	3	4	21.11	1		0.794200
2	36	3	0	12	8	4	17	3	4	21.11	1		0.794200
2	37	3	0	12	8	8	17	3	4	21.11	1		0.794200
2	38	3	0	12	8	12	17	3	4	21.11	1		0.794200
2	39	3	0	12	8	16	17	3	4	21.11	1		0.794200
2	40	3	0	12	8	20	17	3	4	21.11	1		0.794200
2	41	3	0	12	8	24	17	3	4	21.11	1		0.794200
4	80	2	0	14	12	0	14	5	4	49.81	0		29.575814
4	79	2	0	14	17	0	14	5	4	49.81	0		29.575814
4	78	2	0	14	12	4	14	5	4	49.81	0		29.575814
4	77	2	0	14	17	4	14	5	4	49.81	0		29.575814
4	76	2	0	14	11	8	14	5	4	49.81	0		29.575814
4	75	2	0	14	16	8	14	5	4	49.81	0		29.575814
4	67	1	0	14	22	0	12	3	6	63.42	0		3.562040
4	74	1	0	12	22	6	12	3	6	63.42	0		3.562040
4	73	1	0	12	22	12	12	3	6	63.42	0		3.562040
4	72	1	0	12	22	18	12	3	6	63.42	0		3.562040
4	71	1	0	12	22	24	12	3	6	63.42	0		3.562040
4	70	1	0	14	11	12	12	3	6	63.42	0		3.562040
4	69	1	0	14	14	12	12	3	6	63.42	0		3.562040
4	68	1	0	14	17	12	12	3	6	63.42	0		3.562040
4	66	1	0	12	16	18	12	3	6	63.42	0		3.562040
4	81	3	0	14	0	4	17	3	4	21.11	1		0.794200
4	82	3	0	12	0	8	17	3	4	21.11	1		0.794200
4	83	3	0	12	0	12	17	3	4	21.11	1		0.794200
4	84	3	0	12	0	16	17	3	4	21.11	1		0.794200
4	85	3	0	12	0	20	17	3	4	21.11	1		0.794200
4	86	3	0	12	0	24	17	3	4	21.11	1		0.794200
4	87	3	0	26	22	0	17	3	4	21.11	1		0.794200
4	88	3	0	26	22	4	17	3	4	21.11	1		0.794200
4	89	3	0	24	22	8	17	3	4	21.11	1		0.794200


