Name:				418_n060_m400_bt100_31445
Problem:			3L-VRPTW
Number_of_used_Vehicles:	1
Total_Travel_Distance:		301.85
Calculation_Time:		1.71
Total_Iterations:		1
ConstraintSet:			P1

-------------------------------------------------------------------------------------------------------------------
Tour_Id:			1
No_of_Customers:		5
No_of_Items:			39
Customer_Sequence:		18 7 2 11 16 

CustId	Id	TypeId	Rotated	x	y	z	Length	Width	Height	mass	Fragility	LoadBearingStrength
16	111	88	0	0	0	0	14	5	7	69.44	0		13.296667
16	108	37	0	0	5	0	12	5	6	209.30	0		31.010914
16	109	37	0	0	10	0	12	5	6	209.30	0		31.010914
16	106	24	0	0	15	0	9	3	8	116.64	0		15.397658
16	105	1	0	0	18	0	6	6	6	149.90	0		22.623723
16	107	30	0	0	5	6	6	4	5	49.82	0		7.965072
16	110	40	0	0	0	7	17	5	5	241.22	1		6.849919
11	75	36	0	6	18	0	9	7	8	235.64	0		32.149013
11	79	81	1	6	5	6	10	7	7	177.47	0		109.286509
11	77	78	1	6	5	13	13	4	7	257.95	0		46.754818
11	78	78	1	6	5	20	13	4	7	257.95	0		46.754818
11	72	13	0	6	18	8	10	5	7	223.25	0		17.679651
11	73	28	0	12	5	0	11	7	3	142.92	0		96.278825
11	76	56	0	0	9	6	6	4	8	89.47	0		16.370009
11	74	33	0	6	18	15	13	2	6	68.05	0		46.863889
11	71	5	0	0	0	12	15	4	7	198.11	1		16.980224
2	10	35	0	17	0	0	14	5	7	174.09	0		23.536023
2	11	35	0	17	0	7	14	5	7	174.09	0		23.536023
2	14	93	0	15	0	14	16	4	7	165.40	0		20.201492
2	12	47	0	15	0	21	17	3	8	156.54	0		11.684139
2	9	5	0	0	0	19	15	4	7	198.11	1		16.980224
2	13	62	0	13	5	3	12	6	5	209.17	1		5.170877
7	46	52	0	13	12	0	13	6	7	139.39	0		36.940172
7	43	11	0	19	18	0	17	7	4	275.31	0		33.953192
7	45	37	0	13	11	7	12	5	6	209.30	0		31.010914
7	49	89	0	10	11	13	10	6	6	79.91	0		7.004589
7	44	26	0	6	20	15	12	3	6	37.32	0		5.783314
7	47	82	0	6	23	8	11	2	5	28.25	0		5.902044
7	50	99	0	6	18	21	6	6	3	180.73	0		146.575456
7	48	83	1	6	5	27	13	5	3	104.42	1		4.107247
18	125	52	0	19	18	4	13	6	7	139.39	0		36.940172
18	121	3	0	19	18	11	17	6	5	52.38	0		4.802361
18	129	81	0	19	17	16	10	7	7	177.47	0		109.286509
18	124	45	0	25	5	0	9	6	8	67.47	0		4.145082
18	122	4	0	25	5	8	9	5	8	252.02	0		87.077699
18	126	59	0	25	5	16	9	5	8	41.40	0		4.573326
18	127	72	0	26	11	0	15	4	4	161.86	0		74.225534
18	128	76	0	19	17	23	10	3	7	135.66	0		7.294069
18	123	44	0	19	20	23	10	3	6	76.58	0		78.394945


