Name:				473_n060_m400_bt10_34289
Problem:			3L-VRPTW
Number_of_used_Vehicles:	1
Total_Travel_Distance:		198.35
Calculation_Time:		1.86
Total_Iterations:		1
ConstraintSet:			P1

-------------------------------------------------------------------------------------------------------------------
Tour_Id:			1
No_of_Customers:		5
No_of_Items:			40
Customer_Sequence:		12 9 5 6 16 

CustId	Id	TypeId	Rotated	x	y	z	Length	Width	Height	mass	Fragility	LoadBearingStrength
16	106	7	0	0	0	0	10	7	6	55.92	0		11.508289
16	107	7	0	0	7	0	10	7	6	55.92	0		11.508289
16	105	5	0	0	14	0	12	3	8	145.83	0		38.988667
16	103	3	0	0	17	0	6	6	8	60.37	0		9.819840
16	104	3	0	0	0	6	6	6	8	60.37	0		9.819840
16	101	2	0	0	14	8	16	3	4	106	0		27.884740
16	102	2	0	0	14	12	16	3	4	106	0		27.884740
16	108	9	0	0	6	6	8	5	4	199.72	0		25.944831
6	28	4	0	6	17	0	14	5	7	92.50	0		4.216164
6	29	4	0	6	17	7	14	5	7	92.50	0		4.216164
6	34	10	0	6	17	14	12	6	6	92.92	0		17.186585
6	31	7	0	6	17	20	10	7	6	55.92	0		11.508289
6	32	7	0	10	0	0	10	7	6	55.92	0		11.508289
6	33	7	0	8	0	6	10	7	6	55.92	0		11.508289
6	30	5	0	0	11	6	12	3	8	145.83	0		38.988667
6	27	2	0	0	11	14	16	3	4	106	0		27.884740
5	21	8	0	6	0	12	13	7	5	220.37	0		8.005925
5	22	8	0	6	0	17	13	7	5	220.37	0		8.005925
5	23	8	0	6	0	22	13	7	5	220.37	0		8.005925
5	25	10	0	16	7	0	12	6	6	92.92	0		17.186585
5	26	10	0	16	7	6	12	6	6	92.92	0		17.186585
5	20	5	0	0	14	16	12	3	8	145.83	0		38.988667
5	19	2	0	0	11	18	16	3	4	106	0		27.884740
5	24	9	1	0	0	14	8	5	4	199.72	0		25.944831
5	18	1	1	0	0	18	9	4	5	44.87	1		1.415994
9	58	8	0	16	7	12	13	7	5	220.37	0		8.005925
9	59	10	0	16	7	17	12	6	6	92.92	0		17.186585
9	56	7	0	16	7	23	10	7	6	55.92	0		11.508289
9	57	7	0	20	0	0	10	7	6	55.92	0		11.508289
9	53	2	0	0	11	22	16	3	4	106	0		27.884740
9	52	1	0	16	13	0	9	4	5	44.87	1		1.415994
9	54	6	0	0	14	24	15	2	5	72.28	1		12.425612
9	55	6	0	20	17	0	15	2	5	72.28	1		12.425612
12	73	4	0	19	0	6	14	5	7	92.50	0		4.216164
12	77	10	0	19	0	13	12	6	6	92.92	0		17.186585
12	78	10	0	19	0	19	12	6	6	92.92	0		17.186585
12	79	10	0	20	19	0	12	6	6	92.92	0		17.186585
12	74	7	0	29	7	0	10	7	6	55.92	0		11.508289
12	75	7	0	29	7	6	10	7	6	55.92	0		11.508289
12	76	9	0	6	17	26	8	5	4	199.72	0		25.944831


