Name:				476_n060_m400_bt100_34617
Problem:			3L-VRPTW
Number_of_used_Vehicles:	1
Total_Travel_Distance:		268.81
Calculation_Time:		2.60
Total_Iterations:		1
ConstraintSet:			P1

-------------------------------------------------------------------------------------------------------------------
Tour_Id:			1
No_of_Customers:		5
No_of_Items:			42
Customer_Sequence:		23 28 4 15 19 

CustId	Id	TypeId	Rotated	x	y	z	Length	Width	Height	mass	Fragility	LoadBearingStrength
19	132	47	0	0	0	0	17	7	4	154.50	0		8.611367
19	129	20	0	0	7	0	10	6	7	84.70	0		29.408352
19	130	20	0	0	13	0	10	6	7	84.70	0		29.408352
19	128	18	0	0	19	0	16	3	8	73.40	0		10.001847
19	127	7	0	0	22	0	13	2	4	17.50	0		12.982612
19	134	80	0	0	0	4	13	6	4	109.63	1		2.718315
19	133	71	0	0	6	7	9	5	5	39.15	1		1.872320
19	131	37	0	0	11	7	7	3	3	15.66	1		4.867104
15	104	63	0	10	7	0	17	6	8	340.34	0		16.103719
15	102	46	0	0	14	7	12	5	8	153.99	0		16.580158
15	105	79	0	0	19	8	14	3	6	75.02	0		7.771740
15	98	32	0	0	14	15	9	6	4	60.02	0		13.405058
15	99	33	0	0	14	19	6	4	8	37.25	0		7.063766
15	103	49	0	10	13	0	14	4	3	55.59	0		17.112302
15	101	42	0	9	7	8	16	7	5	187.04	1		4.691956
15	100	40	0	0	0	8	11	5	5	75.82	1		5.742135
4	25	58	0	17	0	0	8	7	8	152.08	0		18.465712
4	30	86	0	16	17	0	11	5	7	208.24	0		72.474934
4	23	48	0	25	0	0	15	6	4	68.49	0		13.354784
4	29	85	0	25	0	4	13	6	4	38.39	0		11.133750
4	27	77	0	16	17	7	11	5	3	108	0		154.119307
4	22	3	0	0	22	4	16	2	5	22.57	0		9.820389
4	24	52	0	16	17	10	7	5	4	32.90	0		37.230162
4	26	60	0	0	14	27	6	4	3	15.41	0		5.533353
4	28	80	0	9	7	13	13	6	4	109.63	1		2.718315
28	193	100	0	13	0	8	17	5	7	155.44	0		13.222060
28	189	67	0	13	0	15	15	5	7	224.85	0		20.299828
28	187	18	0	12	14	3	16	3	8	73.40	0		10.001847
28	191	87	0	13	0	22	16	4	5	64.40	0		7.528934
28	192	87	0	27	6	0	16	4	5	64.40	0		7.528934
28	190	85	0	27	17	0	13	6	4	38.39	0		11.133750
28	188	57	0	12	14	11	14	3	6	36.40	0		18.310209
28	186	8	0	27	17	4	7	7	4	54.67	0		4.699363
28	185	5	0	12	14	17	8	4	5	43.05	0		9.160041
23	159	29	0	28	10	0	17	6	7	130.61	0		11.453266
23	162	73	0	28	10	7	17	5	8	95.94	0		7.818675
23	161	62	0	12	14	22	10	4	7	93.83	0		24.721458
23	160	30	0	13	0	27	10	4	3	41.48	0		6.624689
23	164	88	0	27	6	5	9	3	3	21.54	0		16.890926
23	157	12	0	9	7	17	17	6	5	75.67	1		4.525118
23	163	83	0	9	7	22	17	4	5	38.57	1		0.969675
23	158	13	0	25	5	8	6	5	6	63.74	1		3.441004


