Name:				094_n060_m200_bt3
Problem:			3L-VRPTW
Number_of_used_Vehicles:	13
Total_Travel_Distance:		1132.82
Calculation_Time:		20.33
Total_Iterations:		15920
ConstraintSet:			P19

-------------------------------------------------------------------------------------------------------------------
Tour_Id:			1
No_of_Customers:		5
No_of_Items:			15
Customer_Sequence:		17 36 46 15 4 

CustId	Id	TypeId	Rotated	x	y	z	Length	Width	Height	mass	Fragility	LoadBearingStrength
4	12	3	0	0	0	0	31	5	13	997.57	0		32.155043
4	10	1	0	0	5	0	28	6	11	616.46	1		8.628188
46	153	2	0	0	11	0	16	10	8	629.27	0		48.486456
4	11	2	0	0	0	13	16	10	8	629.27	0		48.486456
15	48	1	0	16	0	13	28	6	11	616.46	1		8.628188
15	49	3	0	28	5	0	31	5	13	997.57	0		32.155043
46	150	1	0	0	11	8	28	6	11	616.46	1		8.628188
36	119	2	0	28	10	0	16	10	8	629.27	0		48.486456
36	118	2	0	28	10	8	16	10	8	629.27	0		48.486456
46	151	1	0	0	17	8	28	6	11	616.46	1		8.628188
46	152	2	0	44	0	13	16	10	8	629.27	0		48.486456
17	55	3	0	28	20	0	31	5	13	997.57	0		32.155043
17	56	3	0	28	20	13	31	5	13	997.57	0		32.155043
17	57	3	0	28	10	16	31	5	13	997.57	0		32.155043
17	54	2	0	44	10	0	16	10	8	629.27	0		48.486456


-------------------------------------------------------------------------------------------------------------------
Tour_Id:			2
No_of_Customers:		6
No_of_Items:			17
Customer_Sequence:		50 21 1 23 30 52 

CustId	Id	TypeId	Rotated	x	y	z	Length	Width	Height	mass	Fragility	LoadBearingStrength
52	172	3	0	0	0	0	31	5	13	997.57	0		32.155043
52	171	1	0	0	5	0	28	6	11	616.46	1		8.628188
30	99	1	0	0	11	0	28	6	11	616.46	1		8.628188
30	100	1	0	0	17	0	28	6	11	616.46	1		8.628188
1	3	3	0	0	0	13	31	5	13	997.57	0		32.155043
23	82	2	0	28	5	0	16	10	8	629.27	0		48.486456
23	80	1	0	0	5	11	28	6	11	616.46	1		8.628188
23	81	2	0	28	15	0	16	10	8	629.27	0		48.486456
1	2	2	0	28	5	8	16	10	8	629.27	0		48.486456
1	1	1	0	0	11	11	28	6	11	616.46	1		8.628188
21	73	2	0	28	15	8	16	10	8	629.27	0		48.486456
50	165	1	0	28	5	16	28	6	11	616.46	1		8.628188
21	71	1	0	0	17	11	28	6	11	616.46	1		8.628188
21	72	1	0	28	11	16	28	6	11	616.46	1		8.628188
50	167	3	0	28	17	16	31	5	13	997.57	0		32.155043
50	166	2	0	44	0	0	16	10	8	629.27	0		48.486456
21	74	2	0	44	10	0	16	10	8	629.27	0		48.486456


-------------------------------------------------------------------------------------------------------------------
Tour_Id:			3
No_of_Customers:		5
No_of_Items:			17
Customer_Sequence:		25 20 37 43 58 

CustId	Id	TypeId	Rotated	x	y	z	Length	Width	Height	mass	Fragility	LoadBearingStrength
58	192	2	0	0	0	0	16	10	8	629.27	0		48.486456
58	191	1	0	0	10	0	28	6	11	616.46	1		8.628188
58	190	1	0	0	16	0	28	6	11	616.46	1		8.628188
58	193	3	0	0	0	8	31	5	13	997.57	0		32.155043
43	143	3	0	0	5	8	31	5	13	997.57	0		32.155043
43	141	2	0	0	0	21	16	10	8	629.27	0		48.486456
43	142	2	0	16	0	21	16	10	8	629.27	0		48.486456
25	87	2	0	28	10	0	16	10	8	629.27	0		48.486456
37	122	2	0	32	0	0	16	10	8	629.27	0		48.486456
37	121	1	0	0	10	11	28	6	11	616.46	1		8.628188
20	70	3	0	28	20	0	31	5	13	997.57	0		32.155043
20	68	2	0	32	0	8	16	10	8	629.27	0		48.486456
20	69	2	0	32	0	16	16	10	8	629.27	0		48.486456
25	88	3	0	28	10	8	31	5	13	997.57	0		32.155043
25	85	2	0	28	10	21	16	10	8	629.27	0		48.486456
25	86	2	0	44	10	0	16	10	8	629.27	0		48.486456
37	120	1	0	0	16	11	28	6	11	616.46	1		8.628188


-------------------------------------------------------------------------------------------------------------------
Tour_Id:			4
No_of_Customers:		4
No_of_Items:			16
Customer_Sequence:		48 54 59 16 

CustId	Id	TypeId	Rotated	x	y	z	Length	Width	Height	mass	Fragility	LoadBearingStrength
16	52	2	0	0	0	0	16	10	8	629.27	0		48.486456
16	53	2	0	0	10	0	16	10	8	629.27	0		48.486456
16	50	1	0	0	0	8	28	6	11	616.46	1		8.628188
16	51	1	0	0	6	8	28	6	11	616.46	1		8.628188
59	197	3	0	0	20	0	31	5	13	997.57	0		32.155043
54	180	3	0	0	12	8	31	5	13	997.57	0		32.155043
59	195	2	0	28	0	0	16	10	8	629.27	0		48.486456
54	178	3	0	0	20	13	31	5	13	997.57	0		32.155043
59	196	2	0	28	10	0	16	10	8	629.27	0		48.486456
54	179	3	0	28	0	8	31	5	13	997.57	0		32.155043
59	194	2	0	44	0	0	16	10	8	629.27	0		48.486456
54	176	2	1	0	0	21	16	10	8	629.27	0		48.486456
54	177	2	1	10	0	21	16	10	8	629.27	0		48.486456
48	160	3	0	28	5	8	31	5	13	997.57	0		32.155043
48	159	2	0	20	0	21	16	10	8	629.27	0		48.486456
48	158	1	0	31	12	8	28	6	11	616.46	1		8.628188


-------------------------------------------------------------------------------------------------------------------
Tour_Id:			5
No_of_Customers:		5
No_of_Items:			15
Customer_Sequence:		31 18 34 60 11 

CustId	Id	TypeId	Rotated	x	y	z	Length	Width	Height	mass	Fragility	LoadBearingStrength
34	111	3	0	0	0	0	31	5	13	997.57	0		32.155043
11	37	1	0	0	5	0	28	6	11	616.46	1		8.628188
18	58	1	0	0	11	0	28	6	11	616.46	1		8.628188
60	198	1	0	0	17	0	28	6	11	616.46	1		8.628188
11	38	3	0	28	5	0	31	5	13	997.57	0		32.155043
60	199	1	0	0	17	11	28	6	11	616.46	1		8.628188
34	112	3	0	0	0	13	31	5	13	997.57	0		32.155043
18	62	3	0	28	10	0	31	5	13	997.57	0		32.155043
18	60	2	0	28	15	0	16	10	8	629.27	0		48.486456
18	61	2	0	28	15	8	16	10	8	629.27	0		48.486456
60	200	3	0	28	5	13	31	5	13	997.57	0		32.155043
18	59	1	0	0	11	11	28	6	11	616.46	1		8.628188
31	101	3	0	28	10	13	31	5	13	997.57	0		32.155043
31	102	3	0	28	15	16	31	5	13	997.57	0		32.155043
31	103	3	0	28	20	16	31	5	13	997.57	0		32.155043


-------------------------------------------------------------------------------------------------------------------
Tour_Id:			6
No_of_Customers:		4
No_of_Items:			14
Customer_Sequence:		40 6 45 22 

CustId	Id	TypeId	Rotated	x	y	z	Length	Width	Height	mass	Fragility	LoadBearingStrength
22	78	3	0	0	0	0	31	5	13	997.57	0		32.155043
22	79	3	0	0	5	0	31	5	13	997.57	0		32.155043
22	76	2	0	0	10	0	16	10	8	629.27	0		48.486456
45	149	3	0	0	20	0	31	5	13	997.57	0		32.155043
22	75	1	0	0	10	8	28	6	11	616.46	1		8.628188
45	148	3	0	0	0	13	31	5	13	997.57	0		32.155043
22	77	2	0	16	10	0	16	10	8	629.27	0		48.486456
45	147	2	0	28	10	8	16	10	8	629.27	0		48.486456
6	19	3	0	0	5	13	31	5	13	997.57	0		32.155043
6	20	3	0	0	20	13	31	5	13	997.57	0		32.155043
6	18	1	0	0	10	19	28	6	11	616.46	1		8.628188
40	134	3	0	28	10	16	31	5	13	997.57	0		32.155043
40	135	3	0	28	15	16	31	5	13	997.57	0		32.155043
40	133	2	0	31	0	0	16	10	8	629.27	0		48.486456


-------------------------------------------------------------------------------------------------------------------
Tour_Id:			7
No_of_Customers:		4
No_of_Items:			17
Customer_Sequence:		24 38 19 7 

CustId	Id	TypeId	Rotated	x	y	z	Length	Width	Height	mass	Fragility	LoadBearingStrength
7	23	2	0	0	0	0	16	10	8	629.27	0		48.486456
7	24	2	0	0	10	0	16	10	8	629.27	0		48.486456
7	25	2	0	0	0	8	16	10	8	629.27	0		48.486456
7	21	1	0	0	10	8	28	6	11	616.46	1		8.628188
7	22	1	0	0	16	8	28	6	11	616.46	1		8.628188
38	123	1	0	0	0	16	28	6	11	616.46	1		8.628188
19	66	3	0	16	0	0	31	5	13	997.57	0		32.155043
19	67	3	0	16	5	0	31	5	13	997.57	0		32.155043
19	63	1	0	0	10	19	28	6	11	616.46	1		8.628188
19	64	1	0	0	16	19	28	6	11	616.46	1		8.628188
38	127	3	0	28	10	0	31	5	13	997.57	0		32.155043
19	65	3	0	28	15	0	31	5	13	997.57	0		32.155043
38	124	1	0	28	0	13	28	6	11	616.46	1		8.628188
38	125	1	0	28	6	13	28	6	11	616.46	1		8.628188
38	126	1	0	28	12	13	28	6	11	616.46	1		8.628188
24	84	3	0	28	20	0	31	5	13	997.57	0		32.155043
24	83	1	0	28	18	13	28	6	11	616.46	1		8.628188


-------------------------------------------------------------------------------------------------------------------
Tour_Id:			8
No_of_Customers:		4
No_of_Items:			14
Customer_Sequence:		27 42 8 28 

CustId	Id	TypeId	Rotated	x	y	z	Length	Width	Height	mass	Fragility	LoadBearingStrength
28	96	3	0	0	0	0	31	5	13	997.57	0		32.155043
28	94	1	0	0	5	0	28	6	11	616.46	1		8.628188
28	95	1	0	0	11	0	28	6	11	616.46	1		8.628188
8	29	3	0	0	17	0	31	5	13	997.57	0		32.155043
42	138	1	0	0	5	11	28	6	11	616.46	1		8.628188
8	28	2	0	28	5	0	16	10	8	629.27	0		48.486456
8	26	1	0	0	11	11	28	6	11	616.46	1		8.628188
8	30	3	0	0	0	13	31	5	13	997.57	0		32.155043
42	140	3	0	0	17	13	31	5	13	997.57	0		32.155043
42	139	2	0	28	5	8	16	10	8	629.27	0		48.486456
8	27	1	0	31	15	0	28	6	11	616.46	1		8.628188
27	92	3	0	28	5	16	31	5	13	997.57	0		32.155043
27	93	3	0	28	10	16	31	5	13	997.57	0		32.155043
27	91	2	0	44	0	0	16	10	8	629.27	0		48.486456


-------------------------------------------------------------------------------------------------------------------
Tour_Id:			9
No_of_Customers:		5
No_of_Items:			17
Customer_Sequence:		2 35 39 44 29 

CustId	Id	TypeId	Rotated	x	y	z	Length	Width	Height	mass	Fragility	LoadBearingStrength
44	146	3	0	0	0	0	31	5	13	997.57	0		32.155043
29	97	2	0	0	5	0	16	10	8	629.27	0		48.486456
44	145	3	0	0	15	0	31	5	13	997.57	0		32.155043
39	132	3	0	0	20	0	31	5	13	997.57	0		32.155043
44	144	2	0	0	5	8	16	10	8	629.27	0		48.486456
39	131	3	0	0	0	13	31	5	13	997.57	0		32.155043
29	98	2	0	16	5	0	16	10	8	629.27	0		48.486456
35	117	3	0	0	15	13	31	5	13	997.57	0		32.155043
39	130	2	0	0	5	16	16	10	8	629.27	0		48.486456
39	128	1	0	16	5	8	28	6	11	616.46	1		8.628188
39	129	2	0	31	15	0	16	10	8	629.27	0		48.486456
35	115	2	0	31	11	8	16	10	8	629.27	0		48.486456
35	113	1	0	16	5	19	28	6	11	616.46	1		8.628188
35	114	1	0	31	11	16	28	6	11	616.46	1		8.628188
35	116	2	0	44	0	0	16	10	8	629.27	0		48.486456
2	5	2	0	44	0	8	16	10	8	629.27	0		48.486456
2	4	1	0	31	17	16	28	6	11	616.46	1		8.628188


-------------------------------------------------------------------------------------------------------------------
Tour_Id:			10
No_of_Customers:		4
No_of_Items:			16
Customer_Sequence:		10 5 55 3 

CustId	Id	TypeId	Rotated	x	y	z	Length	Width	Height	mass	Fragility	LoadBearingStrength
3	8	3	0	0	0	0	31	5	13	997.57	0		32.155043
3	9	3	0	0	5	0	31	5	13	997.57	0		32.155043
3	7	2	0	0	10	0	16	10	8	629.27	0		48.486456
3	6	1	0	0	10	8	28	6	11	616.46	1		8.628188
55	183	3	0	0	20	0	31	5	13	997.57	0		32.155043
55	184	3	0	0	0	13	31	5	13	997.57	0		32.155043
55	181	2	0	28	10	0	16	10	8	629.27	0		48.486456
55	182	2	0	28	10	8	16	10	8	629.27	0		48.486456
5	17	3	0	0	5	13	31	5	13	997.57	0		32.155043
5	15	2	0	28	10	16	16	10	8	629.27	0		48.486456
5	16	2	0	31	0	0	16	10	8	629.27	0		48.486456
5	13	1	0	0	10	19	28	6	11	616.46	1		8.628188
5	14	1	0	31	0	8	28	6	11	616.46	1		8.628188
10	36	3	0	0	20	13	31	5	13	997.57	0		32.155043
10	34	2	0	44	10	0	16	10	8	629.27	0		48.486456
10	35	2	0	44	6	8	16	10	8	629.27	0		48.486456


-------------------------------------------------------------------------------------------------------------------
Tour_Id:			11
No_of_Customers:		5
No_of_Items:			14
Customer_Sequence:		32 26 9 57 53 

CustId	Id	TypeId	Rotated	x	y	z	Length	Width	Height	mass	Fragility	LoadBearingStrength
53	174	1	0	0	0	0	28	6	11	616.46	1		8.628188
53	173	1	0	0	6	0	28	6	11	616.46	1		8.628188
53	175	3	0	0	12	0	31	5	13	997.57	0		32.155043
57	188	1	0	0	17	0	28	6	11	616.46	1		8.628188
57	189	1	0	0	0	11	28	6	11	616.46	1		8.628188
9	33	3	0	0	12	13	31	5	13	997.57	0		32.155043
9	31	1	0	0	6	11	28	6	11	616.46	1		8.628188
9	32	2	0	28	0	0	16	10	8	629.27	0		48.486456
26	90	3	0	28	17	0	31	5	13	997.57	0		32.155043
32	106	1	0	28	0	8	28	6	11	616.46	1		8.628188
32	107	2	0	31	12	13	16	10	8	629.27	0		48.486456
32	104	1	0	28	6	8	28	6	11	616.46	1		8.628188
32	105	1	0	28	0	19	28	6	11	616.46	1		8.628188
26	89	2	0	44	0	0	16	10	8	629.27	0		48.486456


-------------------------------------------------------------------------------------------------------------------
Tour_Id:			12
No_of_Customers:		5
No_of_Items:			14
Customer_Sequence:		56 14 47 12 33 

CustId	Id	TypeId	Rotated	x	y	z	Length	Width	Height	mass	Fragility	LoadBearingStrength
33	108	3	0	0	0	0	31	5	13	997.57	0		32.155043
33	109	3	0	0	5	0	31	5	13	997.57	0		32.155043
33	110	3	0	0	10	0	31	5	13	997.57	0		32.155043
14	47	2	0	0	15	0	16	10	8	629.27	0		48.486456
12	40	3	0	0	0	13	31	5	13	997.57	0		32.155043
47	157	3	0	0	5	13	31	5	13	997.57	0		32.155043
47	154	2	0	31	0	0	16	10	8	629.27	0		48.486456
47	155	2	0	31	0	8	16	10	8	629.27	0		48.486456
47	156	2	0	31	0	16	16	10	8	629.27	0		48.486456
12	39	3	0	0	10	13	31	5	13	997.57	0		32.155043
14	46	1	0	0	15	8	28	6	11	616.46	1		8.628188
56	185	3	0	28	15	0	31	5	13	997.57	0		32.155043
56	186	3	0	28	20	0	31	5	13	997.57	0		32.155043
56	187	3	0	28	15	13	31	5	13	997.57	0		32.155043


-------------------------------------------------------------------------------------------------------------------
Tour_Id:			13
No_of_Customers:		4
No_of_Items:			14
Customer_Sequence:		13 41 49 51 

CustId	Id	TypeId	Rotated	x	y	z	Length	Width	Height	mass	Fragility	LoadBearingStrength
51	169	2	0	0	0	0	16	10	8	629.27	0		48.486456
41	137	1	0	0	10	0	28	6	11	616.46	1		8.628188
51	168	1	0	0	16	0	28	6	11	616.46	1		8.628188
49	164	3	0	0	0	8	31	5	13	997.57	0		32.155043
49	163	2	0	0	0	21	16	10	8	629.27	0		48.486456
49	161	1	0	0	16	11	28	6	11	616.46	1		8.628188
49	162	1	0	28	16	0	28	6	11	616.46	1		8.628188
41	136	1	0	0	10	11	28	6	11	616.46	1		8.628188
51	170	2	0	16	0	0	16	10	8	629.27	0		48.486456
13	44	3	0	28	10	0	31	5	13	997.57	0		32.155043
13	45	3	0	28	10	13	31	5	13	997.57	0		32.155043
13	43	2	0	16	0	21	16	10	8	629.27	0		48.486456
13	41	1	0	28	15	11	28	6	11	616.46	1		8.628188
13	42	1	0	32	0	0	28	6	11	616.46	1		8.628188


