Name:				216_n100_m200_bt10
Problem:			3L-VRPTW
Number_of_used_Vehicles:	19
Total_Travel_Distance:		1532.91
Calculation_Time:		3134.39
Total_Iterations:		20136
ConstraintSet:			P19

-------------------------------------------------------------------------------------------------------------------
Tour_Id:			1
No_of_Customers:		8
No_of_Items:			16
Customer_Sequence:		88 54 98 41 42 3 94 35 

CustId	Id	TypeId	Rotated	x	y	z	Length	Width	Height	mass	Fragility	LoadBearingStrength
35	79	3	0	0	0	0	29	12	9	1299.19	0		74.647791
35	81	7	0	0	12	0	28	10	11	331.06	0		9.926699
94	186	3	0	0	0	9	29	12	9	1299.19	0		74.647791
35	80	6	0	0	12	11	13	10	7	410.49	0		35.286397
3	6	2	0	0	0	18	31	7	12	1246.87	0		40.924276
3	7	5	0	0	7	18	26	13	11	379.74	0		3.849373
94	187	7	0	28	12	0	28	10	11	331.06	0		9.926699
3	8	6	0	13	12	11	13	10	7	410.49	0		35.286397
42	96	5	0	26	12	11	26	13	11	379.74	0		3.849373
41	93	7	0	31	0	0	28	10	11	331.06	0		9.926699
41	94	9	0	26	7	22	25	7	8	621.50	0		20.181092
41	95	10	0	31	0	11	17	12	7	320.03	0		16.505862
98	195	1	0	31	0	18	12	7	12	441.74	1		4.642376
54	118	9	0	26	14	22	25	7	8	621.50	0		20.181092
54	119	9	1	52	0	11	25	7	8	621.50	0		20.181092
88	177	9	1	52	0	19	25	7	8	621.50	0		20.181092


-------------------------------------------------------------------------------------------------------------------
Tour_Id:			2
No_of_Customers:		5
No_of_Items:			12
Customer_Sequence:		16 69 49 24 74 

CustId	Id	TypeId	Rotated	x	y	z	Length	Width	Height	mass	Fragility	LoadBearingStrength
74	153	5	0	0	0	0	26	13	11	379.74	0		3.849373
24	54	2	0	0	13	0	31	7	12	1246.87	0		40.924276
24	55	3	0	0	0	11	29	12	9	1299.19	0		74.647791
74	154	10	0	26	0	0	17	12	7	320.03	0		16.505862
24	56	10	0	0	13	12	17	12	7	320.03	0		16.505862
69	143	7	0	0	12	19	28	10	11	331.06	0		9.926699
49	109	9	0	0	0	20	25	7	8	621.50	0		20.181092
49	108	8	0	25	0	20	32	9	10	637.64	1		2.516732
69	142	3	0	31	13	0	29	12	9	1299.19	0		74.647791
49	110	10	0	43	0	0	17	12	7	320.03	0		16.505862
16	38	5	0	31	9	9	26	13	11	379.74	0		3.849373
16	39	8	0	28	9	20	32	9	10	637.64	1		2.516732


-------------------------------------------------------------------------------------------------------------------
Tour_Id:			3
No_of_Customers:		7
No_of_Items:			13
Customer_Sequence:		80 38 22 46 59 29 11 

CustId	Id	TypeId	Rotated	x	y	z	Length	Width	Height	mass	Fragility	LoadBearingStrength
11	25	3	0	0	0	0	29	12	9	1299.19	0		74.647791
11	27	8	0	0	12	0	32	9	10	637.64	1		2.516732
11	26	6	0	0	0	9	13	10	7	410.49	0		35.286397
59	128	2	0	0	0	16	31	7	12	1246.87	0		40.924276
29	68	8	0	0	12	10	32	9	10	637.64	1		2.516732
29	66	3	0	29	0	0	29	12	9	1299.19	0		74.647791
29	67	5	0	32	12	0	26	13	11	379.74	0		3.849373
46	104	9	1	32	0	11	25	7	8	621.50	0		20.181092
38	86	6	0	32	0	19	13	10	7	410.49	0		35.286397
22	51	8	0	0	7	20	32	9	10	637.64	1		2.516732
38	87	8	0	0	16	20	32	9	10	637.64	1		2.516732
80	162	7	0	32	10	19	28	10	11	331.06	0		9.926699
80	161	1	0	45	0	9	12	7	12	441.74	1		4.642376


-------------------------------------------------------------------------------------------------------------------
Tour_Id:			4
No_of_Customers:		4
No_of_Items:			9
Customer_Sequence:		97 30 78 5 

CustId	Id	TypeId	Rotated	x	y	z	Length	Width	Height	mass	Fragility	LoadBearingStrength
5	11	4	0	0	0	0	33	14	13	1958.38	0		13.524343
5	12	7	0	0	14	0	28	10	11	331.06	0		9.926699
78	158	1	0	0	14	11	12	7	12	441.74	1		4.642376
78	159	4	0	0	0	13	33	14	13	1958.38	0		13.524343
5	13	9	0	28	14	0	25	7	8	621.50	0		20.181092
30	70	10	0	33	0	0	17	12	7	320.03	0		16.505862
30	71	10	0	33	0	7	17	12	7	320.03	0		16.505862
30	69	1	0	12	14	11	12	7	12	441.74	1		4.642376
97	194	2	0	24	14	11	31	7	12	1246.87	0		40.924276


-------------------------------------------------------------------------------------------------------------------
Tour_Id:			5
No_of_Customers:		6
No_of_Items:			11
Customer_Sequence:		51 96 50 44 76 93 

CustId	Id	TypeId	Rotated	x	y	z	Length	Width	Height	mass	Fragility	LoadBearingStrength
76	156	4	0	0	0	0	33	14	13	1958.38	0		13.524343
93	185	8	0	0	14	0	32	9	10	637.64	1		2.516732
93	184	8	0	0	14	10	32	9	10	637.64	1		2.516732
44	100	10	0	0	0	13	17	12	7	320.03	0		16.505862
44	99	3	0	0	0	20	29	12	9	1299.19	0		74.647791
50	111	2	0	29	0	13	31	7	12	1246.87	0		40.924276
50	112	6	0	32	14	0	13	10	7	410.49	0		35.286397
96	193	10	1	45	7	0	17	12	7	320.03	0		16.505862
96	192	9	0	29	7	13	25	7	8	621.50	0		20.181092
96	191	8	0	0	14	20	32	9	10	637.64	1		2.516732
51	113	7	0	32	14	7	28	10	11	331.06	0		9.926699


-------------------------------------------------------------------------------------------------------------------
Tour_Id:			6
No_of_Customers:		8
No_of_Items:			13
Customer_Sequence:		9 72 83 91 85 36 8 63 

CustId	Id	TypeId	Rotated	x	y	z	Length	Width	Height	mass	Fragility	LoadBearingStrength
63	133	7	0	0	0	0	28	10	11	331.06	0		9.926699
8	20	5	0	0	10	0	26	13	11	379.74	0		3.849373
36	83	7	0	0	0	11	28	10	11	331.06	0		9.926699
36	82	6	0	0	10	11	13	10	7	410.49	0		35.286397
85	170	2	0	0	10	18	31	7	12	1246.87	0		40.924276
85	171	4	0	26	10	0	33	14	13	1958.38	0		13.524343
85	172	6	0	0	0	22	13	10	7	410.49	0		35.286397
91	182	2	0	0	17	18	31	7	12	1246.87	0		40.924276
83	165	7	0	28	0	0	28	10	11	331.06	0		9.926699
83	166	10	0	31	0	13	17	12	7	320.03	0		16.505862
72	149	6	0	13	0	22	13	10	7	410.49	0		35.286397
9	21	3	0	31	12	13	29	12	9	1299.19	0		74.647791
9	22	9	0	31	0	20	25	7	8	621.50	0		20.181092


-------------------------------------------------------------------------------------------------------------------
Tour_Id:			7
No_of_Customers:		6
No_of_Items:			11
Customer_Sequence:		68 17 28 13 79 65 

CustId	Id	TypeId	Rotated	x	y	z	Length	Width	Height	mass	Fragility	LoadBearingStrength
13	31	2	0	0	0	0	31	7	12	1246.87	0		40.924276
28	64	2	0	0	7	0	31	7	12	1246.87	0		40.924276
65	135	8	0	0	14	0	32	9	10	637.64	1		2.516732
28	65	4	0	0	0	12	33	14	13	1958.38	0		13.524343
17	41	7	0	32	14	0	28	10	11	331.06	0		9.926699
79	160	8	0	0	14	10	32	9	10	637.64	1		2.516732
17	40	5	0	33	0	0	26	13	11	379.74	0		3.849373
13	32	8	0	0	14	20	32	9	10	637.64	1		2.516732
68	139	7	0	32	14	11	28	10	11	331.06	0		9.926699
68	141	10	0	33	0	11	17	12	7	320.03	0		16.505862
68	140	9	0	32	14	22	25	7	8	621.50	0		20.181092


-------------------------------------------------------------------------------------------------------------------
Tour_Id:			8
No_of_Customers:		7
No_of_Items:			13
Customer_Sequence:		75 2 47 81 21 1 26 

CustId	Id	TypeId	Rotated	x	y	z	Length	Width	Height	mass	Fragility	LoadBearingStrength
26	60	4	0	0	0	0	33	14	13	1958.38	0		13.524343
26	61	8	0	0	14	0	32	9	10	637.64	1		2.516732
1	1	4	0	0	0	13	33	14	13	1958.38	0		13.524343
2	3	1	0	0	14	10	12	7	12	441.74	1		4.642376
1	2	6	0	32	14	0	13	10	7	410.49	0		35.286397
21	50	9	0	33	0	0	25	7	8	621.50	0		20.181092
2	4	7	0	32	14	7	28	10	11	331.06	0		9.926699
81	163	6	0	33	0	8	13	10	7	410.49	0		35.286397
47	105	10	0	33	0	15	17	12	7	320.03	0		16.505862
21	49	6	0	45	14	0	13	10	7	410.49	0		35.286397
2	5	7	0	12	14	18	28	10	11	331.06	0		9.926699
26	62	9	0	33	7	0	25	7	8	621.50	0		20.181092
75	155	9	0	33	0	22	25	7	8	621.50	0		20.181092


-------------------------------------------------------------------------------------------------------------------
Tour_Id:			9
No_of_Customers:		5
No_of_Items:			12
Customer_Sequence:		19 56 20 87 4 

CustId	Id	TypeId	Rotated	x	y	z	Length	Width	Height	mass	Fragility	LoadBearingStrength
4	9	3	0	0	0	0	29	12	9	1299.19	0		74.647791
4	10	8	0	0	12	0	32	9	10	637.64	1		2.516732
87	176	10	0	0	0	9	17	12	7	320.03	0		16.505862
20	48	10	0	0	0	16	17	12	7	320.03	0		16.505862
20	46	5	0	32	0	0	26	13	11	379.74	0		3.849373
19	43	4	0	17	0	11	33	14	13	1958.38	0		13.524343
56	123	7	0	32	13	0	28	10	11	331.06	0		9.926699
56	122	2	0	17	14	11	31	7	12	1246.87	0		40.924276
56	121	1	0	48	14	11	12	7	12	441.74	1		4.642376
20	47	6	0	0	0	23	13	10	7	410.49	0		35.286397
19	45	10	0	0	10	23	17	12	7	320.03	0		16.505862
19	44	6	0	17	14	23	13	10	7	410.49	0		35.286397


-------------------------------------------------------------------------------------------------------------------
Tour_Id:			10
No_of_Customers:		4
No_of_Items:			10
Customer_Sequence:		45 37 62 86 

CustId	Id	TypeId	Rotated	x	y	z	Length	Width	Height	mass	Fragility	LoadBearingStrength
86	173	4	0	0	0	0	33	14	13	1958.38	0		13.524343
86	175	10	0	0	0	13	17	12	7	320.03	0		16.505862
62	132	5	0	0	12	13	26	13	11	379.74	0		3.849373
62	131	3	0	0	0	20	29	12	9	1299.19	0		74.647791
45	103	6	0	26	12	13	13	10	7	410.49	0		35.286397
45	101	2	0	29	0	13	31	7	12	1246.87	0		40.924276
37	85	10	0	33	0	0	17	12	7	320.03	0		16.505862
45	102	3	0	26	12	20	29	12	9	1299.19	0		74.647791
37	84	5	0	33	12	0	26	13	11	379.74	0		3.849373
86	174	8	0	0	14	0	32	9	10	637.64	1		2.516732


-------------------------------------------------------------------------------------------------------------------
Tour_Id:			11
No_of_Customers:		8
No_of_Items:			11
Customer_Sequence:		77 66 58 15 7 92 55 18 

CustId	Id	TypeId	Rotated	x	y	z	Length	Width	Height	mass	Fragility	LoadBearingStrength
18	42	7	0	0	0	0	28	10	11	331.06	0		9.926699
55	120	1	0	0	10	0	12	7	12	441.74	1		4.642376
92	183	4	0	12	10	0	33	14	13	1958.38	0		13.524343
7	19	9	0	0	0	11	25	7	8	621.50	0		20.181092
7	18	6	0	0	0	19	13	10	7	410.49	0		35.286397
7	17	1	0	12	10	13	12	7	12	441.74	1		4.642376
15	37	3	0	24	7	13	29	12	9	1299.19	0		74.647791
15	36	2	0	28	0	0	31	7	12	1246.87	0		40.924276
58	127	9	0	13	0	19	25	7	8	621.50	0		20.181092
66	136	6	0	24	7	22	13	10	7	410.49	0		35.286397
77	157	9	0	24	17	22	25	7	8	621.50	0		20.181092


-------------------------------------------------------------------------------------------------------------------
Tour_Id:			12
No_of_Customers:		5
No_of_Items:			11
Customer_Sequence:		100 60 10 52 33 

CustId	Id	TypeId	Rotated	x	y	z	Length	Width	Height	mass	Fragility	LoadBearingStrength
33	74	4	0	0	0	0	33	14	13	1958.38	0		13.524343
10	23	3	0	0	0	13	29	12	9	1299.19	0		74.647791
33	76	10	0	0	12	13	17	12	7	320.03	0		16.505862
52	115	9	0	0	12	20	25	7	8	621.50	0		20.181092
33	75	7	0	0	14	0	28	10	11	331.06	0		9.926699
52	114	8	0	28	14	0	32	9	10	637.64	1		2.516732
10	24	9	0	0	0	22	25	7	8	621.50	0		20.181092
100	199	8	0	28	14	10	32	9	10	637.64	1		2.516732
100	198	2	0	29	0	13	31	7	12	1246.87	0		40.924276
100	200	9	0	29	7	13	25	7	8	621.50	0		20.181092
60	129	6	0	33	0	0	13	10	7	410.49	0		35.286397


-------------------------------------------------------------------------------------------------------------------
Tour_Id:			13
No_of_Customers:		4
No_of_Items:			10
Customer_Sequence:		25 14 99 34 

CustId	Id	TypeId	Rotated	x	y	z	Length	Width	Height	mass	Fragility	LoadBearingStrength
34	77	4	0	0	0	0	33	14	13	1958.38	0		13.524343
99	196	7	0	0	14	0	28	10	11	331.06	0		9.926699
34	78	10	0	0	0	13	17	12	7	320.03	0		16.505862
99	197	10	0	0	12	13	17	12	7	320.03	0		16.505862
25	57	4	0	17	0	13	33	14	13	1958.38	0		13.524343
14	35	10	0	0	0	20	17	12	7	320.03	0		16.505862
25	58	5	0	33	0	0	26	13	11	379.74	0		3.849373
14	33	7	0	17	14	11	28	10	11	331.06	0		9.926699
25	59	9	0	0	14	22	25	7	8	621.50	0		20.181092
14	34	8	0	28	14	0	32	9	10	637.64	1		2.516732


-------------------------------------------------------------------------------------------------------------------
Tour_Id:			14
No_of_Customers:		4
No_of_Items:			11
Customer_Sequence:		84 53 40 6 

CustId	Id	TypeId	Rotated	x	y	z	Length	Width	Height	mass	Fragility	LoadBearingStrength
6	16	7	0	0	0	0	28	10	11	331.06	0		9.926699
40	91	4	0	0	10	0	33	14	13	1958.38	0		13.524343
6	14	1	0	0	0	11	12	7	12	441.74	1		4.642376
84	167	2	0	0	10	13	31	7	12	1246.87	0		40.924276
6	15	6	0	12	0	11	13	10	7	410.49	0		35.286397
53	116	2	0	0	17	13	31	7	12	1246.87	0		40.924276
40	92	9	0	12	0	18	25	7	8	621.50	0		20.181092
53	117	10	0	33	10	0	17	12	7	320.03	0		16.505862
84	168	5	0	33	7	7	26	13	11	379.74	0		3.849373
84	169	5	0	31	7	18	26	13	11	379.74	0		3.849373
40	90	2	0	28	0	0	31	7	12	1246.87	0		40.924276


-------------------------------------------------------------------------------------------------------------------
Tour_Id:			15
No_of_Customers:		3
No_of_Items:			7
Customer_Sequence:		12 64 89 

CustId	Id	TypeId	Rotated	x	y	z	Length	Width	Height	mass	Fragility	LoadBearingStrength
64	134	4	0	0	0	0	33	14	13	1958.38	0		13.524343
89	178	2	0	0	14	0	31	7	12	1246.87	0		40.924276
89	180	8	0	0	14	12	32	9	10	637.64	1		2.516732
89	179	6	0	31	14	0	13	10	7	410.49	0		35.286397
12	29	4	0	0	0	13	33	14	13	1958.38	0		13.524343
12	30	10	0	33	0	0	17	12	7	320.03	0		16.505862
12	28	1	0	33	0	7	12	7	12	441.74	1		4.642376


-------------------------------------------------------------------------------------------------------------------
Tour_Id:			16
No_of_Customers:		5
No_of_Items:			8
Customer_Sequence:		57 61 23 31 90 

CustId	Id	TypeId	Rotated	x	y	z	Length	Width	Height	mass	Fragility	LoadBearingStrength
90	181	9	0	0	0	0	25	7	8	621.50	0		20.181092
31	72	4	0	0	7	0	33	14	13	1958.38	0		13.524343
57	125	5	0	0	0	13	26	13	11	379.74	0		3.849373
23	53	6	0	0	13	13	13	10	7	410.49	0		35.286397
61	130	5	0	33	0	0	26	13	11	379.74	0		3.849373
23	52	2	0	13	13	13	31	7	12	1246.87	0		40.924276
57	124	3	0	26	0	13	29	12	9	1299.19	0		74.647791
57	126	10	0	26	0	22	17	12	7	320.03	0		16.505862


-------------------------------------------------------------------------------------------------------------------
Tour_Id:			17
No_of_Customers:		5
No_of_Items:			9
Customer_Sequence:		39 82 48 70 27 

CustId	Id	TypeId	Rotated	x	y	z	Length	Width	Height	mass	Fragility	LoadBearingStrength
27	63	5	0	0	0	0	26	13	11	379.74	0		3.849373
70	144	2	0	0	13	0	31	7	12	1246.87	0		40.924276
48	107	10	0	0	0	11	17	12	7	320.03	0		16.505862
82	164	2	0	0	13	12	31	7	12	1246.87	0		40.924276
70	146	8	0	26	0	0	32	9	10	637.64	1		2.516732
48	106	8	0	0	0	18	32	9	10	637.64	1		2.516732
70	145	3	0	31	13	0	29	12	9	1299.19	0		74.647791
39	88	5	0	31	9	9	26	13	11	379.74	0		3.849373
39	89	9	0	31	9	20	25	7	8	621.50	0		20.181092


-------------------------------------------------------------------------------------------------------------------
Tour_Id:			18
No_of_Customers:		3
No_of_Items:			7
Customer_Sequence:		71 73 43 

CustId	Id	TypeId	Rotated	x	y	z	Length	Width	Height	mass	Fragility	LoadBearingStrength
43	97	4	0	0	0	0	33	14	13	1958.38	0		13.524343
43	98	6	0	0	14	0	13	10	7	410.49	0		35.286397
73	150	3	0	0	0	13	29	12	9	1299.19	0		74.647791
73	151	8	0	0	14	7	32	9	10	637.64	1		2.516732
73	152	10	0	0	0	22	17	12	7	320.03	0		16.505862
71	147	2	0	29	0	13	31	7	12	1246.87	0		40.924276
71	148	2	0	29	7	13	31	7	12	1246.87	0		40.924276


-------------------------------------------------------------------------------------------------------------------
Tour_Id:			19
No_of_Customers:		3
No_of_Items:			6
Customer_Sequence:		95 32 67 

CustId	Id	TypeId	Rotated	x	y	z	Length	Width	Height	mass	Fragility	LoadBearingStrength
67	138	8	0	0	0	0	32	9	10	637.64	1		2.516732
67	137	5	0	0	9	0	26	13	11	379.74	0		3.849373
32	73	4	0	0	0	11	33	14	13	1958.38	0		13.524343
95	188	7	0	0	14	11	28	10	11	331.06	0		9.926699
95	190	9	0	0	14	22	25	7	8	621.50	0		20.181092
95	189	8	0	28	14	0	32	9	10	637.64	1		2.516732


