Name:				547_n100_m400_bt10
Problem:			3L-VRPTW
Number_of_used_Vehicles:	27
Total_Travel_Distance:		2156.18
Calculation_Time:		3600.00
Total_Iterations:		6375
ConstraintSet:			P19

-------------------------------------------------------------------------------------------------------------------
Tour_Id:			1
No_of_Customers:		5
No_of_Items:			20
Customer_Sequence:		6 7 84 9 54 

CustId	Id	TypeId	Rotated	x	y	z	Length	Width	Height	mass	Fragility	LoadBearingStrength
54	208	1	0	0	0	0	30	9	11	323.32	0		6.544587
54	209	1	0	0	9	0	30	9	11	323.32	0		6.544587
9	33	10	0	0	0	11	24	12	13	821.89	1		3.442114
54	212	4	0	0	12	11	14	13	10	294.53	0		19.475798
54	210	2	0	0	18	0	25	5	8	285.63	0		18.872150
9	32	5	0	0	12	21	25	6	9	421.69	0		14.042348
9	31	3	0	0	18	21	17	7	9	329.36	0		29.326670
54	211	3	0	14	12	11	17	7	9	329.36	0		29.326670
84	336	4	0	31	0	0	14	13	10	294.53	0		19.475798
84	338	7	0	24	0	11	19	10	7	582.77	0		23.638649
6	16	2	0	24	0	18	25	5	8	285.63	0		18.872150
7	21	4	0	45	0	0	14	13	10	294.53	0		19.475798
84	337	6	0	31	13	0	23	6	9	324.01	0		7.198084
7	23	5	0	24	5	18	25	6	9	421.69	0		14.042348
7	22	5	0	25	19	0	25	6	9	421.69	0		14.042348
7	20	3	0	31	13	9	17	7	9	329.36	0		29.326670
7	19	2	0	17	20	9	25	5	8	285.63	0		18.872150
6	18	4	0	31	11	18	14	13	10	294.53	0		19.475798
7	24	7	1	49	0	10	19	10	7	582.77	0		23.638649
6	17	2	1	49	0	17	25	5	8	285.63	0		18.872150


-------------------------------------------------------------------------------------------------------------------
Tour_Id:			2
No_of_Customers:		4
No_of_Items:			18
Customer_Sequence:		17 80 88 95 

CustId	Id	TypeId	Rotated	x	y	z	Length	Width	Height	mass	Fragility	LoadBearingStrength
88	352	3	0	0	0	0	17	7	9	329.36	0		29.326670
95	376	6	0	0	7	0	23	6	9	324.01	0		7.198084
95	377	6	0	0	13	0	23	6	9	324.01	0		7.198084
88	356	8	0	0	0	9	18	13	12	1098.16	0		55.904364
95	379	7	0	0	13	9	19	10	7	582.77	0		23.638649
95	378	6	0	0	19	0	23	6	9	324.01	0		7.198084
80	323	5	0	0	13	16	25	6	9	421.69	0		14.042348
88	353	3	0	0	0	21	17	7	9	329.36	0		29.326670
88	355	4	0	18	0	9	14	13	10	294.53	0		19.475798
80	322	4	0	18	0	19	14	13	10	294.53	0		19.475798
88	354	3	0	17	0	0	17	7	9	329.36	0		29.326670
88	357	9	0	23	13	0	35	10	11	515.82	1		1.422733
80	320	3	0	32	0	9	17	7	9	329.36	0		29.326670
17	57	4	0	32	0	18	14	13	10	294.53	0		19.475798
80	321	3	0	34	0	0	17	7	9	329.36	0		29.326670
17	58	5	0	0	19	16	25	6	9	421.69	0		14.042348
17	59	5	0	32	7	0	25	6	9	421.69	0		14.042348
17	60	9	0	25	13	11	35	10	11	515.82	1		1.422733


-------------------------------------------------------------------------------------------------------------------
Tour_Id:			3
No_of_Customers:		4
No_of_Items:			16
Customer_Sequence:		70 98 55 82 

CustId	Id	TypeId	Rotated	x	y	z	Length	Width	Height	mass	Fragility	LoadBearingStrength
82	330	6	0	0	0	0	23	6	9	324.01	0		7.198084
82	331	10	0	0	6	0	24	12	13	821.89	1		3.442114
55	215	7	0	24	0	0	19	10	7	582.77	0		23.638649
55	216	7	0	24	10	0	19	10	7	582.77	0		23.638649
55	214	6	0	0	18	0	23	6	9	324.01	0		7.198084
55	213	3	0	0	18	9	17	7	9	329.36	0		29.326670
55	217	10	0	0	0	13	24	12	13	821.89	1		3.442114
98	390	1	0	24	0	7	30	9	11	323.32	0		6.544587
98	391	6	0	0	18	18	23	6	9	324.01	0		7.198084
98	392	6	0	17	18	9	23	6	9	324.01	0		7.198084
70	278	1	0	24	9	7	30	9	11	323.32	0		6.544587
70	282	6	0	23	18	18	23	6	9	324.01	0		7.198084
70	283	9	0	24	0	18	35	10	11	515.82	1		1.422733
70	281	6	0	24	10	18	23	6	9	324.01	0		7.198084
70	279	4	1	47	10	18	14	13	10	294.53	0		19.475798
70	280	5	1	54	0	0	25	6	9	421.69	0		14.042348


-------------------------------------------------------------------------------------------------------------------
Tour_Id:			4
No_of_Customers:		5
No_of_Items:			16
Customer_Sequence:		50 85 49 42 12 

CustId	Id	TypeId	Rotated	x	y	z	Length	Width	Height	mass	Fragility	LoadBearingStrength
12	42	8	0	0	0	0	18	13	12	1098.16	0		55.904364
12	43	10	0	0	13	0	24	12	13	821.89	1		3.442114
42	166	6	0	0	0	12	23	6	9	324.01	0		7.198084
42	165	4	0	18	0	0	14	13	10	294.53	0		19.475798
42	163	1	0	24	13	0	30	9	11	323.32	0		6.544587
42	164	3	0	0	6	12	17	7	9	329.36	0		29.326670
49	190	4	0	32	0	0	14	13	10	294.53	0		19.475798
49	189	2	0	0	0	21	25	5	8	285.63	0		18.872150
85	341	8	0	25	0	10	18	13	12	1098.16	0		55.904364
49	192	10	0	0	13	13	24	12	13	821.89	1		3.442114
49	191	7	0	24	13	11	19	10	7	582.77	0		23.638649
50	195	9	0	24	13	18	35	10	11	515.82	1		1.422733
85	339	2	0	0	5	21	25	5	8	285.63	0		18.872150
50	194	4	0	43	0	10	14	13	10	294.53	0		19.475798
50	193	3	0	43	0	20	17	7	9	329.36	0		29.326670
85	340	5	1	54	0	0	25	6	9	421.69	0		14.042348


-------------------------------------------------------------------------------------------------------------------
Tour_Id:			5
No_of_Customers:		4
No_of_Items:			13
Customer_Sequence:		48 40 100 62 

CustId	Id	TypeId	Rotated	x	y	z	Length	Width	Height	mass	Fragility	LoadBearingStrength
62	243	10	0	0	0	0	24	12	13	821.89	1		3.442114
62	242	4	0	0	12	0	14	13	10	294.53	0		19.475798
40	157	10	0	0	12	10	24	12	13	821.89	1		3.442114
100	397	1	0	24	0	0	30	9	11	323.32	0		6.544587
100	399	4	0	14	12	0	14	13	10	294.53	0		19.475798
62	244	10	0	0	0	13	24	12	13	821.89	1		3.442114
100	400	9	0	24	0	11	35	10	11	515.82	1		1.422733
40	156	1	0	24	10	10	30	9	11	323.32	0		6.544587
100	398	2	0	28	9	0	25	5	8	285.63	0		18.872150
48	188	5	0	24	19	10	25	6	9	421.69	0		14.042348
48	185	2	0	24	19	19	25	5	8	285.63	0		18.872150
48	187	3	0	24	10	21	17	7	9	329.36	0		29.326670
48	186	3	0	41	10	21	17	7	9	329.36	0		29.326670


-------------------------------------------------------------------------------------------------------------------
Tour_Id:			6
No_of_Customers:		4
No_of_Items:			16
Customer_Sequence:		28 71 22 68 

CustId	Id	TypeId	Rotated	x	y	z	Length	Width	Height	mass	Fragility	LoadBearingStrength
68	268	1	0	0	0	0	30	9	11	323.32	0		6.544587
68	269	1	0	0	9	0	30	9	11	323.32	0		6.544587
68	271	5	0	0	18	0	25	6	9	421.69	0		14.042348
68	272	7	0	0	0	11	19	10	7	582.77	0		23.638649
68	270	3	0	0	18	9	17	7	9	329.36	0		29.326670
71	286	8	0	0	0	18	18	13	12	1098.16	0		55.904364
71	285	8	0	19	0	11	18	13	12	1098.16	0		55.904364
22	81	4	0	30	0	0	14	13	10	294.53	0		19.475798
22	83	9	0	0	13	18	35	10	11	515.82	1		1.422733
22	82	4	0	44	0	0	14	13	10	294.53	0		19.475798
71	287	10	0	35	13	0	24	12	13	821.89	1		3.442114
71	284	7	0	18	0	23	19	10	7	582.77	0		23.638649
28	105	4	0	37	0	10	14	13	10	294.53	0		19.475798
28	104	2	1	37	0	20	25	5	8	285.63	0		18.872150
28	106	6	1	42	0	20	23	6	9	324.01	0		7.198084
28	107	7	1	48	0	20	19	10	7	582.77	0		23.638649


-------------------------------------------------------------------------------------------------------------------
Tour_Id:			7
No_of_Customers:		4
No_of_Items:			16
Customer_Sequence:		5 93 15 19 

CustId	Id	TypeId	Rotated	x	y	z	Length	Width	Height	mass	Fragility	LoadBearingStrength
19	68	4	0	0	0	0	14	13	10	294.53	0		19.475798
19	67	2	0	0	13	0	25	5	8	285.63	0		18.872150
15	53	9	0	0	13	8	35	10	11	515.82	1		1.422733
19	69	7	0	0	0	10	19	10	7	582.77	0		23.638649
19	70	10	0	0	0	17	24	12	13	821.89	1		3.442114
19	71	10	0	19	0	0	24	12	13	821.89	1		3.442114
15	50	4	0	43	0	0	14	13	10	294.53	0		19.475798
15	52	7	0	25	13	0	19	10	7	582.77	0		23.638649
15	51	6	1	43	0	10	23	6	9	324.01	0		7.198084
19	66	2	0	0	18	0	25	5	8	285.63	0		18.872150
93	371	5	0	24	0	19	25	6	9	421.69	0		14.042348
93	372	7	1	49	0	10	19	10	7	582.77	0		23.638649
93	370	2	0	24	6	19	25	5	8	285.63	0		18.872150
93	373	9	0	0	13	19	35	10	11	515.82	1		1.422733
5	15	6	0	35	13	19	23	6	9	324.01	0		7.198084
5	14	2	0	35	19	19	25	5	8	285.63	0		18.872150


-------------------------------------------------------------------------------------------------------------------
Tour_Id:			8
No_of_Customers:		4
No_of_Items:			16
Customer_Sequence:		78 21 86 4 

CustId	Id	TypeId	Rotated	x	y	z	Length	Width	Height	mass	Fragility	LoadBearingStrength
4	11	4	0	0	0	0	14	13	10	294.53	0		19.475798
4	12	4	0	0	0	10	14	13	10	294.53	0		19.475798
4	13	10	0	0	13	0	24	12	13	821.89	1		3.442114
86	342	1	0	14	0	0	30	9	11	323.32	0		6.544587
21	78	5	0	0	0	20	25	6	9	421.69	0		14.042348
86	344	3	0	0	6	20	17	7	9	329.36	0		29.326670
86	343	2	0	14	0	11	25	5	8	285.63	0		18.872150
21	80	10	0	0	13	13	24	12	13	821.89	1		3.442114
21	77	5	0	17	6	11	25	6	9	421.69	0		14.042348
86	345	6	0	24	9	0	23	6	9	324.01	0		7.198084
21	76	2	0	17	6	20	25	5	8	285.63	0		18.872150
21	79	8	1	47	0	0	18	13	12	1098.16	0		55.904364
78	316	8	0	42	0	12	18	13	12	1098.16	0		55.904364
78	315	6	0	24	18	0	23	6	9	324.01	0		7.198084
78	314	3	0	24	18	9	17	7	9	329.36	0		29.326670
78	317	9	0	24	13	18	35	10	11	515.82	1		1.422733


-------------------------------------------------------------------------------------------------------------------
Tour_Id:			9
No_of_Customers:		4
No_of_Items:			14
Customer_Sequence:		24 27 3 52 

CustId	Id	TypeId	Rotated	x	y	z	Length	Width	Height	mass	Fragility	LoadBearingStrength
52	202	7	0	0	0	0	19	10	7	582.77	0		23.638649
52	201	6	0	0	10	0	23	6	9	324.01	0		7.198084
3	8	4	0	0	0	9	14	13	10	294.53	0		19.475798
52	200	3	0	0	16	0	17	7	9	329.36	0		29.326670
52	203	9	0	0	13	9	35	10	11	515.82	1		1.422733
27	102	6	0	0	0	19	23	6	9	324.01	0		7.198084
3	9	5	0	0	6	19	25	6	9	421.69	0		14.042348
3	10	5	0	19	0	0	25	6	9	421.69	0		14.042348
27	103	8	1	44	0	0	18	13	12	1098.16	0		55.904364
52	199	3	0	17	16	0	17	7	9	329.36	0		29.326670
27	101	3	0	35	18	0	17	7	9	329.36	0		29.326670
24	89	7	0	35	0	12	19	10	7	582.77	0		23.638649
24	90	9	0	25	0	19	35	10	11	515.82	1		1.422733
24	91	10	0	35	10	12	24	12	13	821.89	1		3.442114


-------------------------------------------------------------------------------------------------------------------
Tour_Id:			10
No_of_Customers:		5
No_of_Items:			17
Customer_Sequence:		37 16 43 25 92 

CustId	Id	TypeId	Rotated	x	y	z	Length	Width	Height	mass	Fragility	LoadBearingStrength
92	369	8	0	0	0	0	18	13	12	1098.16	0		55.904364
25	92	2	0	0	13	0	25	5	8	285.63	0		18.872150
92	368	7	0	0	0	12	19	10	7	582.77	0		23.638649
92	366	5	0	0	18	0	25	6	9	421.69	0		14.042348
25	94	5	0	0	13	9	25	6	9	421.69	0		14.042348
43	167	3	0	0	10	18	17	7	9	329.36	0		29.326670
92	367	6	0	0	19	9	23	6	9	324.01	0		7.198084
25	93	4	0	19	0	0	14	13	10	294.53	0		19.475798
25	95	8	0	33	0	0	18	13	12	1098.16	0		55.904364
25	96	9	0	0	0	19	35	10	11	515.82	1		1.422733
43	168	10	0	25	13	0	24	12	13	821.89	1		3.442114
16	56	8	0	17	10	18	18	13	12	1098.16	0		55.904364
16	54	4	0	35	0	12	14	13	10	294.53	0		19.475798
16	55	5	1	49	0	12	25	6	9	421.69	0		14.042348
37	145	7	0	35	0	22	19	10	7	582.77	0		23.638649
37	146	7	0	35	10	22	19	10	7	582.77	0		23.638649
37	144	6	1	54	0	21	23	6	9	324.01	0		7.198084


-------------------------------------------------------------------------------------------------------------------
Tour_Id:			11
No_of_Customers:		4
No_of_Items:			15
Customer_Sequence:		73 32 29 57 

CustId	Id	TypeId	Rotated	x	y	z	Length	Width	Height	mass	Fragility	LoadBearingStrength
57	225	7	0	0	0	0	19	10	7	582.77	0		23.638649
29	108	2	0	0	10	0	25	5	8	285.63	0		18.872150
57	224	2	0	0	15	0	25	5	8	285.63	0		18.872150
29	109	4	0	0	0	8	14	13	10	294.53	0		19.475798
29	110	4	0	0	0	18	14	13	10	294.53	0		19.475798
29	111	6	0	0	13	8	23	6	9	324.01	0		7.198084
57	226	7	0	19	0	0	19	10	7	582.77	0		23.638649
73	293	10	0	0	13	17	24	12	13	821.89	1		3.442114
32	123	8	0	14	0	8	18	13	12	1098.16	0		55.904364
32	122	2	0	0	20	0	25	5	8	285.63	0		18.872150
32	124	9	0	25	13	0	35	10	11	515.82	1		1.422733
73	290	4	0	14	0	20	14	13	10	294.53	0		19.475798
73	291	6	0	28	0	20	23	6	9	324.01	0		7.198084
73	292	9	0	25	13	11	35	10	11	515.82	1		1.422733
32	121	2	0	0	19	8	25	5	8	285.63	0		18.872150


-------------------------------------------------------------------------------------------------------------------
Tour_Id:			12
No_of_Customers:		3
No_of_Items:			12
Customer_Sequence:		61 59 10 

CustId	Id	TypeId	Rotated	x	y	z	Length	Width	Height	mass	Fragility	LoadBearingStrength
10	34	1	0	0	0	0	30	9	11	323.32	0		6.544587
10	37	9	0	0	9	0	35	10	11	515.82	1		1.422733
10	35	6	0	0	19	0	23	6	9	324.01	0		7.198084
10	36	7	0	35	0	0	19	10	7	582.77	0		23.638649
59	229	1	0	0	0	11	30	9	11	323.32	0		6.544587
59	231	7	0	0	0	22	19	10	7	582.77	0		23.638649
59	230	6	0	0	19	9	23	6	9	324.01	0		7.198084
59	232	10	0	35	10	0	24	12	13	821.89	1		3.442114
61	238	1	0	30	0	7	30	9	11	323.32	0		6.544587
61	239	5	0	0	19	18	25	6	9	421.69	0		14.042348
61	240	6	0	30	0	18	23	6	9	324.01	0		7.198084
61	241	10	0	25	9	13	24	12	13	821.89	1		3.442114


-------------------------------------------------------------------------------------------------------------------
Tour_Id:			13
No_of_Customers:		4
No_of_Items:			16
Customer_Sequence:		74 31 46 89 

CustId	Id	TypeId	Rotated	x	y	z	Length	Width	Height	mass	Fragility	LoadBearingStrength
89	358	6	0	0	0	0	23	6	9	324.01	0		7.198084
89	359	10	0	0	6	0	24	12	13	821.89	1		3.442114
31	118	2	0	0	18	0	25	5	8	285.63	0		18.872150
46	177	3	0	24	0	0	17	7	9	329.36	0		29.326670
46	179	9	0	0	0	13	35	10	11	515.82	1		1.422733
31	119	4	0	35	0	9	14	13	10	294.53	0		19.475798
31	120	10	0	0	10	13	24	12	13	821.89	1		3.442114
31	117	2	0	25	13	0	25	5	8	285.63	0		18.872150
46	178	5	0	24	7	0	25	6	9	421.69	0		14.042348
31	116	2	0	24	13	8	25	5	8	285.63	0		18.872150
74	295	4	0	35	0	19	14	13	10	294.53	0		19.475798
74	296	5	0	24	13	16	25	6	9	421.69	0		14.042348
74	297	6	0	25	18	0	23	6	9	324.01	0		7.198084
74	299	7	1	50	0	0	19	10	7	582.77	0		23.638649
74	298	6	1	50	0	7	23	6	9	324.01	0		7.198084
74	294	3	1	49	0	16	17	7	9	329.36	0		29.326670


-------------------------------------------------------------------------------------------------------------------
Tour_Id:			14
No_of_Customers:		3
No_of_Items:			12
Customer_Sequence:		83 33 11 

CustId	Id	TypeId	Rotated	x	y	z	Length	Width	Height	mass	Fragility	LoadBearingStrength
11	38	3	0	0	0	0	17	7	9	329.36	0		29.326670
11	41	10	0	0	7	0	24	12	13	821.89	1		3.442114
11	39	4	0	24	0	0	14	13	10	294.53	0		19.475798
11	40	5	0	0	19	0	25	6	9	421.69	0		14.042348
83	335	9	0	0	0	13	35	10	11	515.82	1		1.422733
33	126	5	0	0	19	9	25	6	9	421.69	0		14.042348
33	127	5	0	0	19	18	25	6	9	421.69	0		14.042348
33	128	9	0	25	13	0	35	10	11	515.82	1		1.422733
83	333	4	0	35	0	10	14	13	10	294.53	0		19.475798
83	332	2	0	35	0	20	25	5	8	285.63	0		18.872150
83	334	9	0	25	13	11	35	10	11	515.82	1		1.422733
33	125	4	0	38	0	0	14	13	10	294.53	0		19.475798


-------------------------------------------------------------------------------------------------------------------
Tour_Id:			15
No_of_Customers:		3
No_of_Items:			10
Customer_Sequence:		2 94 47 

CustId	Id	TypeId	Rotated	x	y	z	Length	Width	Height	mass	Fragility	LoadBearingStrength
47	183	10	0	0	0	0	24	12	13	821.89	1		3.442114
47	184	10	0	0	12	0	24	12	13	821.89	1		3.442114
47	182	9	0	0	0	13	35	10	11	515.82	1		1.422733
47	181	8	0	24	0	0	18	13	12	1098.16	0		55.904364
94	374	4	0	42	0	0	14	13	10	294.53	0		19.475798
94	375	6	0	24	13	0	23	6	9	324.01	0		7.198084
2	5	1	0	24	13	9	30	9	11	323.32	0		6.544587
47	180	5	0	24	19	0	25	6	9	421.69	0		14.042348
2	6	8	0	42	0	10	18	13	12	1098.16	0		55.904364
2	7	10	0	0	10	13	24	12	13	821.89	1		3.442114


-------------------------------------------------------------------------------------------------------------------
Tour_Id:			16
No_of_Customers:		3
No_of_Items:			13
Customer_Sequence:		72 87 41 

CustId	Id	TypeId	Rotated	x	y	z	Length	Width	Height	mass	Fragility	LoadBearingStrength
41	158	1	0	0	0	0	30	9	11	323.32	0		6.544587
41	160	4	0	0	9	0	14	13	10	294.53	0		19.475798
41	161	7	0	0	9	10	19	10	7	582.77	0		23.638649
87	351	10	0	0	0	17	24	12	13	821.89	1		3.442114
41	162	10	0	0	12	17	24	12	13	821.89	1		3.442114
87	350	6	0	24	9	0	23	6	9	324.01	0		7.198084
87	348	5	0	24	15	0	25	6	9	421.69	0		14.042348
87	346	1	0	24	9	9	30	9	11	323.32	0		6.544587
41	159	2	0	30	0	0	25	5	8	285.63	0		18.872150
87	349	6	0	24	18	9	23	6	9	324.01	0		7.198084
87	347	1	0	30	0	8	30	9	11	323.32	0		6.544587
72	288	1	0	24	0	19	30	9	11	323.32	0		6.544587
72	289	4	0	24	9	20	14	13	10	294.53	0		19.475798


-------------------------------------------------------------------------------------------------------------------
Tour_Id:			17
No_of_Customers:		4
No_of_Items:			18
Customer_Sequence:		58 8 96 30 

CustId	Id	TypeId	Rotated	x	y	z	Length	Width	Height	mass	Fragility	LoadBearingStrength
30	112	1	0	0	0	0	30	9	11	323.32	0		6.544587
30	113	5	0	0	9	0	25	6	9	421.69	0		14.042348
96	382	3	0	0	15	0	17	7	9	329.36	0		29.326670
30	115	10	0	0	0	11	24	12	13	821.89	1		3.442114
96	385	8	0	0	12	9	18	13	12	1098.16	0		55.904364
96	384	7	0	0	12	21	19	10	7	582.77	0		23.638649
96	383	6	0	17	15	0	23	6	9	324.01	0		7.198084
30	114	7	0	24	0	11	19	10	7	582.77	0		23.638649
96	380	2	0	18	12	9	25	5	8	285.63	0		18.872150
96	381	2	0	18	17	9	25	5	8	285.63	0		18.872150
8	29	8	0	24	0	18	18	13	12	1098.16	0		55.904364
8	30	8	1	43	0	0	18	13	12	1098.16	0		55.904364
8	25	5	0	19	13	17	25	6	9	421.69	0		14.042348
8	26	5	0	19	19	17	25	6	9	421.69	0		14.042348
8	27	6	1	44	0	12	23	6	9	324.01	0		7.198084
8	28	6	1	44	0	21	23	6	9	324.01	0		7.198084
58	228	6	1	50	0	12	23	6	9	324.01	0		7.198084
58	227	3	1	50	0	21	17	7	9	329.36	0		29.326670


-------------------------------------------------------------------------------------------------------------------
Tour_Id:			18
No_of_Customers:		4
No_of_Items:			15
Customer_Sequence:		91 51 36 53 

CustId	Id	TypeId	Rotated	x	y	z	Length	Width	Height	mass	Fragility	LoadBearingStrength
53	205	6	0	0	0	0	23	6	9	324.01	0		7.198084
36	139	5	0	0	6	0	25	6	9	421.69	0		14.042348
53	204	4	0	0	12	0	14	13	10	294.53	0		19.475798
36	140	5	0	0	0	9	25	6	9	421.69	0		14.042348
53	207	7	0	0	12	10	19	10	7	582.77	0		23.638649
36	143	10	0	0	6	17	24	12	13	821.89	1		3.442114
36	141	7	0	19	12	0	19	10	7	582.77	0		23.638649
36	138	3	0	0	18	17	17	7	9	329.36	0		29.326670
51	196	2	0	0	0	18	25	5	8	285.63	0		18.872150
53	206	6	0	23	0	0	23	6	9	324.01	0		7.198084
51	197	8	0	25	0	9	18	13	12	1098.16	0		55.904364
36	142	9	0	24	13	7	35	10	11	515.82	1		1.422733
51	198	9	0	24	13	18	35	10	11	515.82	1		1.422733
91	365	6	0	25	0	21	23	6	9	324.01	0		7.198084
91	364	3	0	24	6	21	17	7	9	329.36	0		29.326670


-------------------------------------------------------------------------------------------------------------------
Tour_Id:			19
No_of_Customers:		4
No_of_Items:			15
Customer_Sequence:		34 38 14 64 

CustId	Id	TypeId	Rotated	x	y	z	Length	Width	Height	mass	Fragility	LoadBearingStrength
14	49	9	0	0	0	0	35	10	11	515.82	1		1.422733
64	252	9	0	0	10	0	35	10	11	515.82	1		1.422733
64	249	3	0	35	10	0	17	7	9	329.36	0		29.326670
64	251	6	0	35	17	0	23	6	9	324.01	0		7.198084
64	248	2	0	0	20	0	25	5	8	285.63	0		18.872150
14	48	7	0	35	0	0	19	10	7	582.77	0		23.638649
38	150	10	0	0	0	11	24	12	13	821.89	1		3.442114
38	148	5	0	35	0	7	25	6	9	421.69	0		14.042348
64	250	5	0	35	17	9	25	6	9	421.69	0		14.042348
38	149	6	0	24	0	16	23	6	9	324.01	0		7.198084
38	147	3	0	35	10	9	17	7	9	329.36	0		29.326670
64	253	9	0	0	12	11	35	10	11	515.82	1		1.422733
34	129	5	0	24	6	18	25	6	9	421.69	0		14.042348
34	131	7	1	49	0	18	19	10	7	582.77	0		23.638649
34	130	6	0	35	19	18	23	6	9	324.01	0		7.198084


-------------------------------------------------------------------------------------------------------------------
Tour_Id:			20
No_of_Customers:		3
No_of_Items:			13
Customer_Sequence:		18 69 75 

CustId	Id	TypeId	Rotated	x	y	z	Length	Width	Height	mass	Fragility	LoadBearingStrength
75	300	1	0	0	0	0	30	9	11	323.32	0		6.544587
75	301	1	0	0	9	0	30	9	11	323.32	0		6.544587
75	302	6	0	0	18	0	23	6	9	324.01	0		7.198084
69	275	5	0	0	18	9	25	6	9	421.69	0		14.042348
69	276	8	0	0	0	11	18	13	12	1098.16	0		55.904364
69	277	8	0	18	0	11	18	13	12	1098.16	0		55.904364
18	62	8	0	36	0	0	18	13	12	1098.16	0		55.904364
69	273	1	0	30	13	0	30	9	11	323.32	0		6.544587
18	61	7	0	0	0	23	19	10	7	582.77	0		23.638649
18	63	8	0	36	0	12	18	13	12	1098.16	0		55.904364
69	274	2	0	0	13	11	25	5	8	285.63	0		18.872150
18	64	9	0	0	13	19	35	10	11	515.82	1		1.422733
18	65	10	0	35	13	11	24	12	13	821.89	1		3.442114


-------------------------------------------------------------------------------------------------------------------
Tour_Id:			21
No_of_Customers:		3
No_of_Items:			13
Customer_Sequence:		66 60 26 

CustId	Id	TypeId	Rotated	x	y	z	Length	Width	Height	mass	Fragility	LoadBearingStrength
26	100	8	0	0	0	0	18	13	12	1098.16	0		55.904364
26	98	3	0	0	13	0	17	7	9	329.36	0		29.326670
26	97	2	0	0	20	0	25	5	8	285.63	0		18.872150
26	99	3	0	0	13	9	17	7	9	329.36	0		29.326670
60	236	9	0	0	0	12	35	10	11	515.82	1		1.422733
60	235	8	0	18	0	0	18	13	12	1098.16	0		55.904364
66	260	9	0	0	13	18	35	10	11	515.82	1		1.422733
66	259	7	0	35	13	0	19	10	7	582.77	0		23.638649
60	234	8	0	36	0	0	18	13	12	1098.16	0		55.904364
60	237	10	0	35	0	12	24	12	13	821.89	1		3.442114
66	258	3	0	17	13	0	17	7	9	329.36	0		29.326670
60	233	2	0	0	20	8	25	5	8	285.63	0		18.872150
66	261	10	0	35	13	7	24	12	13	821.89	1		3.442114


-------------------------------------------------------------------------------------------------------------------
Tour_Id:			22
No_of_Customers:		3
No_of_Items:			15
Customer_Sequence:		81 44 20 

CustId	Id	TypeId	Rotated	x	y	z	Length	Width	Height	mass	Fragility	LoadBearingStrength
20	73	8	0	0	0	0	18	13	12	1098.16	0		55.904364
20	72	2	0	0	13	0	25	5	8	285.63	0		18.872150
20	74	9	0	0	13	8	35	10	11	515.82	1		1.422733
44	170	5	0	0	0	12	25	6	9	421.69	0		14.042348
44	172	8	0	18	0	0	18	13	12	1098.16	0		55.904364
20	75	9	0	0	13	19	35	10	11	515.82	1		1.422733
44	171	6	0	0	6	12	23	6	9	324.01	0		7.198084
81	326	4	0	25	0	12	14	13	10	294.53	0		19.475798
44	173	10	0	35	13	0	24	12	13	821.89	1		3.442114
81	328	8	0	36	0	0	18	13	12	1098.16	0		55.904364
44	169	2	0	0	0	21	25	5	8	285.63	0		18.872150
81	327	6	0	0	5	21	23	6	9	324.01	0		7.198084
81	324	2	0	25	0	22	25	5	8	285.63	0		18.872150
81	325	2	0	23	5	22	25	5	8	285.63	0		18.872150
81	329	10	0	35	13	13	24	12	13	821.89	1		3.442114


-------------------------------------------------------------------------------------------------------------------
Tour_Id:			23
No_of_Customers:		4
No_of_Items:			19
Customer_Sequence:		77 23 13 65 

CustId	Id	TypeId	Rotated	x	y	z	Length	Width	Height	mass	Fragility	LoadBearingStrength
65	255	4	0	0	0	0	14	13	10	294.53	0		19.475798
65	256	5	0	0	13	0	25	6	9	421.69	0		14.042348
65	257	7	0	0	13	9	19	10	7	582.77	0		23.638649
65	254	3	0	0	0	10	17	7	9	329.36	0		29.326670
13	45	5	0	0	7	10	25	6	9	421.69	0		14.042348
13	44	2	0	0	13	16	25	5	8	285.63	0		18.872150
13	46	9	0	0	0	19	35	10	11	515.82	1		1.422733
13	47	10	0	25	0	0	24	12	13	821.89	1		3.442114
23	85	2	0	0	18	16	25	5	8	285.63	0		18.872150
23	88	7	0	25	12	0	19	10	7	582.77	0		23.638649
23	86	3	0	25	12	7	17	7	9	329.36	0		29.326670
23	84	2	0	25	19	7	25	5	8	285.63	0		18.872150
23	87	4	0	25	10	16	14	13	10	294.53	0		19.475798
77	308	5	1	39	0	16	25	6	9	421.69	0		14.042348
77	311	7	1	49	0	0	19	10	7	582.77	0		23.638649
77	312	7	1	49	0	7	19	10	7	582.77	0		23.638649
77	313	7	1	49	0	14	19	10	7	582.77	0		23.638649
77	309	6	1	45	0	21	23	6	9	324.01	0		7.198084
77	310	6	1	51	0	21	23	6	9	324.01	0		7.198084


-------------------------------------------------------------------------------------------------------------------
Tour_Id:			24
No_of_Customers:		3
No_of_Items:			13
Customer_Sequence:		79 35 76 

CustId	Id	TypeId	Rotated	x	y	z	Length	Width	Height	mass	Fragility	LoadBearingStrength
76	303	1	0	0	0	0	30	9	11	323.32	0		6.544587
76	306	5	0	0	9	0	25	6	9	421.69	0		14.042348
76	305	4	0	0	9	9	14	13	10	294.53	0		19.475798
76	304	2	0	0	15	0	25	5	8	285.63	0		18.872150
35	132	1	0	0	0	11	30	9	11	323.32	0		6.544587
76	307	9	0	0	9	19	35	10	11	515.82	1		1.422733
35	133	1	0	30	0	0	30	9	11	323.32	0		6.544587
35	135	5	0	0	19	19	25	6	9	421.69	0		14.042348
79	318	1	0	30	0	11	30	9	11	323.32	0		6.544587
35	136	6	0	25	19	0	23	6	9	324.01	0		7.198084
35	137	6	0	14	19	9	23	6	9	324.01	0		7.198084
35	134	4	0	37	9	9	14	13	10	294.53	0		19.475798
79	319	4	0	35	9	19	14	13	10	294.53	0		19.475798


-------------------------------------------------------------------------------------------------------------------
Tour_Id:			25
No_of_Customers:		3
No_of_Items:			13
Customer_Sequence:		63 99 67 

CustId	Id	TypeId	Rotated	x	y	z	Length	Width	Height	mass	Fragility	LoadBearingStrength
67	263	3	0	0	0	0	17	7	9	329.36	0		29.326670
67	266	8	0	0	7	0	18	13	12	1098.16	0		55.904364
67	265	7	0	0	0	12	19	10	7	582.77	0		23.638649
67	262	3	0	0	10	12	17	7	9	329.36	0		29.326670
67	264	5	0	0	17	12	25	6	9	421.69	0		14.042348
99	396	8	0	19	0	0	18	13	12	1098.16	0		55.904364
99	393	1	0	0	0	19	30	9	11	323.32	0		6.544587
67	267	9	0	18	13	0	35	10	11	515.82	1		1.422733
63	246	8	0	30	0	12	18	13	12	1098.16	0		55.904364
99	395	4	0	37	0	0	14	13	10	294.53	0		19.475798
99	394	3	0	0	10	21	17	7	9	329.36	0		29.326670
63	245	3	0	0	17	21	17	7	9	329.36	0		29.326670
63	247	9	0	25	13	11	35	10	11	515.82	1		1.422733


-------------------------------------------------------------------------------------------------------------------
Tour_Id:			26
No_of_Customers:		3
No_of_Items:			15
Customer_Sequence:		39 56 97 

CustId	Id	TypeId	Rotated	x	y	z	Length	Width	Height	mass	Fragility	LoadBearingStrength
97	389	4	0	0	0	0	14	13	10	294.53	0		19.475798
97	388	3	0	0	13	0	17	7	9	329.36	0		29.326670
56	220	5	0	0	13	9	25	6	9	421.69	0		14.042348
56	219	3	0	0	0	10	17	7	9	329.36	0		29.326670
56	221	8	0	17	0	0	18	13	12	1098.16	0		55.904364
97	386	2	0	0	20	0	25	5	8	285.63	0		18.872150
56	218	3	0	0	13	18	17	7	9	329.36	0		29.326670
97	387	2	0	0	20	8	25	5	8	285.63	0		18.872150
56	222	9	0	0	0	19	35	10	11	515.82	1		1.422733
56	223	10	0	25	13	0	24	12	13	821.89	1		3.442114
39	151	1	0	17	13	18	30	9	11	323.32	0		6.544587
39	155	8	0	35	0	0	18	13	12	1098.16	0		55.904364
39	152	4	0	35	0	12	14	13	10	294.53	0		19.475798
39	153	6	1	49	0	12	23	6	9	324.01	0		7.198084
39	154	6	1	49	0	21	23	6	9	324.01	0		7.198084


-------------------------------------------------------------------------------------------------------------------
Tour_Id:			27
No_of_Customers:		3
No_of_Items:			11
Customer_Sequence:		45 1 90 

CustId	Id	TypeId	Rotated	x	y	z	Length	Width	Height	mass	Fragility	LoadBearingStrength
1	3	10	0	0	0	0	24	12	13	821.89	1		3.442114
90	361	8	0	0	12	0	18	13	12	1098.16	0		55.904364
90	360	8	0	0	12	12	18	13	12	1098.16	0		55.904364
90	362	9	0	18	12	0	35	10	11	515.82	1		1.422733
1	1	1	0	24	0	0	30	9	11	323.32	0		6.544587
1	4	10	0	0	0	13	24	12	13	821.89	1		3.442114
90	363	10	0	18	12	11	24	12	13	821.89	1		3.442114
45	175	7	0	24	0	11	19	10	7	582.77	0		23.638649
1	2	2	1	54	0	0	25	5	8	285.63	0		18.872150
45	174	6	0	24	0	18	23	6	9	324.01	0		7.198084
45	176	10	1	47	0	11	24	12	13	821.89	1		3.442114


