Name:				300_n100_m200_bt100
Problem:			3L-VRPTW
Number_of_used_Vehicles:	5
Total_Travel_Distance:		1198.68
Calculation_Time:		3600.0
Total_Iterations:		26
ConstraintSet:			P19

-------------------------------------------------------------------------------------------------------------------
Tour_Id:			1
No_of_Customers:		27
No_of_Items:			51
Customer_Sequence:		66 46 74 91 68 2 13 3 72 62 82 87 15 77 81 5 52 84 88 30 53 1 12 9 21 19 64 

CustId	Id	TypeId	Rotated	x	y	z	Length	Width	Height	mass	Fragility	LoadBearingStrength
64	131	42	0	0	0	0	14	7	4	351.98	0		92.953328
64	129	4	0	0	7	0	14	6	7	492.57	1		48.983192
64	130	12	0	0	13	0	13	5	4	243.44	1		48.348858
19	39	6	0	0	18	0	12	5	5	165.95	0		8.300371
21	43	61	0	0	0	4	16	6	6	454.30	0		86.879895
21	42	58	0	0	18	5	10	6	8	369.78	0		30.740427
53	105	19	0	0	7	7	6	6	5	248.02	1		62.905038
9	18	85	0	0	0	10	14	6	5	355.56	0		37.588800
9	17	6	0	0	18	13	12	5	5	165.95	0		8.300371
12	24	53	0	0	0	15	7	5	8	197.32	0		96.922437
81	163	50	0	0	5	15	12	4	7	312.52	0		37.423688
5	9	46	0	0	18	18	9	6	5	246.94	0		64.536697
30	58	37	0	0	0	23	12	2	6	205.45	0		75.610432
53	106	88	0	12	18	0	17	6	7	333.11	0		71.812610
30	59	40	0	0	13	4	10	5	5	233.61	1		39.715688
30	57	2	0	0	23	13	13	2	5	186.55	0		64.375275
88	176	50	0	12	18	7	12	4	7	312.52	0		37.423688
88	177	94	0	0	13	9	8	2	8	87.98	1		7.214987
66	133	17	0	0	5	22	15	2	4	96.28	0		38.155042
52	104	35	0	0	15	9	6	2	4	45.80	1		47.192493
21	44	77	0	14	0	0	6	6	3	54.28	0		18.042239
1	1	83	0	14	6	0	10	7	4	182.73	1		8.616504
81	164	90	0	0	7	22	13	2	5	120.01	0		121.516768
82	165	40	0	0	13	17	10	5	5	233.61	1		39.715688
46	93	6	0	0	18	23	12	5	5	165.95	0		8.300371
15	31	40	0	8	13	9	10	5	5	233.61	1		39.715688
3	7	92	0	9	18	18	9	4	5	167.28	0		35.338533
77	155	52	0	14	0	10	13	6	6	239.68	0		60.087386
62	126	72	0	24	6	0	6	6	8	207.71	0		60.204404
2	4	58	0	24	12	0	10	6	8	369.78	0		30.740427
72	145	31	0	0	2	23	8	3	3	41.65	0		22.842637
72	146	79	0	14	0	16	15	6	5	428.13	0		110.394052
62	125	48	0	9	22	18	16	3	4	119.50	0		30.288023
72	147	83	0	0	9	22	10	7	4	182.73	1		8.616504
87	175	6	0	24	18	7	12	5	5	165.95	0		8.300371
3	6	83	0	0	9	26	10	7	4	182.73	1		8.616504
91	182	11	0	14	0	21	16	4	5	101.55	0		11.747966
46	94	55	0	12	18	23	16	6	4	480.30	0		31.669558
13	27	72	0	24	6	8	6	6	8	207.71	0		60.204404
13	26	39	0	14	6	16	12	4	4	64.63	0		8.991719
62	124	16	0	12	18	14	17	4	4	161.68	0		88.923018
2	2	37	0	0	23	23	12	2	6	205.45	0		75.610432
66	134	42	0	14	0	26	14	7	4	351.98	0		92.953328
68	137	81	0	24	12	8	10	6	4	153.16	0		34.490983
3	5	1	0	0	16	22	15	2	6	70.74	1		11.229765
13	25	38	0	30	6	0	17	4	8	264.78	0		34.282757
77	156	92	0	13	13	0	9	4	5	167.28	0		35.338533
74	151	58	0	24	12	12	10	6	8	369.78	0		30.740427
74	152	79	0	24	12	20	15	6	5	428.13	0		110.394052
2	3	37	0	14	10	16	12	2	6	205.45	0		75.610432
84	168	70	0	20	0	0	14	5	5	433.20	0		42.152595


-------------------------------------------------------------------------------------------------------------------
Tour_Id:			2
No_of_Customers:		20
No_of_Items:			39
Customer_Sequence:		78 27 56 93 14 98 41 47 7 44 32 10 99 38 20 8 86 75 16 92 

CustId	Id	TypeId	Rotated	x	y	z	Length	Width	Height	mass	Fragility	LoadBearingStrength
92	183	11	0	0	0	0	16	4	5	101.55	0		11.747966
92	184	14	0	0	4	0	15	3	5	92.72	0		66.761199
16	32	49	0	0	7	0	13	5	6	342.72	0		43.296987
16	33	53	0	0	12	0	7	5	8	197.32	0		96.922437
75	153	69	0	0	17	0	14	6	6	556.73	1		12.971807
86	173	34	0	0	0	5	15	6	7	1173.89	0		127.254708
86	172	11	0	0	7	6	16	4	5	101.55	0		11.747966
86	174	51	0	0	23	0	11	2	3	122	0		109.554244
8	16	75	0	0	12	8	16	3	7	261.28	0		33.410013
8	15	63	0	0	15	8	17	4	3	193.59	0		34.471154
8	14	26	0	0	7	11	15	3	4	62.34	1		5.316306
20	41	38	0	0	15	11	17	4	8	264.78	0		34.282757
41	82	77	0	0	0	12	6	6	3	54.28	0		18.042239
38	75	5	0	0	15	19	6	5	7	121.20	0		13.543640
99	198	59	0	0	12	15	7	3	4	105.41	0		78.337642
10	19	15	0	6	15	19	15	5	7	249.19	0		33.781728
44	89	38	0	16	0	0	17	4	8	264.78	0		34.282757
32	62	8	0	15	7	11	9	4	8	135.99	0		6.814605
32	63	46	0	15	7	19	9	6	5	246.94	0		64.536697
32	64	94	0	0	23	3	8	2	8	87.98	1		7.214987
10	20	41	0	16	4	0	17	4	5	279.52	0		41.951614
44	90	52	0	15	7	24	13	6	6	239.68	0		60.087386
7	12	34	0	33	0	0	15	6	7	1173.89	0		127.254708
7	13	37	0	8	23	3	12	2	6	205.45	0		75.610432
47	95	13	0	33	6	0	17	6	7	1053.70	0		50.517315
47	96	24	0	33	12	0	11	3	6	88.17	0		14.839965
41	81	20	0	0	0	15	12	6	5	344.30	0		61.194754
20	40	10	0	0	6	15	8	6	8	157.43	1		24.499377
98	196	14	0	0	0	20	15	3	5	92.72	0		66.761199
98	197	26	0	0	3	20	15	3	4	62.34	1		5.316306
14	30	86	0	16	0	8	15	5	7	348.96	0		23.689649
14	29	54	0	0	0	25	14	7	4	389.10	0		93.501140
14	28	21	0	0	15	26	8	6	4	70.39	0		11.574285
93	185	57	0	16	0	15	9	4	5	101.19	0		28.415914
56	113	95	0	15	0	20	14	4	8	173.49	0		12.622091
56	111	20	0	25	0	15	12	6	5	344.30	0		61.194754
56	112	35	0	0	23	11	6	2	4	45.80	1		47.192493
27	54	84	0	29	0	20	16	4	5	130.86	0		46.062210
78	157	10	0	29	4	20	8	6	8	157.43	1		24.499377


-------------------------------------------------------------------------------------------------------------------
Tour_Id:			3
No_of_Customers:		27
No_of_Items:			55
Customer_Sequence:		57 11 94 58 90 89 80 59 31 25 43 100 37 48 85 60 49 45 36 24 18 4 26 54 61 55 69 

CustId	Id	TypeId	Rotated	x	y	z	Length	Width	Height	mass	Fragility	LoadBearingStrength
69	140	50	0	0	0	0	12	4	7	312.52	0		37.423688
58	116	78	0	0	4	0	6	2	3	14.55	0		24.846646
69	138	10	0	0	6	0	8	6	8	157.43	1		24.499377
55	110	89	0	0	12	0	13	5	8	643.24	0		27.897068
55	109	23	0	0	17	0	15	2	5	140.35	0		12.763432
61	122	57	0	0	19	0	9	4	5	101.19	0		28.415914
61	123	69	0	0	17	5	14	6	6	556.73	1		12.971807
54	107	31	0	0	0	7	8	3	3	41.65	0		22.842637
54	108	96	0	0	6	8	6	4	8	223.52	1		11.376229
26	53	5	0	0	12	8	6	5	7	121.20	0		13.543640
4	8	21	0	0	12	15	8	6	4	70.39	0		11.574285
18	37	83	0	0	12	19	10	7	4	182.73	1		8.616504
18	38	96	0	0	0	10	6	4	8	223.52	1		11.376229
24	50	88	0	8	6	0	17	6	7	333.11	0		71.812610
24	49	11	0	8	0	7	16	4	5	101.55	0		11.747966
24	51	99	0	8	4	7	10	4	3	57.09	0		20.992182
36	72	86	0	8	4	10	15	5	7	348.96	0		23.689649
36	71	7	0	8	4	17	9	6	8	148.95	0		15.930291
36	73	99	0	8	8	7	10	4	3	57.09	0		20.992182
45	92	100	0	15	17	0	10	7	7	305.18	0		27.471205
45	91	69	0	0	12	23	14	6	6	556.73	1		12.971807
49	98	75	0	8	0	12	16	3	7	261.28	0		33.410013
60	121	80	0	15	17	7	8	5	8	135.68	0		38.966865
60	120	31	0	8	0	19	8	3	3	41.65	0		22.842637
60	119	10	0	15	17	15	8	6	8	157.43	1		24.499377
85	169	29	0	8	0	22	16	3	5	145.53	0		101.048631
85	170	48	0	8	4	25	16	3	4	119.50	0		30.288023
85	171	57	0	8	7	25	9	4	5	101.19	0		28.415914
48	97	80	0	23	17	7	8	5	8	135.68	0		38.966865
37	74	40	0	0	18	23	10	5	5	233.61	1		39.715688
100	200	85	0	23	17	15	14	6	5	355.56	0		37.588800
100	199	21	0	23	17	20	8	6	4	70.39	0		11.574285
43	87	88	0	25	6	0	17	6	7	333.11	0		71.812610
43	86	54	0	23	17	24	14	7	4	389.10	0		93.501140
43	88	90	1	24	0	7	13	2	5	120.01	0		121.516768
25	52	74	0	8	0	27	7	4	3	45.65	1		4.570698
31	61	52	0	24	0	12	13	6	6	239.68	0		60.087386
31	60	14	0	24	6	12	15	3	5	92.72	0		66.761199
59	118	11	0	24	9	12	16	4	5	101.55	0		11.747966
80	161	13	0	24	6	17	17	6	7	1053.70	0		50.517315
80	162	51	0	15	0	27	11	2	3	122	0		109.554244
89	180	87	0	24	12	17	11	5	8	403.65	0		21.499277
89	179	55	0	24	6	24	16	6	4	480.30	0		31.669558
89	178	48	0	24	12	25	16	3	4	119.50	0		30.288023
90	181	55	0	42	6	0	16	6	4	480.30	0		31.669558
58	117	89	0	42	12	0	13	5	8	643.24	0		27.897068
69	139	36	0	12	0	0	13	3	5	93.21	0		13.663010
58	115	19	0	40	6	24	6	6	5	248.02	1		62.905038
94	187	38	0	42	17	0	17	4	8	264.78	0		34.282757
94	188	76	0	42	21	0	9	4	8	146.84	0		51.025466
94	186	21	0	42	12	8	8	6	4	70.39	0		11.574285
11	23	98	0	42	18	8	12	4	8	192.14	0		31.983772
11	21	25	0	42	12	12	8	5	3	71.12	0		19.666099
11	22	25	0	42	12	15	8	5	3	71.12	0		19.666099
57	114	63	0	42	18	16	17	4	3	193.59	0		34.471154


-------------------------------------------------------------------------------------------------------------------
Tour_Id:			4
No_of_Customers:		18
No_of_Items:			41
Customer_Sequence:		96 39 17 67 33 42 23 73 83 51 70 22 29 6 71 97 76 63 

CustId	Id	TypeId	Rotated	x	y	z	Length	Width	Height	mass	Fragility	LoadBearingStrength
63	128	98	0	0	0	0	12	4	8	192.14	0		31.983772
63	127	53	0	0	4	0	7	5	8	197.32	0		96.922437
76	154	61	0	0	9	0	16	6	6	454.30	0		86.879895
97	194	75	0	0	15	0	16	3	7	261.28	0		33.410013
97	195	92	0	0	18	0	9	4	5	167.28	0		35.338533
97	193	64	0	0	18	5	8	4	5	110.79	0		118.386611
71	144	93	0	0	9	6	7	4	8	201.29	0		103.048360
71	143	90	0	0	22	0	13	2	5	120.01	0		121.516768
6	11	54	0	0	0	8	14	7	4	389.10	0		93.501140
6	10	9	0	0	18	10	10	5	7	251.65	0		23.289548
29	56	71	0	0	13	6	17	2	3	38.19	0		28.228731
22	46	70	0	0	13	9	14	5	5	433.20	0		42.152595
22	45	35	0	0	7	8	6	2	4	45.80	1		47.192493
70	141	29	0	0	0	12	16	3	5	145.53	0		101.048631
70	142	99	0	0	3	12	10	4	3	57.09	0		20.992182
51	103	79	0	0	9	14	15	6	5	428.13	0		110.394052
51	102	64	0	0	3	15	8	4	5	110.79	0		118.386611
51	101	2	0	0	15	14	13	2	5	186.55	0		64.375275
83	166	34	0	0	18	17	15	6	7	1173.89	0		127.254708
83	167	35	0	0	7	12	6	2	4	45.80	1		47.192493
73	148	2	0	0	0	17	13	2	5	186.55	0		64.375275
73	150	83	0	0	9	19	10	7	4	182.73	1		8.616504
73	149	82	0	0	3	20	8	5	5	63.05	1		2.679252
23	47	13	0	10	3	12	17	6	7	1053.70	0		50.517315
23	48	93	0	10	3	19	7	4	8	201.29	0		103.048360
42	84	58	0	10	7	19	10	6	8	369.78	0		30.740427
42	85	58	0	16	15	0	10	6	8	369.78	0		30.740427
42	83	57	0	0	18	24	9	4	5	101.19	0		28.415914
33	65	60	0	9	18	24	12	6	5	349.68	0		49.135242
33	66	71	0	0	16	19	17	2	3	38.19	0		28.228731
33	67	71	0	0	0	22	17	2	3	38.19	0		28.228731
67	136	63	0	10	3	27	17	4	3	193.59	0		34.471154
67	135	26	0	0	0	25	15	3	4	62.34	1		5.316306
17	36	87	0	20	7	19	11	5	8	403.65	0		21.499277
17	35	66	0	10	7	27	17	4	3	210.24	0		20.309640
17	34	64	0	26	15	0	8	4	5	110.79	0		118.386611
39	76	34	0	26	19	0	15	6	7	1173.89	0		127.254708
39	77	55	0	26	19	7	16	6	4	480.30	0		31.669558
96	192	88	0	26	19	11	17	6	7	333.11	0		71.812610
96	191	70	0	26	19	18	14	5	5	433.20	0		42.152595
96	190	16	0	26	15	5	17	4	4	161.68	0		88.923018


-------------------------------------------------------------------------------------------------------------------
Tour_Id:			5
No_of_Customers:		8
No_of_Items:			14
Customer_Sequence:		34 79 28 95 50 65 40 35 

CustId	Id	TypeId	Rotated	x	y	z	Length	Width	Height	mass	Fragility	LoadBearingStrength
35	70	60	0	0	0	0	12	6	5	349.68	0		49.135242
40	80	64	0	0	6	0	8	4	5	110.79	0		118.386611
40	78	10	0	0	10	0	8	6	8	157.43	1		24.499377
40	79	45	0	0	16	0	9	7	5	185.47	1		4.192361
65	132	96	0	0	0	5	6	4	8	223.52	1		11.376229
50	99	89	0	0	4	5	13	5	8	643.24	0		27.897068
50	100	94	0	0	23	0	8	2	8	87.98	1		7.214987
95	189	55	0	0	4	13	16	6	4	480.30	0		31.669558
28	55	99	0	0	4	17	10	4	3	57.09	0		20.992182
79	158	3	0	0	8	17	11	7	5	288.33	0		30.343241
79	159	17	0	0	4	20	15	2	4	96.28	0		38.155042
79	160	78	0	0	6	20	6	2	3	14.55	0		24.846646
34	68	9	0	0	8	22	10	5	7	251.65	0		23.289548
34	69	19	0	0	16	5	6	6	5	248.02	1		62.905038


