Name:				353_n020_m400_bt10
Problem:			3L-VRPTW
Number_of_used_Vehicles:	4
Total_Travel_Distance:		466.22
Calculation_Time:		3600.0
Total_Iterations:		35
ConstraintSet:			P19

-------------------------------------------------------------------------------------------------------------------
Tour_Id:			1
No_of_Customers:		7
No_of_Items:			136
Customer_Sequence:		14 1 10 17 6 16 12 

CustId	Id	TypeId	Rotated	x	y	z	Length	Width	Height	mass	Fragility	LoadBearingStrength
12	236	8	0	0	0	0	11	4	8	49.76	0		4.555780
12	235	8	0	0	4	0	11	4	8	49.76	0		4.555780
16	322	10	0	0	8	0	6	6	7	36.81	0		3.852086
12	239	10	0	0	14	0	6	6	7	36.81	0		3.852086
12	238	10	0	0	14	7	6	6	7	36.81	0		3.852086
12	237	10	0	0	0	8	6	6	7	36.81	0		3.852086
12	222	1	0	0	20	0	10	5	5	36.60	0		2.686003
12	231	5	0	0	20	5	13	3	5	34.07	0		4.854394
6	101	4	0	0	8	7	7	6	4	32	0		11.807221
12	230	5	0	0	20	10	13	3	5	34.07	0		4.854394
12	229	4	0	0	14	14	7	6	4	32	0		11.807221
12	233	6	0	0	0	15	17	3	3	16.07	0		3.998976
12	225	2	0	0	3	15	10	4	6	34.05	1		6.073335
16	318	7	0	0	20	15	8	5	7	30.66	0		3.317259
10	174	1	0	0	8	11	10	5	5	36.60	0		2.686003
17	333	5	0	0	0	18	13	3	5	34.07	0		4.854394
12	227	3	0	0	14	18	8	4	3	10.22	1		1.948690
12	226	3	0	0	3	21	8	4	3	10.22	1		1.948690
12	224	2	0	0	14	21	10	4	6	34.05	1		6.073335
10	175	1	0	0	8	16	10	5	5	36.60	0		2.686003
10	181	3	0	0	7	21	8	4	3	10.22	1		1.948690
16	321	10	0	6	8	0	6	6	7	36.81	0		3.852086
16	320	10	0	12	8	0	6	6	7	36.81	0		3.852086
16	300	1	0	0	20	22	10	5	5	36.60	0		2.686003
16	311	5	0	8	20	15	13	3	5	34.07	0		4.854394
16	313	5	0	11	4	0	13	3	5	34.07	0		4.854394
16	312	5	0	11	4	5	13	3	5	34.07	0		4.854394
16	310	5	0	11	4	10	13	3	5	34.07	0		4.854394
16	309	5	0	10	3	15	13	3	5	34.07	0		4.854394
16	308	5	0	10	3	20	13	3	5	34.07	0		4.854394
16	307	5	0	10	3	25	13	3	5	34.07	0		4.854394
16	306	4	0	12	14	0	7	6	4	32	0		11.807221
16	305	4	0	12	14	4	7	6	4	32	0		11.807221
16	314	6	0	0	20	27	17	3	3	16.07	0		3.998976
16	315	6	0	12	14	8	17	3	3	16.07	0		3.998976
16	316	6	0	12	17	8	17	3	3	16.07	0		3.998976
16	319	9	0	12	14	11	7	3	6	17.63	0		3.143659
16	302	2	0	0	3	24	10	4	6	34.05	1		6.073335
16	301	2	0	12	14	17	10	4	6	34.05	1		6.073335
16	304	3	0	0	14	27	8	4	3	10.22	1		1.948690
16	303	3	0	8	14	27	8	4	3	10.22	1		1.948690
6	110	8	0	18	8	0	11	4	8	49.76	0		4.555780
1	1	1	0	8	7	21	10	5	5	36.60	0		2.686003
6	109	7	0	29	8	0	8	5	7	30.66	0		3.317259
6	111	10	0	29	13	0	6	6	7	36.81	0		3.852086
6	112	10	0	29	19	0	6	6	7	36.81	0		3.852086
10	187	7	0	18	8	8	8	5	7	30.66	0		3.317259
6	99	1	0	29	13	7	10	5	5	36.60	0		2.686003
1	9	4	0	8	7	26	7	6	4	32	0		11.807221
6	105	5	0	24	4	0	13	3	5	34.07	0		4.854394
10	180	3	0	0	7	24	8	4	3	10.22	1		1.948690
6	102	4	0	7	8	7	7	6	4	32	0		11.807221
1	17	9	0	0	11	21	7	3	6	17.63	0		3.143659
6	106	6	0	24	4	5	17	3	3	16.07	0		3.998976
6	107	6	0	24	4	8	17	3	3	16.07	0		3.998976
6	100	3	0	24	4	11	8	4	3	10.22	1		1.948690
17	337	8	0	29	18	7	11	4	8	49.76	0		4.555780
17	330	3	0	24	4	14	8	4	3	10.22	1		1.948690
17	323	1	0	29	13	12	10	5	5	36.60	0		2.686003
17	324	1	0	22	14	17	10	5	5	36.60	0		2.686003
17	325	1	0	22	14	22	10	5	5	36.60	0		2.686003
17	326	1	0	32	14	17	10	5	5	36.60	0		2.686003
17	327	1	0	32	14	22	10	5	5	36.60	0		2.686003
1	20	10	0	32	4	11	6	6	7	36.81	0		3.852086
17	334	5	0	0	0	23	13	3	5	34.07	0		4.854394
17	332	4	0	35	19	0	7	6	4	32	0		11.807221
17	335	6	0	13	0	18	17	3	3	16.07	0		3.998976
10	178	2	0	18	8	15	10	4	6	34.05	1		6.073335
17	328	2	0	21	20	15	10	4	6	34.05	1		6.073335
17	329	3	0	16	14	27	8	4	3	10.22	1		1.948690
17	338	10	0	42	19	0	6	6	7	36.81	0		3.852086
17	331	3	0	21	20	21	8	4	3	10.22	1		1.948690
10	189	8	0	31	20	15	11	4	8	49.76	0		4.555780
10	188	7	0	10	8	11	8	5	7	30.66	0		3.317259
6	98	1	0	35	13	0	10	5	5	36.60	0		2.686003
10	186	7	0	31	20	23	8	5	7	30.66	0		3.317259
10	185	7	0	37	8	0	8	5	7	30.66	0		3.317259
10	184	7	0	39	20	23	8	5	7	30.66	0		3.317259
16	317	7	0	19	14	0	8	5	7	30.66	0		3.317259
10	176	1	0	42	19	7	10	5	5	36.60	0		2.686003
12	223	2	0	6	0	8	10	4	6	34.05	1		6.073335
10	182	4	0	42	19	12	7	6	4	32	0		11.807221
10	183	6	0	13	0	21	17	3	3	16.07	0		3.998976
10	190	9	0	13	0	24	7	3	6	17.63	0		3.143659
10	177	2	0	21	20	24	10	4	6	34.05	1		6.073335
10	192	9	0	20	0	24	7	3	6	17.63	0		3.143659
10	193	9	0	27	0	24	7	3	6	17.63	0		3.143659
10	194	9	0	42	19	16	7	3	6	17.63	0		3.143659
12	232	5	0	10	20	0	13	3	5	34.07	0		4.854394
10	191	9	0	42	22	16	7	3	6	17.63	0		3.143659
12	234	8	0	11	0	0	11	4	8	49.76	0		4.555780
6	103	4	0	45	13	0	7	6	4	32	0		11.807221
10	179	3	0	0	7	27	8	4	3	10.22	1		1.948690
1	16	7	0	32	4	18	8	5	7	30.66	0		3.317259
1	21	10	0	38	4	11	6	6	7	36.81	0		3.852086
12	228	3	0	13	20	5	8	4	3	10.22	1		1.948690
1	19	10	0	40	4	18	6	6	7	36.81	0		3.852086
6	104	5	0	22	0	0	13	3	5	34.07	0		4.854394
1	13	6	0	15	7	26	17	3	3	16.07	0		3.998976
1	11	5	0	23	3	25	13	3	5	34.07	0		4.854394
1	12	5	0	35	0	0	13	3	5	34.07	0		4.854394
1	2	1	0	36	3	25	10	5	5	36.60	0		2.686003
1	10	4	0	36	8	25	7	6	4	32	0		11.807221
6	108	7	0	21	20	5	8	5	7	30.66	0		3.317259
1	14	6	0	15	10	26	17	3	3	16.07	0		3.998976
1	15	6	0	24	14	27	17	3	3	16.07	0		3.998976
17	336	6	0	24	17	27	17	3	3	16.07	0		3.998976
1	18	9	0	32	9	18	7	3	6	17.63	0		3.143659
1	3	2	0	35	0	5	10	4	6	34.05	1		6.073335
1	6	3	0	18	7	21	8	4	3	10.22	1		1.948690
1	7	3	0	24	4	17	8	4	3	10.22	1		1.948690
1	8	3	0	23	3	20	8	4	3	10.22	1		1.948690
1	5	3	0	29	8	7	8	4	3	10.22	1		1.948690
1	4	3	0	35	0	11	8	4	3	10.22	1		1.948690
14	272	8	0	45	13	4	11	4	8	49.76	0		4.555780
14	271	8	0	45	13	12	11	4	8	49.76	0		4.555780
14	270	8	0	45	13	20	11	4	8	49.76	0		4.555780
14	278	10	0	48	0	0	6	6	7	36.81	0		3.852086
14	277	10	0	48	6	0	6	6	7	36.81	0		3.852086
14	257	1	0	43	8	25	10	5	5	36.60	0		2.686003
14	268	5	1	48	0	7	13	3	5	34.07	0		4.854394
14	267	5	1	48	0	12	13	3	5	34.07	0		4.854394
14	266	5	1	48	0	17	13	3	5	34.07	0		4.854394
14	265	5	1	51	0	7	13	3	5	34.07	0		4.854394
14	264	4	0	48	0	22	7	6	4	32	0		11.807221
14	263	4	0	48	0	26	7	6	4	32	0		11.807221
14	269	6	1	54	0	0	17	3	3	16.07	0		3.998976
14	273	9	0	49	19	12	7	3	6	17.63	0		3.143659
14	274	9	0	49	22	12	7	3	6	17.63	0		3.143659
14	275	9	0	49	19	18	7	3	6	17.63	0		3.143659
14	276	9	0	49	22	18	7	3	6	17.63	0		3.143659
14	260	2	0	49	19	24	10	4	6	34.05	1		6.073335
14	259	2	1	51	0	12	10	4	6	34.05	1		6.073335
14	258	2	1	54	0	3	10	4	6	34.05	1		6.073335
14	262	3	0	51	0	18	8	4	3	10.22	1		1.948690
14	261	3	0	51	4	18	8	4	3	10.22	1		1.948690


-------------------------------------------------------------------------------------------------------------------
Tour_Id:			2
No_of_Customers:		3
No_of_Items:			61
Customer_Sequence:		5 7 4 

CustId	Id	TypeId	Rotated	x	y	z	Length	Width	Height	mass	Fragility	LoadBearingStrength
4	74	8	0	0	0	0	11	4	8	49.76	0		4.555780
4	73	8	0	0	4	0	11	4	8	49.76	0		4.555780
4	72	8	0	0	8	0	11	4	8	49.76	0		4.555780
4	71	8	0	0	12	0	11	4	8	49.76	0		4.555780
4	68	8	0	0	16	0	11	4	8	49.76	0		4.555780
4	69	8	0	0	20	0	11	4	8	49.76	0		4.555780
4	70	8	0	0	0	8	11	4	8	49.76	0		4.555780
4	67	7	0	0	4	8	8	5	7	30.66	0		3.317259
4	79	10	0	0	9	8	6	6	7	36.81	0		3.852086
4	78	10	0	0	15	8	6	6	7	36.81	0		3.852086
4	65	5	0	0	21	8	13	3	5	34.07	0		4.854394
4	64	4	0	0	4	15	7	6	4	32	0		11.807221
4	66	6	0	0	21	13	17	3	3	16.07	0		3.998976
4	75	9	0	0	10	15	7	3	6	17.63	0		3.143659
4	76	9	0	0	13	15	7	3	6	17.63	0		3.143659
4	77	9	0	0	16	15	7	3	6	17.63	0		3.143659
4	62	2	0	0	0	16	10	4	6	34.05	1		6.073335
4	61	2	0	0	21	16	10	4	6	34.05	1		6.073335
4	63	3	0	0	4	19	8	4	3	10.22	1		1.948690
7	132	8	0	0	10	21	11	4	8	49.76	0		4.555780
7	131	8	0	0	14	21	11	4	8	49.76	0		4.555780
7	130	8	0	8	4	8	11	4	8	49.76	0		4.555780
7	129	8	0	8	8	8	11	4	8	49.76	0		4.555780
7	128	7	0	8	12	8	8	5	7	30.66	0		3.317259
7	127	7	0	8	4	16	8	5	7	30.66	0		3.317259
7	136	10	0	8	4	23	6	6	7	36.81	0		3.852086
7	135	10	0	11	0	0	6	6	7	36.81	0		3.852086
7	114	1	0	7	13	15	10	5	5	36.60	0		2.686003
7	116	1	0	11	6	0	10	5	5	36.60	0		2.686003
7	115	1	0	11	11	0	10	5	5	36.60	0		2.686003
7	113	1	0	11	16	0	10	5	5	36.60	0		2.686003
7	123	4	0	14	4	23	7	6	4	32	0		11.807221
7	124	4	0	16	4	16	7	6	4	32	0		11.807221
7	125	6	0	0	18	21	17	3	3	16.07	0		3.998976
7	126	6	0	0	18	24	17	3	3	16.07	0		3.998976
7	133	9	0	8	17	8	7	3	6	17.63	0		3.143659
7	134	9	0	10	0	16	7	3	6	17.63	0		3.143659
7	117	2	0	0	0	22	10	4	6	34.05	1		6.073335
7	122	3	0	0	4	22	8	4	3	10.22	1		1.948690
7	121	3	0	0	21	22	8	4	3	10.22	1		1.948690
7	120	3	0	0	4	25	8	4	3	10.22	1		1.948690
7	119	3	0	0	21	25	8	4	3	10.22	1		1.948690
7	118	3	0	8	9	16	8	4	3	10.22	1		1.948690
5	93	8	0	10	21	16	11	4	8	49.76	0		4.555780
5	92	8	0	10	0	22	11	4	8	49.76	0		4.555780
5	91	8	0	17	0	0	11	4	8	49.76	0		4.555780
5	90	8	0	17	0	8	11	4	8	49.76	0		4.555780
5	89	8	0	21	11	0	11	4	8	49.76	0		4.555780
5	88	7	0	21	15	0	8	5	7	30.66	0		3.317259
5	97	10	0	21	15	7	6	6	7	36.81	0		3.852086
5	96	10	0	21	15	14	6	6	7	36.81	0		3.852086
5	95	10	0	21	15	21	6	6	7	36.81	0		3.852086
5	86	5	0	10	21	24	13	3	5	34.07	0		4.854394
5	85	5	0	16	10	16	13	3	5	34.07	0		4.854394
5	84	5	0	11	10	21	13	3	5	34.07	0		4.854394
5	87	6	0	0	18	27	17	3	3	16.07	0		3.998976
5	94	9	0	17	0	16	7	3	6	17.63	0		3.143659
5	80	2	0	21	20	0	10	4	6	34.05	1		6.073335
5	83	3	0	11	10	26	8	4	3	10.22	1		1.948690
5	82	3	0	14	4	27	8	4	3	10.22	1		1.948690
5	81	3	0	19	10	26	8	4	3	10.22	1		1.948690


-------------------------------------------------------------------------------------------------------------------
Tour_Id:			3
No_of_Customers:		6
No_of_Items:			124
Customer_Sequence:		9 3 13 2 11 19 

CustId	Id	TypeId	Rotated	x	y	z	Length	Width	Height	mass	Fragility	LoadBearingStrength
19	374	8	0	0	0	0	11	4	8	49.76	0		4.555780
19	373	8	0	0	4	0	11	4	8	49.76	0		4.555780
19	372	7	0	0	8	0	8	5	7	30.66	0		3.317259
19	380	10	0	0	13	0	6	6	7	36.81	0		3.852086
2	24	3	0	0	19	0	8	4	3	10.22	1		1.948690
19	378	10	0	0	8	7	6	6	7	36.81	0		3.852086
19	377	10	0	0	0	8	6	6	7	36.81	0		3.852086
19	360	1	0	0	14	7	10	5	5	36.60	0		2.686003
19	359	1	0	0	14	12	10	5	5	36.60	0		2.686003
19	368	5	0	0	8	14	13	3	5	34.07	0		4.854394
19	369	5	0	0	11	14	13	3	5	34.07	0		4.854394
11	201	2	0	0	0	15	10	4	6	34.05	1		6.073335
19	367	4	0	0	8	19	7	6	4	32	0		11.807221
19	371	6	0	0	4	15	17	3	3	16.07	0		3.998976
19	375	9	0	0	14	17	7	3	6	17.63	0		3.143659
19	376	9	0	0	4	18	7	3	6	17.63	0		3.143659
19	363	2	0	0	8	23	10	4	6	34.05	1		6.073335
19	362	2	0	0	12	23	10	4	6	34.05	1		6.073335
11	203	2	0	0	0	21	10	4	6	34.05	1		6.073335
19	366	3	0	0	4	24	8	4	3	10.22	1		1.948690
19	365	3	0	0	4	27	8	4	3	10.22	1		1.948690
9	165	6	0	0	17	17	17	3	3	16.07	0		3.998976
11	215	8	0	11	0	0	11	4	8	49.76	0		4.555780
11	214	8	0	11	0	8	11	4	8	49.76	0		4.555780
3	50	4	0	8	19	0	7	6	4	32	0		11.807221
11	212	7	0	22	0	0	8	5	7	30.66	0		3.317259
11	221	10	0	22	5	0	6	6	7	36.81	0		3.852086
2	37	8	0	11	0	16	11	4	8	49.76	0		4.555780
11	219	10	0	22	11	0	6	6	7	36.81	0		3.852086
11	218	10	0	22	0	7	6	6	7	36.81	0		3.852086
11	217	10	0	22	6	7	6	6	7	36.81	0		3.852086
11	220	10	0	22	12	7	6	6	7	36.81	0		3.852086
11	195	1	0	13	8	14	10	5	5	36.60	0		2.686003
11	197	1	0	13	8	19	10	5	5	36.60	0		2.686003
11	198	1	0	13	8	24	10	5	5	36.60	0		2.686003
11	199	1	0	23	8	14	10	5	5	36.60	0		2.686003
11	204	3	0	0	0	27	8	4	3	10.22	1		1.948690
11	208	5	0	13	13	14	13	3	5	34.07	0		4.854394
11	206	4	0	23	8	19	7	6	4	32	0		11.807221
11	207	4	0	23	8	23	7	6	4	32	0		11.807221
11	211	6	0	13	16	14	17	3	3	16.07	0		3.998976
11	210	6	0	23	14	19	17	3	3	16.07	0		3.998976
11	209	6	0	23	14	22	17	3	3	16.07	0		3.998976
11	216	9	0	13	13	19	7	3	6	17.63	0		3.143659
9	172	10	0	0	17	20	6	6	7	36.81	0		3.852086
11	202	2	0	28	5	0	10	4	6	34.05	1		6.073335
19	370	5	0	6	13	0	13	3	5	34.07	0		4.854394
11	200	1	0	28	9	0	10	5	5	36.60	0		2.686003
13	256	10	0	22	0	14	6	6	7	36.81	0		3.852086
2	33	8	0	30	0	0	11	4	8	49.76	0		4.555780
2	34	8	0	30	8	19	11	4	8	49.76	0		4.555780
2	35	8	0	38	5	0	11	4	8	49.76	0		4.555780
2	36	8	0	38	9	0	11	4	8	49.76	0		4.555780
3	51	4	0	8	19	4	7	6	4	32	0		11.807221
2	42	10	0	49	5	0	6	6	7	36.81	0		3.852086
2	41	10	0	49	11	0	6	6	7	36.81	0		3.852086
2	22	1	0	11	0	24	10	5	5	36.60	0		2.686003
2	25	4	0	30	0	8	7	6	4	32	0		11.807221
2	26	4	0	37	0	8	7	6	4	32	0		11.807221
2	27	4	0	37	6	8	7	6	4	32	0		11.807221
2	28	4	0	37	6	12	7	6	4	32	0		11.807221
2	29	4	0	44	0	8	7	6	4	32	0		11.807221
2	30	4	0	44	6	8	7	6	4	32	0		11.807221
2	31	4	0	44	12	8	7	6	4	32	0		11.807221
2	32	6	0	23	14	25	17	3	3	16.07	0		3.998976
2	38	9	0	41	0	0	7	3	6	17.63	0		3.143659
9	156	1	0	6	17	20	10	5	5	36.60	0		2.686003
2	40	9	0	44	6	12	7	3	6	17.63	0		3.143659
19	379	10	0	6	8	7	6	6	7	36.81	0		3.852086
2	23	3	0	0	19	3	8	4	3	10.22	1		1.948690
13	253	8	0	22	0	21	11	4	8	49.76	0		4.555780
13	252	8	0	22	4	21	11	4	8	49.76	0		4.555780
13	251	7	0	30	0	12	8	5	7	30.66	0		3.317259
13	250	7	0	38	0	12	8	5	7	30.66	0		3.317259
13	247	5	0	38	0	19	13	3	5	34.07	0		4.854394
13	241	1	0	38	3	19	10	5	5	36.60	0		2.686003
13	243	1	0	38	0	24	10	5	5	36.60	0		2.686003
11	196	1	0	28	14	0	10	5	5	36.60	0		2.686003
13	240	1	0	44	9	12	10	5	5	36.60	0		2.686003
13	254	9	0	38	5	24	7	3	6	17.63	0		3.143659
13	248	5	0	44	14	12	13	3	5	34.07	0		4.854394
3	55	7	0	8	19	8	8	5	7	30.66	0		3.317259
13	249	6	0	23	8	27	17	3	3	16.07	0		3.998976
19	364	3	1	6	0	8	8	4	3	10.22	1		1.948690
13	255	9	0	44	9	17	7	3	6	17.63	0		3.143659
13	245	3	0	0	19	6	8	4	3	10.22	1		1.948690
13	244	3	0	0	19	9	8	4	3	10.22	1		1.948690
3	58	8	0	15	19	0	11	4	8	49.76	0		4.555780
3	57	7	0	16	19	8	8	5	7	30.66	0		3.317259
3	56	7	0	24	19	8	8	5	7	30.66	0		3.317259
13	246	4	0	44	9	23	7	6	4	32	0		11.807221
3	60	10	0	26	19	0	6	6	7	36.81	0		3.852086
3	43	1	0	32	19	0	10	5	5	36.60	0		2.686003
3	52	5	0	32	19	5	13	3	5	34.07	0		4.854394
3	53	5	0	32	22	5	13	3	5	34.07	0		4.854394
13	242	1	0	44	12	17	10	5	5	36.60	0		2.686003
11	213	7	0	28	9	5	8	5	7	30.66	0		3.317259
3	49	4	0	32	19	10	7	6	4	32	0		11.807221
3	54	6	0	23	11	27	17	3	3	16.07	0		3.998976
3	59	9	0	39	19	10	7	3	6	17.63	0		3.143659
3	45	2	0	45	5	24	10	4	6	34.05	1		6.073335
3	44	2	0	48	0	24	10	4	6	34.05	1		6.073335
3	48	3	0	0	19	12	8	4	3	10.22	1		1.948690
2	39	9	0	48	0	0	7	3	6	17.63	0		3.143659
3	46	3	1	40	8	27	8	4	3	10.22	1		1.948690
9	168	8	0	17	17	17	11	4	8	49.76	0		4.555780
9	167	8	0	39	19	16	11	4	8	49.76	0		4.555780
9	173	10	0	28	17	17	6	6	7	36.81	0		3.852086
9	166	6	0	0	17	27	17	3	3	16.07	0		3.998976
9	171	10	0	54	12	17	6	6	7	36.81	0		3.852086
3	47	3	0	42	19	0	8	4	3	10.22	1		1.948690
9	155	1	0	17	17	25	10	5	5	36.60	0		2.686003
9	161	5	0	28	17	24	13	3	5	34.07	0		4.854394
9	162	5	0	28	20	24	13	3	5	34.07	0		4.854394
9	160	5	0	39	22	10	13	3	5	34.07	0		4.854394
9	163	6	0	0	20	27	17	3	3	16.07	0		3.998976
9	164	6	0	41	17	24	17	3	3	16.07	0		3.998976
11	205	3	0	13	13	25	8	4	3	10.22	1		1.948690
19	361	2	0	8	8	0	10	4	6	34.05	1		6.073335
9	169	9	0	41	20	24	7	3	6	17.63	0		3.143659
9	170	9	0	48	20	24	7	3	6	17.63	0		3.143659
9	158	2	0	50	19	0	10	4	6	34.05	1		6.073335
9	157	2	1	55	5	24	10	4	6	34.05	1		6.073335
9	159	3	0	44	9	27	8	4	3	10.22	1		1.948690


-------------------------------------------------------------------------------------------------------------------
Tour_Id:			4
No_of_Customers:		4
No_of_Items:			79
Customer_Sequence:		15 8 18 20 

CustId	Id	TypeId	Rotated	x	y	z	Length	Width	Height	mass	Fragility	LoadBearingStrength
20	393	8	0	0	0	0	11	4	8	49.76	0		4.555780
20	392	7	0	0	4	0	8	5	7	30.66	0		3.317259
20	391	7	0	0	9	0	8	5	7	30.66	0		3.317259
20	387	7	0	0	14	0	8	5	7	30.66	0		3.317259
20	388	7	0	0	19	0	8	5	7	30.66	0		3.317259
20	389	7	0	0	4	7	8	5	7	30.66	0		3.317259
20	390	7	0	0	9	7	8	5	7	30.66	0		3.317259
20	400	10	0	0	14	7	6	6	7	36.81	0		3.852086
20	399	10	0	0	4	14	6	6	7	36.81	0		3.852086
8	149	8	0	0	20	7	11	4	8	49.76	0		4.555780
20	381	1	0	0	10	14	10	5	5	36.60	0		2.686003
20	386	5	0	0	0	8	13	3	5	34.07	0		4.854394
20	385	4	0	0	10	19	7	6	4	32	0		11.807221
20	384	4	0	0	4	21	7	6	4	32	0		11.807221
20	394	9	0	0	0	13	7	3	6	17.63	0		3.143659
20	395	9	0	0	0	19	7	3	6	17.63	0		3.143659
20	396	9	0	0	10	23	7	3	6	17.63	0		3.143659
20	397	9	0	0	13	23	7	3	6	17.63	0		3.143659
20	382	2	0	6	14	7	10	4	6	34.05	1		6.073335
20	383	3	0	0	15	14	8	4	3	10.22	1		1.948690
18	352	8	0	7	0	13	11	4	8	49.76	0		4.555780
18	351	7	0	7	10	19	8	5	7	30.66	0		3.317259
18	350	7	0	7	0	21	8	5	7	30.66	0		3.317259
18	349	7	0	8	4	0	8	5	7	30.66	0		3.317259
18	358	10	0	8	19	0	6	6	7	36.81	0		3.852086
18	357	10	0	8	4	7	6	6	7	36.81	0		3.852086
18	339	1	1	0	0	25	10	5	5	36.60	0		2.686003
18	345	5	0	8	4	14	13	3	5	34.07	0		4.854394
18	346	5	0	8	7	14	13	3	5	34.07	0		4.854394
18	344	5	0	8	7	19	13	3	5	34.07	0		4.854394
18	343	5	0	8	7	24	13	3	5	34.07	0		4.854394
18	342	5	0	14	19	0	13	3	5	34.07	0		4.854394
18	347	6	0	7	10	26	17	3	3	16.07	0		3.998976
18	348	6	0	7	13	26	17	3	3	16.07	0		3.998976
18	353	9	0	14	22	0	7	3	6	17.63	0		3.143659
18	354	9	0	14	4	7	7	3	6	17.63	0		3.143659
18	355	9	0	14	7	7	7	3	6	17.63	0		3.143659
18	356	9	0	15	0	21	7	3	6	17.63	0		3.143659
18	340	2	0	16	4	0	10	4	6	34.05	1		6.073335
18	341	3	0	15	0	27	8	4	3	10.22	1		1.948690
20	398	10	0	8	9	0	6	6	7	36.81	0		3.852086
8	148	8	0	0	20	15	11	4	8	49.76	0		4.555780
8	147	8	0	11	20	7	11	4	8	49.76	0		4.555780
8	146	7	0	0	16	23	8	5	7	30.66	0		3.317259
8	145	7	1	8	16	23	8	5	7	30.66	0		3.317259
8	154	10	0	26	4	0	6	6	7	36.81	0		3.852086
8	137	1	0	11	20	15	10	5	5	36.60	0		2.686003
8	142	5	0	21	22	0	13	3	5	34.07	0		4.854394
8	141	4	0	21	4	7	7	6	4	32	0		11.807221
8	140	4	0	21	4	11	7	6	4	32	0		11.807221
8	139	4	0	21	4	15	7	6	4	32	0		11.807221
8	143	6	0	11	20	20	17	3	3	16.07	0		3.998976
8	144	6	0	21	4	19	17	3	3	16.07	0		3.998976
8	150	9	0	0	21	23	7	3	6	17.63	0		3.143659
8	151	9	1	13	16	23	7	3	6	17.63	0		3.143659
8	152	9	1	16	16	23	7	3	6	17.63	0		3.143659
8	153	9	1	19	16	23	7	3	6	17.63	0		3.143659
8	138	3	0	21	20	15	8	4	3	10.22	1		1.948690
15	296	8	0	21	4	22	11	4	8	49.76	0		4.555780
15	295	8	0	26	10	0	11	4	8	49.76	0		4.555780
15	294	7	0	22	16	23	8	5	7	30.66	0		3.317259
15	293	7	0	26	14	0	8	5	7	30.66	0		3.317259
15	299	10	0	26	14	7	6	6	7	36.81	0		3.852086
15	280	1	0	26	14	14	10	5	5	36.60	0		2.686003
15	279	1	0	32	14	7	10	5	5	36.60	0		2.686003
15	289	5	0	22	21	23	13	3	5	34.07	0		4.854394
15	290	5	0	26	10	8	13	3	5	34.07	0		4.854394
15	286	4	0	26	14	19	7	6	4	32	0		11.807221
15	287	4	0	32	4	22	7	6	4	32	0		11.807221
15	288	4	0	32	4	26	7	6	4	32	0		11.807221
15	291	6	0	21	7	19	17	3	3	16.07	0		3.998976
15	292	6	0	26	10	13	17	3	3	16.07	0		3.998976
15	297	9	0	26	10	16	7	3	6	17.63	0		3.143659
15	298	9	0	26	10	22	7	3	6	17.63	0		3.143659
15	283	2	0	30	16	23	10	4	6	34.05	1		6.073335
15	282	2	0	33	10	16	10	4	6	34.05	1		6.073335
15	281	2	0	33	10	22	10	4	6	34.05	1		6.073335
15	285	3	0	33	14	19	8	4	3	10.22	1		1.948690
15	284	3	0	34	14	0	8	4	3	10.22	1		1.948690


