Name:				414_n060_m400_bt10
Problem:			3L-VRPTW
Number_of_used_Vehicles:	7
Total_Travel_Distance:		785.61
Calculation_Time:		3600.00
Total_Iterations:		188
ConstraintSet:			P19

-------------------------------------------------------------------------------------------------------------------
Tour_Id:			1
No_of_Customers:		9
No_of_Items:			71
Customer_Sequence:		2 17 11 7 3 23 19 37 50 

CustId	Id	TypeId	Rotated	x	y	z	Length	Width	Height	mass	Fragility	LoadBearingStrength
50	331	5	0	0	0	0	10	6	6	104.88	0		21.691226
50	333	10	0	0	6	0	16	5	3	76.05	0		11.195542
17	101	1	0	0	11	0	10	2	6	50.28	0		19.435934
50	328	2	0	0	13	0	13	2	7	72.95	0		26.755039
50	329	3	0	0	15	0	17	2	7	92.86	1		3.457582
50	326	1	0	0	17	0	10	2	6	50.28	0		19.435934
50	327	1	0	0	19	0	10	2	6	50.28	0		19.435934
50	330	4	0	0	21	0	6	3	7	84.34	0		19.204971
50	332	9	0	0	6	3	7	4	3	119.86	1		8.484811
37	246	5	0	0	0	6	10	6	6	104.88	0		21.691226
37	250	10	0	0	0	12	16	5	3	76.05	0		11.195542
37	249	8	0	0	17	6	8	4	5	83.87	0		24.801288
37	247	7	0	0	13	7	8	2	8	75.27	0		25.343251
37	248	7	0	0	21	7	8	2	8	75.27	0		25.343251
37	244	1	0	0	23	7	10	2	6	50.28	0		19.435934
37	245	1	0	0	17	11	10	2	6	50.28	0		19.435934
19	118	6	0	0	5	12	17	5	5	171.56	0		6.987871
19	117	5	0	0	5	17	10	6	6	104.88	0		21.691226
19	121	10	0	0	0	15	16	5	3	76.05	0		11.195542
19	122	10	0	0	17	17	16	5	3	76.05	0		11.195542
19	123	10	0	0	0	18	16	5	3	76.05	0		11.195542
19	120	8	0	0	13	15	8	4	5	83.87	0		24.801288
11	61	1	0	0	23	13	10	2	6	50.28	0		19.435934
19	116	1	0	0	19	11	10	2	6	50.28	0		19.435934
23	149	6	0	0	13	20	17	5	5	171.56	0		6.987871
23	150	6	0	0	18	20	17	5	5	171.56	0		6.987871
23	151	8	0	0	0	21	8	4	5	83.87	0		24.801288
23	152	8	0	0	5	23	8	4	5	83.87	0		24.801288
23	147	4	0	8	0	21	6	3	7	84.34	0		19.204971
23	148	4	0	8	5	23	6	3	7	84.34	0		19.204971
23	146	3	0	0	9	23	17	2	7	92.86	1		3.457582
23	153	9	0	0	13	25	7	4	3	119.86	1		8.484811
3	20	6	0	0	17	25	17	5	5	171.56	0		6.987871
3	22	10	0	14	0	21	16	5	3	76.05	0		11.195542
3	23	10	0	14	0	24	16	5	3	76.05	0		11.195542
3	17	2	0	17	15	0	13	2	7	72.95	0		26.755039
3	18	2	0	17	17	0	13	2	7	72.95	0		26.755039
3	21	7	0	17	19	0	8	2	8	75.27	0		25.343251
3	19	3	0	17	21	0	17	2	7	92.86	1		3.457582
7	43	5	0	30	15	0	10	6	6	104.88	0		21.691226
7	45	10	0	14	0	27	16	5	3	76.05	0		11.195542
7	46	10	0	17	19	8	16	5	3	76.05	0		11.195542
7	42	3	0	17	23	0	17	2	7	92.86	1		3.457582
7	44	9	0	7	13	25	7	4	3	119.86	1		8.484811
11	68	10	0	17	19	11	16	5	3	76.05	0		11.195542
11	69	10	0	17	19	14	16	5	3	76.05	0		11.195542
11	62	2	0	0	23	19	13	2	7	72.95	0		26.755039
11	64	4	0	17	15	7	6	3	7	84.34	0		19.204971
11	65	4	0	17	15	14	6	3	7	84.34	0		19.204971
19	119	7	0	7	6	3	8	2	8	75.27	0		25.343251
11	63	3	0	17	19	17	17	2	7	92.86	1		3.457582
11	66	9	0	14	13	25	7	4	3	119.86	1		8.484811
11	67	9	0	17	21	17	7	4	3	119.86	1		8.484811
17	106	6	0	40	15	0	17	5	5	171.56	0		6.987871
17	105	5	0	40	15	5	10	6	6	104.88	0		21.691226
17	109	10	0	40	20	0	16	5	3	76.05	0		11.195542
17	102	2	0	0	11	6	13	2	7	72.95	0		26.755039
17	103	2	0	0	11	13	13	2	7	72.95	0		26.755039
17	108	8	0	23	15	7	8	4	5	83.87	0		24.801288
17	107	7	0	0	11	20	8	2	8	75.27	0		25.343251
17	104	4	0	23	15	12	6	3	7	84.34	0		19.204971
50	334	10	0	10	0	0	16	5	3	76.05	0		11.195542
2	12	6	0	40	15	11	17	5	5	171.56	0		6.987871
2	8	5	0	40	15	16	10	6	6	104.88	0		21.691226
2	9	5	0	40	15	22	10	6	6	104.88	0		21.691226
2	10	5	0	50	15	5	10	6	6	104.88	0		21.691226
2	11	5	0	50	15	16	10	6	6	104.88	0		21.691226
2	16	10	0	40	20	11	16	5	3	76.05	0		11.195542
2	13	7	0	8	11	20	8	2	8	75.27	0		25.343251
2	14	9	0	17	21	20	7	4	3	119.86	1		8.484811
2	15	9	0	17	21	23	7	4	3	119.86	1		8.484811


-------------------------------------------------------------------------------------------------------------------
Tour_Id:			2
No_of_Customers:		9
No_of_Items:			62
Customer_Sequence:		39 41 8 34 26 4 6 42 20 

CustId	Id	TypeId	Rotated	x	y	z	Length	Width	Height	mass	Fragility	LoadBearingStrength
20	131	10	0	0	0	0	16	5	3	76.05	0		11.195542
20	130	7	0	0	5	0	8	2	8	75.27	0		25.343251
20	128	4	0	0	7	0	6	3	7	84.34	0		19.204971
20	129	4	0	0	10	0	6	3	7	84.34	0		19.204971
20	124	1	0	0	13	0	10	2	6	50.28	0		19.435934
20	125	1	0	0	15	0	10	2	6	50.28	0		19.435934
20	126	3	0	0	17	0	17	2	7	92.86	1		3.457582
20	127	3	0	0	19	0	17	2	7	92.86	1		3.457582
42	280	5	0	0	7	7	10	6	6	104.88	0		21.691226
42	276	2	0	0	21	0	13	2	7	72.95	0		26.755039
42	282	8	0	0	0	3	8	4	5	83.87	0		24.801288
42	283	8	0	0	13	6	8	4	5	83.87	0		24.801288
42	281	7	0	0	23	0	8	2	8	75.27	0		25.343251
42	278	4	0	0	0	8	6	3	7	84.34	0		19.204971
42	279	4	0	0	3	8	6	3	7	84.34	0		19.204971
42	277	3	0	0	17	7	17	2	7	92.86	1		3.457582
42	284	9	0	0	19	7	7	4	3	119.86	1		8.484811
6	37	2	0	0	23	8	13	2	7	72.95	0		26.755039
6	39	7	0	0	13	11	8	2	8	75.27	0		25.343251
6	40	7	0	0	15	11	8	2	8	75.27	0		25.343251
6	38	4	0	0	7	13	6	3	7	84.34	0		19.204971
6	41	9	0	0	19	10	7	4	3	119.86	1		8.484811
4	24	2	0	0	10	13	13	2	7	72.95	0		26.755039
26	172	9	0	0	19	13	7	4	3	119.86	1		8.484811
4	26	4	0	0	0	15	6	3	7	84.34	0		19.204971
4	25	3	0	0	17	14	17	2	7	92.86	1		3.457582
4	28	9	0	0	3	15	7	4	3	119.86	1		8.484811
26	168	5	0	0	7	20	10	6	6	104.88	0		21.691226
26	169	5	0	0	0	22	10	6	6	104.88	0		21.691226
26	170	5	0	8	0	3	10	6	6	104.88	0		21.691226
26	173	10	0	0	7	26	16	5	3	76.05	0		11.195542
26	171	8	0	0	13	19	8	4	5	83.87	0		24.801288
26	167	3	0	0	23	15	17	2	7	92.86	1		3.457582
4	27	7	0	8	13	6	8	2	8	75.27	0		25.343251
34	222	6	0	0	13	24	17	5	5	171.56	0		6.987871
34	221	5	0	17	17	0	10	6	6	104.88	0		21.691226
8	52	6	0	17	17	6	17	5	5	171.56	0		6.987871
34	223	8	0	8	13	14	8	4	5	83.87	0		24.801288
34	224	8	0	8	13	19	8	4	5	83.87	0		24.801288
34	220	4	0	17	22	6	6	3	7	84.34	0		19.204971
34	219	1	0	8	15	6	10	2	6	50.28	0		19.435934
34	225	9	0	0	19	16	7	4	3	119.86	1		8.484811
34	226	9	0	0	19	19	7	4	3	119.86	1		8.484811
8	49	6	0	17	17	11	17	5	5	171.56	0		6.987871
8	50	6	0	17	17	16	17	5	5	171.56	0		6.987871
8	51	6	0	17	17	21	17	5	5	171.56	0		6.987871
34	227	10	0	27	17	0	16	5	3	76.05	0		11.195542
8	48	2	0	17	22	13	13	2	7	72.95	0		26.755039
8	53	8	0	43	17	0	8	4	5	83.87	0		24.801288
8	47	1	0	17	22	20	10	2	6	50.28	0		19.435934
41	275	10	0	17	17	26	16	5	3	76.05	0		11.195542
41	274	8	0	43	21	0	8	4	5	83.87	0		24.801288
41	272	7	0	27	22	20	8	2	8	75.27	0		25.343251
41	273	7	0	43	17	5	8	2	8	75.27	0		25.343251
41	271	4	0	43	19	5	6	3	7	84.34	0		19.204971
39	260	5	0	43	19	12	10	6	6	104.88	0		21.691226
39	261	5	0	43	19	18	10	6	6	104.88	0		21.691226
39	262	5	0	43	19	24	10	6	6	104.88	0		21.691226
39	259	2	0	43	22	5	13	2	7	72.95	0		26.755039
39	263	7	0	43	17	13	8	2	8	75.27	0		25.343251
39	258	1	0	34	17	21	10	2	6	50.28	0		19.435934
39	264	9	0	34	17	27	7	4	3	119.86	1		8.484811


-------------------------------------------------------------------------------------------------------------------
Tour_Id:			3
No_of_Customers:		9
No_of_Items:			55
Customer_Sequence:		5 56 52 49 55 31 46 24 18 

CustId	Id	TypeId	Rotated	x	y	z	Length	Width	Height	mass	Fragility	LoadBearingStrength
18	113	5	0	0	0	0	10	6	6	104.88	0		21.691226
18	115	10	0	0	6	0	16	5	3	76.05	0		11.195542
18	111	2	0	0	11	0	13	2	7	72.95	0		26.755039
18	112	2	0	0	13	0	13	2	7	72.95	0		26.755039
18	114	7	0	0	15	0	8	2	8	75.27	0		25.343251
18	110	1	0	0	17	0	10	2	6	50.28	0		19.435934
24	158	10	0	0	19	0	16	5	3	76.05	0		11.195542
24	159	10	0	0	6	3	16	5	3	76.05	0		11.195542
55	369	6	0	0	19	3	17	5	5	171.56	0		6.987871
24	156	8	0	0	0	6	8	4	5	83.87	0		24.801288
24	157	8	0	0	4	6	8	4	5	83.87	0		24.801288
24	155	7	0	0	8	6	8	2	8	75.27	0		25.343251
24	154	3	0	0	17	6	17	2	7	92.86	1		3.457582
46	306	6	0	0	0	11	17	5	5	171.56	0		6.987871
46	307	6	0	0	8	14	17	5	5	171.56	0		6.987871
46	308	6	0	0	0	16	17	5	5	171.56	0		6.987871
46	305	4	0	0	11	7	6	3	7	84.34	0		19.204971
46	309	9	0	0	13	14	7	4	3	119.86	1		8.484811
46	310	9	0	0	13	17	7	4	3	119.86	1		8.484811
31	204	10	0	0	8	19	16	5	3	76.05	0		11.195542
31	202	2	0	0	5	11	13	2	7	72.95	0		26.755039
31	203	8	0	0	0	21	8	4	5	83.87	0		24.801288
31	201	1	0	0	5	18	10	2	6	50.28	0		19.435934
24	160	10	0	8	0	6	16	5	3	76.05	0		11.195542
55	372	10	0	0	19	8	16	5	3	76.05	0		11.195542
55	373	10	0	0	19	11	16	5	3	76.05	0		11.195542
55	365	2	0	0	19	14	13	2	7	72.95	0		26.755039
55	366	2	0	0	21	14	13	2	7	72.95	0		26.755039
55	367	2	0	0	23	14	13	2	7	72.95	0		26.755039
55	371	8	0	0	19	21	8	4	5	83.87	0		24.801288
55	370	7	0	0	23	21	8	2	8	75.27	0		25.343251
55	368	3	0	0	17	13	17	2	7	92.86	1		3.457582
49	323	5	0	0	8	22	10	6	6	104.88	0		21.691226
49	325	10	0	0	0	26	16	5	3	76.05	0		11.195542
49	324	8	0	8	0	21	8	4	5	83.87	0		24.801288
52	345	6	0	8	19	21	17	5	5	171.56	0		6.987871
52	343	5	0	10	8	22	10	6	6	104.88	0		21.691226
52	344	5	0	13	19	14	10	6	6	104.88	0		21.691226
52	348	10	0	8	19	26	16	5	3	76.05	0		11.195542
52	347	8	0	13	13	0	8	4	5	83.87	0		24.801288
52	346	7	0	10	5	18	8	2	8	75.27	0		25.343251
52	342	1	0	0	5	24	10	2	6	50.28	0		19.435934
56	377	6	0	21	13	0	17	5	5	171.56	0		6.987871
56	378	6	0	21	13	5	17	5	5	171.56	0		6.987871
56	374	2	0	21	13	10	13	2	7	72.95	0		26.755039
56	376	4	0	16	0	21	6	3	7	84.34	0		19.204971
56	375	3	0	0	17	20	17	2	7	92.86	1		3.457582
5	34	6	0	21	13	17	17	5	5	171.56	0		6.987871
5	32	5	0	20	8	22	10	6	6	104.88	0		21.691226
5	33	5	0	30	8	22	10	6	6	104.88	0		21.691226
5	36	8	0	20	14	22	8	4	5	83.87	0		24.801288
5	35	7	0	16	3	21	8	2	8	75.27	0		25.343251
5	30	4	0	21	15	10	6	3	7	84.34	0		19.204971
5	31	4	0	27	15	10	6	3	7	84.34	0		19.204971
5	29	1	0	28	14	22	10	2	6	50.28	0		19.435934


-------------------------------------------------------------------------------------------------------------------
Tour_Id:			4
No_of_Customers:		10
No_of_Items:			60
Customer_Sequence:		21 10 59 43 13 27 1 29 22 33 

CustId	Id	TypeId	Rotated	x	y	z	Length	Width	Height	mass	Fragility	LoadBearingStrength
33	214	2	0	0	0	0	13	2	7	72.95	0		26.755039
33	218	8	0	0	2	0	8	4	5	83.87	0		24.801288
33	216	7	0	0	6	0	8	2	8	75.27	0		25.343251
33	217	7	0	0	8	0	8	2	8	75.27	0		25.343251
33	215	3	0	0	10	0	17	2	7	92.86	1		3.457582
22	143	6	0	0	12	0	17	5	5	171.56	0		6.987871
22	145	10	0	0	17	0	16	5	3	76.05	0		11.195542
22	142	2	0	0	22	0	13	2	7	72.95	0		26.755039
22	141	1	0	0	17	3	10	2	6	50.28	0		19.435934
22	144	9	0	0	2	5	7	4	3	119.86	1		8.484811
29	195	6	0	0	12	5	17	5	5	171.56	0		6.987871
29	196	6	0	0	6	8	17	5	5	171.56	0		6.987871
29	191	5	0	0	17	9	10	6	6	104.88	0		21.691226
29	192	5	0	0	6	13	10	6	6	104.88	0		21.691226
29	193	5	0	0	17	15	10	6	6	104.88	0		21.691226
29	194	5	0	0	6	19	10	6	6	104.88	0		21.691226
29	189	4	0	0	12	10	6	3	7	84.34	0		19.204971
29	190	4	0	0	12	17	6	3	7	84.34	0		19.204971
29	188	3	0	0	0	7	17	2	7	92.86	1		3.457582
1	3	6	0	0	17	21	17	5	5	171.56	0		6.987871
1	7	10	0	0	12	24	16	5	3	76.05	0		11.195542
1	1	2	0	0	15	10	13	2	7	72.95	0		26.755039
1	2	2	0	0	15	17	13	2	7	72.95	0		26.755039
1	4	8	0	0	6	25	8	4	5	83.87	0		24.801288
1	5	9	0	0	2	8	7	4	3	119.86	1		8.484811
1	6	9	0	0	2	11	7	4	3	119.86	1		8.484811
27	176	6	0	8	6	25	17	5	5	171.56	0		6.987871
27	178	10	0	0	17	26	16	5	3	76.05	0		11.195542
27	177	7	0	0	22	21	8	2	8	75.27	0		25.343251
27	174	3	0	0	0	14	17	2	7	92.86	1		3.457582
27	175	3	0	0	2	14	17	2	7	92.86	1		3.457582
13	81	6	0	17	12	0	17	5	5	171.56	0		6.987871
13	82	6	0	17	17	0	17	5	5	171.56	0		6.987871
13	79	2	0	13	22	0	13	2	7	72.95	0		26.755039
13	84	8	0	17	12	5	8	4	5	83.87	0		24.801288
13	83	7	0	8	22	21	8	2	8	75.27	0		25.343251
13	80	4	0	13	22	7	6	3	7	84.34	0		19.204971
43	286	5	0	17	16	5	10	6	6	104.88	0		21.691226
43	290	10	0	0	12	27	16	5	3	76.05	0		11.195542
43	288	8	0	17	12	10	8	4	5	83.87	0		24.801288
43	289	8	0	17	16	11	8	4	5	83.87	0		24.801288
43	287	7	0	17	20	11	8	2	8	75.27	0		25.343251
43	285	1	0	17	12	15	10	2	6	50.28	0		19.435934
59	394	10	0	17	20	19	16	5	3	76.05	0		11.195542
59	395	10	0	17	12	21	16	5	3	76.05	0		11.195542
59	392	2	0	17	20	22	13	2	7	72.95	0		26.755039
59	393	8	0	16	12	24	8	4	5	83.87	0		24.801288
10	57	2	0	17	22	22	13	2	7	72.95	0		26.755039
10	58	2	0	30	20	22	13	2	7	72.95	0		26.755039
10	60	7	0	30	22	22	8	2	8	75.27	0		25.343251
10	59	3	0	0	4	14	17	2	7	92.86	1		3.457582
21	140	10	0	24	12	24	16	5	3	76.05	0		11.195542
21	138	8	0	34	12	0	8	4	5	83.87	0		24.801288
21	137	4	0	34	16	0	6	3	7	84.34	0		19.204971
21	132	3	0	0	0	21	17	2	7	92.86	1		3.457582
21	133	3	0	0	2	21	17	2	7	92.86	1		3.457582
21	134	3	0	0	4	21	17	2	7	92.86	1		3.457582
21	135	3	0	34	12	5	17	2	7	92.86	1		3.457582
21	136	3	0	34	14	5	17	2	7	92.86	1		3.457582
21	139	9	0	24	12	27	7	4	3	119.86	1		8.484811


-------------------------------------------------------------------------------------------------------------------
Tour_Id:			5
No_of_Customers:		10
No_of_Items:			67
Customer_Sequence:		47 36 38 60 48 28 9 14 44 53 

CustId	Id	TypeId	Rotated	x	y	z	Length	Width	Height	mass	Fragility	LoadBearingStrength
53	353	6	0	0	0	0	17	5	5	171.56	0		6.987871
53	354	6	0	0	5	0	17	5	5	171.56	0		6.987871
53	352	5	0	0	10	0	10	6	6	104.88	0		21.691226
53	349	2	0	0	16	0	13	2	7	72.95	0		26.755039
53	355	8	0	0	18	0	8	4	5	83.87	0		24.801288
53	356	8	0	0	0	5	8	4	5	83.87	0		24.801288
53	351	4	0	0	22	0	6	3	7	84.34	0		19.204971
53	350	3	0	0	4	5	17	2	7	92.86	1		3.457582
53	357	9	0	0	6	5	7	4	3	119.86	1		8.484811
44	295	6	0	0	10	6	17	5	5	171.56	0		6.987871
44	296	6	0	0	16	7	17	5	5	171.56	0		6.987871
44	294	5	0	0	10	11	10	6	6	104.88	0		21.691226
44	299	10	0	0	16	12	16	5	3	76.05	0		11.195542
44	291	2	0	0	21	7	13	2	7	72.95	0		26.755039
44	297	7	0	0	23	7	8	2	8	75.27	0		25.343251
44	292	3	0	0	6	8	17	2	7	92.86	1		3.457582
44	293	3	0	0	8	8	17	2	7	92.86	1		3.457582
44	298	9	0	0	0	10	7	4	3	119.86	1		8.484811
14	87	6	0	0	16	15	17	5	5	171.56	0		6.987871
14	89	10	0	0	10	17	16	5	3	76.05	0		11.195542
14	86	4	0	0	21	15	6	3	7	84.34	0		19.204971
14	85	3	0	0	4	12	17	2	7	92.86	1		3.457582
14	88	9	0	0	0	13	7	4	3	119.86	1		8.484811
9	56	10	0	0	10	20	16	5	3	76.05	0		11.195542
9	54	4	0	0	15	20	6	3	7	84.34	0		19.204971
9	55	9	0	0	6	15	7	4	3	119.86	1		8.484811
28	186	6	0	0	10	23	17	5	5	171.56	0		6.987871
28	185	5	0	6	15	20	10	6	6	104.88	0		21.691226
28	181	2	0	0	21	22	13	2	7	72.95	0		26.755039
28	182	2	0	0	23	22	13	2	7	72.95	0		26.755039
28	187	7	0	7	0	10	8	2	8	75.27	0		25.343251
28	184	4	0	0	18	20	6	3	7	84.34	0		19.204971
28	179	1	0	7	2	10	10	2	6	50.28	0		19.435934
28	180	1	0	7	2	16	10	2	6	50.28	0		19.435934
28	183	3	0	0	6	18	17	2	7	92.86	1		3.457582
48	319	6	0	17	0	0	17	5	5	171.56	0		6.987871
48	317	5	0	17	5	0	10	6	6	104.88	0		21.691226
48	318	5	0	17	11	0	10	6	6	104.88	0		21.691226
48	322	10	0	0	15	27	16	5	3	76.05	0		11.195542
48	315	2	0	7	0	18	13	2	7	72.95	0		26.755039
48	320	8	0	7	2	22	8	4	5	83.87	0		24.801288
48	321	8	0	15	2	22	8	4	5	83.87	0		24.801288
48	316	3	0	0	8	18	17	2	7	92.86	1		3.457582
60	400	6	0	17	17	0	17	5	5	171.56	0		6.987871
60	399	5	0	17	17	5	10	6	6	104.88	0		21.691226
60	398	2	0	17	10	6	13	2	7	72.95	0		26.755039
60	396	1	1	16	15	20	10	2	6	50.28	0		19.435934
60	397	1	0	17	12	6	10	2	6	50.28	0		19.435934
38	254	6	0	17	10	13	17	5	5	171.56	0		6.987871
38	255	7	1	17	6	18	8	2	8	75.27	0		25.343251
38	256	7	1	19	6	18	8	2	8	75.27	0		25.343251
38	251	1	0	19	14	18	10	2	6	50.28	0		19.435934
38	252	1	0	19	14	24	10	2	6	50.28	0		19.435934
38	253	3	0	27	5	0	17	2	7	92.86	1		3.457582
38	257	9	0	0	6	25	7	4	3	119.86	1		8.484811
36	238	6	0	21	6	18	17	5	5	171.56	0		6.987871
36	239	6	0	21	6	23	17	5	5	171.56	0		6.987871
36	240	6	0	27	17	5	17	5	5	171.56	0		6.987871
36	241	6	0	27	17	10	17	5	5	171.56	0		6.987871
36	242	7	0	21	11	18	8	2	8	75.27	0		25.343251
36	237	4	0	27	7	0	6	3	7	84.34	0		19.204971
36	236	3	0	27	5	7	17	2	7	92.86	1		3.457582
36	243	9	0	7	2	27	7	4	3	119.86	1		8.484811
47	311	2	0	27	17	15	13	2	7	72.95	0		26.755039
47	313	8	0	27	19	15	8	4	5	83.87	0		24.801288
47	312	3	0	27	19	20	17	2	7	92.86	1		3.457582
47	314	9	0	14	2	27	7	4	3	119.86	1		8.484811


-------------------------------------------------------------------------------------------------------------------
Tour_Id:			6
No_of_Customers:		10
No_of_Items:			67
Customer_Sequence:		57 15 45 25 32 16 12 51 54 35 

CustId	Id	TypeId	Rotated	x	y	z	Length	Width	Height	mass	Fragility	LoadBearingStrength
35	232	6	0	0	0	0	17	5	5	171.56	0		6.987871
35	233	6	0	0	5	0	17	5	5	171.56	0		6.987871
35	235	10	0	0	10	0	16	5	3	76.05	0		11.195542
35	228	2	0	0	15	0	13	2	7	72.95	0		26.755039
35	234	7	0	0	17	0	8	2	8	75.27	0		25.343251
35	230	4	0	0	19	0	6	3	7	84.34	0		19.204971
35	231	4	0	0	22	0	6	3	7	84.34	0		19.204971
35	229	3	0	0	10	3	17	2	7	92.86	1		3.457582
54	360	6	0	0	0	5	17	5	5	171.56	0		6.987871
54	361	6	0	0	5	5	17	5	5	171.56	0		6.987871
54	359	5	0	0	19	7	10	6	6	104.88	0		21.691226
54	364	10	0	0	0	10	16	5	3	76.05	0		11.195542
54	362	8	0	0	5	10	8	4	5	83.87	0		24.801288
54	363	8	0	0	0	13	8	4	5	83.87	0		24.801288
54	358	1	0	0	12	3	10	2	6	50.28	0		19.435934
51	337	2	0	0	15	7	13	2	7	72.95	0		26.755039
51	340	8	0	0	19	13	8	4	5	83.87	0		24.801288
51	335	1	0	0	17	8	10	2	6	50.28	0		19.435934
51	336	1	0	0	12	9	10	2	6	50.28	0		19.435934
51	338	3	0	0	9	10	17	2	7	92.86	1		3.457582
51	339	3	0	0	23	13	17	2	7	92.86	1		3.457582
51	341	9	0	0	15	14	7	4	3	119.86	1		8.484811
12	73	6	0	0	0	18	17	5	5	171.56	0		6.987871
12	74	6	1	0	5	18	17	5	5	171.56	0		6.987871
12	78	10	0	0	0	23	16	5	3	76.05	0		11.195542
12	76	8	0	0	5	23	8	4	5	83.87	0		24.801288
12	75	7	0	7	15	14	8	2	8	75.27	0		25.343251
12	70	1	0	0	9	23	10	2	6	50.28	0		19.435934
12	71	3	0	0	23	20	17	2	7	92.86	1		3.457582
12	72	3	0	0	11	23	17	2	7	92.86	1		3.457582
12	77	9	0	0	13	23	7	4	3	119.86	1		8.484811
16	98	6	0	0	17	23	17	5	5	171.56	0		6.987871
16	97	2	0	7	17	14	13	2	7	72.95	0		26.755039
16	99	8	0	8	5	10	8	4	5	83.87	0		24.801288
16	96	1	0	7	15	22	10	2	6	50.28	0		19.435934
16	100	9	0	0	0	26	7	4	3	119.86	1		8.484811
32	207	5	0	17	0	0	10	6	6	104.88	0		21.691226
32	211	10	0	7	0	26	16	5	3	76.05	0		11.195542
32	212	10	0	17	6	0	16	5	3	76.05	0		11.195542
32	213	10	0	17	11	0	16	5	3	76.05	0		11.195542
32	205	2	0	8	5	15	13	2	7	72.95	0		26.755039
32	208	7	0	8	7	15	8	2	8	75.27	0		25.343251
32	206	4	0	8	5	23	6	3	7	84.34	0		19.204971
32	209	9	0	14	5	23	7	4	3	119.86	1		8.484811
32	210	9	0	14	5	26	7	4	3	119.86	1		8.484811
25	165	6	0	17	10	3	17	5	5	171.56	0		6.987871
25	163	5	0	17	10	8	10	6	6	104.88	0		21.691226
25	164	5	0	17	10	14	10	6	6	104.88	0		21.691226
25	161	2	0	17	10	20	13	2	7	72.95	0		26.755039
25	162	3	0	17	12	20	17	2	7	92.86	1		3.457582
25	166	9	0	17	10	27	7	4	3	119.86	1		8.484811
45	302	6	0	27	0	0	17	5	5	171.56	0		6.987871
45	304	10	0	27	0	5	16	5	3	76.05	0		11.195542
45	300	2	0	17	14	20	13	2	7	72.95	0		26.755039
45	303	8	0	27	0	8	8	4	5	83.87	0		24.801288
45	301	3	0	27	4	8	17	2	7	92.86	1		3.457582
15	95	8	0	27	0	13	8	4	5	83.87	0		24.801288
15	94	7	0	27	0	18	8	2	8	75.27	0		25.343251
15	91	4	0	27	2	18	6	3	7	84.34	0		19.204971
15	92	4	0	33	6	0	6	3	7	84.34	0		19.204971
15	93	4	0	33	6	7	6	3	7	84.34	0		19.204971
15	90	1	0	33	6	14	10	2	6	50.28	0		19.435934
57	382	6	0	27	2	25	17	5	5	171.56	0		6.987871
57	380	5	0	44	0	0	10	6	6	104.88	0		21.691226
57	381	5	0	44	6	0	10	6	6	104.88	0		21.691226
57	379	2	0	33	8	14	13	2	7	72.95	0		26.755039
57	383	9	0	17	14	27	7	4	3	119.86	1		8.484811


-------------------------------------------------------------------------------------------------------------------
Tour_Id:			7
No_of_Customers:		3
No_of_Items:			18
Customer_Sequence:		30 58 40 

CustId	Id	TypeId	Rotated	x	y	z	Length	Width	Height	mass	Fragility	LoadBearingStrength
40	267	5	0	0	0	0	10	6	6	104.88	0		21.691226
40	268	5	0	0	6	0	10	6	6	104.88	0		21.691226
40	270	10	0	0	12	0	16	5	3	76.05	0		11.195542
40	266	2	0	0	17	0	13	2	7	72.95	0		26.755039
40	269	8	0	0	19	0	8	4	5	83.87	0		24.801288
40	265	1	0	0	23	0	10	2	6	50.28	0		19.435934
58	388	6	0	0	12	3	17	5	5	171.56	0		6.987871
58	387	5	0	0	0	6	10	6	6	104.88	0		21.691226
58	385	2	0	0	19	5	13	2	7	72.95	0		26.755039
58	390	8	0	0	6	6	8	4	5	83.87	0		24.801288
58	389	7	0	0	21	5	8	2	8	75.27	0		25.343251
58	384	1	0	0	10	6	10	2	6	50.28	0		19.435934
58	386	3	0	0	23	6	17	2	7	92.86	1		3.457582
58	391	9	0	0	12	8	7	4	3	119.86	1		8.484811
30	200	7	0	0	17	7	8	2	8	75.27	0		25.343251
30	197	1	0	0	6	11	10	2	6	50.28	0		19.435934
30	198	1	0	0	8	11	10	2	6	50.28	0		19.435934
30	199	3	0	0	12	11	17	2	7	92.86	1		3.457582


