Name:				263_n100_m200_bt10
Problem:			3L-VRPTW
Number_of_used_Vehicles:	6
Total_Travel_Distance:		974.56
Calculation_Time:		3600.0
Total_Iterations:		14750
ConstraintSet:			P1

-------------------------------------------------------------------------------------------------------------------
Tour_Id:			1
No_of_Customers:		19
No_of_Items:			38
Customer_Sequence:		28 77 48 15 13 89 1 39 8 5 49 67 31 95 94 25 91 98 32 

CustId	Id	TypeId	Rotated	x	y	z	Length	Width	Height	mass	Fragility	LoadBearingStrength
32	69	6	0	0	0	0	9	2	8	67.54	0		11.687348
98	195	5	0	0	2	0	9	3	7	167.26	0		80.281458
91	187	7	0	0	5	0	10	7	3	193.45	0		90.438159
25	53	7	0	0	12	0	10	7	3	193.45	0		90.438159
25	51	3	0	0	19	0	13	2	6	75.12	0		16.259331
25	52	6	0	0	21	0	9	2	8	67.54	0		11.687348
94	190	4	1	0	5	3	14	5	6	398.66	0		20.786381
95	191	9	1	0	5	9	14	4	6	263.57	0		20.142201
31	68	7	0	10	0	0	10	7	3	193.45	0		90.438159
31	67	5	0	0	2	7	9	3	7	167.26	0		80.281458
31	66	3	0	0	23	0	13	2	6	75.12	0		16.259331
67	141	8	1	5	5	3	12	6	7	368.46	0		11.811923
67	140	6	0	0	19	6	9	2	8	67.54	0		11.687348
67	139	2	1	0	5	15	13	5	5	321.17	1		10.842052
49	98	5	0	0	2	14	9	3	7	167.26	0		80.281458
49	99	10	1	0	5	20	12	6	8	646.97	1		9.536392
49	97	2	1	5	5	10	13	5	5	321.17	1		10.842052
5	11	8	0	11	0	3	12	6	7	368.46	0		11.811923
5	10	5	0	0	2	21	9	3	7	167.26	0		80.281458
5	9	2	1	6	5	15	13	5	5	321.17	1		10.842052
8	18	8	0	11	0	10	12	6	7	368.46	0		11.811923
8	17	5	0	9	0	17	9	3	7	167.26	0		80.281458
39	81	7	0	23	0	0	10	7	3	193.45	0		90.438159
1	1	6	0	0	23	6	9	2	8	67.54	0		11.687348
1	2	10	1	6	5	20	12	6	8	646.97	1		9.536392
89	185	5	0	12	3	17	9	3	7	167.26	0		80.281458
13	26	9	0	12	7	0	14	4	6	263.57	0		20.142201
15	28	4	0	12	11	0	14	5	6	398.66	0		20.786381
15	29	6	0	0	21	8	9	2	8	67.54	0		11.687348
48	95	8	0	12	6	6	12	6	7	368.46	0		11.811923
48	96	8	0	12	6	13	12	6	7	368.46	0		11.811923
48	94	7	0	12	6	20	10	7	3	193.45	0		90.438159
77	162	5	0	12	16	0	9	3	7	167.26	0		80.281458
77	163	5	0	12	13	6	9	3	7	167.26	0		80.281458
77	161	2	0	12	6	23	13	5	5	321.17	1		10.842052
28	60	3	0	9	21	0	13	2	6	75.12	0		16.259331
28	59	1	0	9	21	6	15	2	5	107.88	0		51.764591
28	61	10	0	23	0	3	12	6	8	646.97	1		9.536392


-------------------------------------------------------------------------------------------------------------------
Tour_Id:			2
No_of_Customers:		17
No_of_Items:			37
Customer_Sequence:		34 62 29 80 55 97 53 100 4 6 86 26 24 64 45 7 56 

CustId	Id	TypeId	Rotated	x	y	z	Length	Width	Height	mass	Fragility	LoadBearingStrength
56	113	4	0	0	0	0	14	5	6	398.66	0		20.786381
56	112	2	0	0	5	0	13	5	5	321.17	1		10.842052
7	15	7	0	0	10	0	10	7	3	193.45	0		90.438159
7	16	7	0	0	17	0	10	7	3	193.45	0		90.438159
7	14	6	0	0	10	3	9	2	8	67.54	0		11.687348
45	90	5	0	0	12	3	9	3	7	167.26	0		80.281458
45	91	5	0	0	15	3	9	3	7	167.26	0		80.281458
45	89	3	0	0	18	3	13	2	6	75.12	0		16.259331
64	132	9	0	0	0	6	14	4	6	263.57	0		20.142201
64	131	7	0	0	12	10	10	7	3	193.45	0		90.438159
64	133	10	0	0	12	13	12	6	8	646.97	1		9.536392
24	49	7	0	13	5	0	10	7	3	193.45	0		90.438159
24	48	1	0	0	0	12	15	2	5	107.88	0		51.764591
24	50	10	0	0	12	21	12	6	8	646.97	1		9.536392
26	55	6	0	0	20	3	9	2	8	67.54	0		11.687348
26	54	2	0	0	5	5	13	5	5	321.17	1		10.842052
86	180	5	0	12	12	0	9	3	7	167.26	0		80.281458
6	13	7	0	13	5	3	10	7	3	193.45	0		90.438159
6	12	1	0	0	2	12	15	2	5	107.88	0		51.764591
4	7	3	0	0	22	3	13	2	6	75.12	0		16.259331
4	8	10	0	0	4	10	12	6	8	646.97	1		9.536392
100	199	4	0	13	15	0	14	5	6	398.66	0		20.786381
100	200	9	0	0	0	17	14	4	6	263.57	0		20.142201
100	198	2	0	0	4	18	13	5	5	321.17	1		10.842052
53	104	4	0	13	20	0	14	5	6	398.66	0		20.786381
53	105	6	0	0	22	9	9	2	8	67.54	0		11.687348
97	193	1	0	0	0	23	15	2	5	107.88	0		51.764591
97	194	6	0	0	10	11	9	2	8	67.54	0		11.687348
55	110	4	0	13	15	6	14	5	6	398.66	0		20.786381
55	109	3	0	0	2	23	13	2	6	75.12	0		16.259331
55	111	6	0	0	20	11	9	2	8	67.54	0		11.687348
80	166	4	0	13	20	6	14	5	6	398.66	0		20.786381
29	62	8	0	13	5	6	12	6	7	368.46	0		11.811923
62	128	9	0	12	15	12	14	4	6	263.57	0		20.142201
62	126	6	0	0	22	17	9	2	8	67.54	0		11.687348
62	127	6	0	0	10	19	9	2	8	67.54	0		11.687348
34	72	10	0	12	19	12	12	6	8	646.97	1		9.536392


-------------------------------------------------------------------------------------------------------------------
Tour_Id:			3
No_of_Customers:		20
No_of_Items:			44
Customer_Sequence:		88 9 35 30 81 52 20 36 16 63 57 22 40 69 11 19 14 27 33 92 

CustId	Id	TypeId	Rotated	x	y	z	Length	Width	Height	mass	Fragility	LoadBearingStrength
92	188	10	0	0	0	0	12	6	8	646.97	1		9.536392
33	71	6	0	0	6	0	9	2	8	67.54	0		11.687348
33	70	2	0	0	8	0	13	5	5	321.17	1		10.842052
27	57	4	0	0	13	0	14	5	6	398.66	0		20.786381
27	58	9	0	0	18	0	14	4	6	263.57	0		20.142201
27	56	1	0	0	22	0	15	2	5	107.88	0		51.764591
14	27	10	0	0	13	6	12	6	8	646.97	1		9.536392
19	39	5	0	0	19	6	9	3	7	167.26	0		80.281458
19	38	3	0	0	22	5	13	2	6	75.12	0		16.259331
19	37	2	0	0	8	5	13	5	5	321.17	1		10.842052
11	23	10	0	0	0	8	12	6	8	646.97	1		9.536392
69	145	4	0	12	0	0	14	5	6	398.66	0		20.786381
69	146	9	0	12	0	6	14	4	6	263.57	0		20.142201
40	84	8	0	13	5	0	12	6	7	368.46	0		11.811923
40	83	3	0	0	22	11	13	2	6	75.12	0		16.259331
40	82	2	0	0	8	10	13	5	5	321.17	1		10.842052
22	44	5	0	0	19	13	9	3	7	167.26	0		80.281458
22	42	1	0	0	22	17	15	2	5	107.88	0		51.764591
22	43	1	0	0	22	22	15	2	5	107.88	0		51.764591
57	114	2	0	0	13	14	13	5	5	321.17	1		10.842052
57	115	2	0	0	8	15	13	5	5	321.17	1		10.842052
63	129	1	0	12	0	12	15	2	5	107.88	0		51.764591
63	130	6	0	0	6	8	9	2	8	67.54	0		11.687348
16	31	4	0	13	5	7	14	5	6	398.66	0		20.786381
16	30	3	0	12	2	12	13	2	6	75.12	0		16.259331
16	32	10	0	0	13	19	12	6	8	646.97	1		9.536392
36	76	5	0	0	19	20	9	3	7	167.26	0		80.281458
36	77	6	0	0	6	16	9	2	8	67.54	0		11.687348
20	40	9	0	13	4	13	14	4	6	263.57	0		20.142201
52	102	1	0	12	0	17	15	2	5	107.88	0		51.764591
52	103	6	0	12	2	18	9	2	8	67.54	0		11.687348
81	167	4	0	13	4	19	14	5	6	398.66	0		20.786381
81	168	5	0	14	11	0	9	3	7	167.26	0		80.281458
81	169	6	0	12	0	22	9	2	8	67.54	0		11.687348
30	64	9	0	14	14	0	14	4	6	263.57	0		20.142201
30	65	10	0	27	0	0	12	6	8	646.97	1		9.536392
30	63	2	0	13	4	25	13	5	5	321.17	1		10.842052
35	74	8	0	27	6	0	12	6	7	368.46	0		11.811923
35	75	9	0	14	18	0	14	4	6	263.57	0		20.142201
35	73	6	0	9	19	6	9	2	8	67.54	0		11.687348
9	20	10	0	18	14	6	12	6	8	646.97	1		9.536392
9	19	2	0	18	14	14	13	5	5	321.17	1		10.842052
88	184	8	0	27	6	7	12	6	7	368.46	0		11.811923
88	183	1	0	15	22	0	15	2	5	107.88	0		51.764591


-------------------------------------------------------------------------------------------------------------------
Tour_Id:			4
No_of_Customers:		22
No_of_Items:			49
Customer_Sequence:		84 54 70 68 75 71 99 76 42 58 87 61 50 23 38 18 96 51 59 85 66 10 

CustId	Id	TypeId	Rotated	x	y	z	Length	Width	Height	mass	Fragility	LoadBearingStrength
10	22	8	0	0	0	0	12	6	7	368.46	0		11.811923
10	21	3	0	0	6	0	13	2	6	75.12	0		16.259331
66	136	4	0	0	8	0	14	5	6	398.66	0		20.786381
66	137	6	0	0	13	0	9	2	8	67.54	0		11.687348
66	138	10	0	0	15	0	12	6	8	646.97	1		9.536392
85	179	7	0	0	6	6	10	7	3	193.45	0		90.438159
85	177	5	0	0	21	0	9	3	7	167.26	0		80.281458
85	178	6	0	0	0	7	9	2	8	67.54	0		11.687348
59	121	8	0	0	6	9	12	6	7	368.46	0		11.811923
59	120	7	0	0	6	16	10	7	3	193.45	0		90.438159
59	119	3	0	0	2	7	13	2	6	75.12	0		16.259331
51	101	4	0	12	13	0	14	5	6	398.66	0		20.786381
96	192	10	0	0	13	8	12	6	8	646.97	1		9.536392
18	36	3	0	0	4	7	13	2	6	75.12	0		16.259331
38	79	3	0	0	2	13	13	2	6	75.12	0		16.259331
38	80	6	0	0	21	7	9	2	8	67.54	0		11.687348
23	46	7	1	0	2	19	10	7	3	193.45	0		90.438159
23	47	7	1	0	0	22	10	7	3	193.45	0		90.438159
23	45	3	0	0	4	13	13	2	6	75.12	0		16.259331
50	100	10	0	0	13	16	12	6	8	646.97	1		9.536392
61	125	3	1	7	0	19	13	2	6	75.12	0		16.259331
87	182	7	0	0	0	25	10	7	3	193.45	0		90.438159
87	181	2	0	0	13	24	13	5	5	321.17	1		10.842052
58	117	3	0	9	21	0	13	2	6	75.12	0		16.259331
58	118	10	0	13	0	0	12	6	8	646.97	1		9.536392
58	116	2	0	13	0	8	13	5	5	321.17	1		10.842052
42	86	8	0	26	0	0	12	6	7	368.46	0		11.811923
76	159	8	0	14	6	0	12	6	7	368.46	0		11.811923
76	158	1	0	9	23	0	15	2	5	107.88	0		51.764591
76	160	10	0	12	6	7	12	6	8	646.97	1		9.536392
99	196	4	0	13	12	6	14	5	6	398.66	0		20.786381
99	197	7	0	26	6	0	10	7	3	193.45	0		90.438159
71	151	5	0	12	18	0	9	3	7	167.26	0		80.281458
71	150	3	0	9	21	6	13	2	6	75.12	0		16.259331
71	149	2	0	12	6	15	13	5	5	321.17	1		10.842052
75	156	5	0	12	18	7	9	3	7	167.26	0		80.281458
75	155	1	0	9	23	5	15	2	5	107.88	0		51.764591
75	157	6	0	0	21	15	9	2	8	67.54	0		11.687348
68	144	5	0	12	18	14	9	3	7	167.26	0		80.281458
68	143	3	0	9	23	10	13	2	6	75.12	0		16.259331
68	142	1	0	9	21	12	15	2	5	107.88	0		51.764591
70	147	4	0	13	12	12	14	5	6	398.66	0		20.786381
70	148	7	0	26	0	7	10	7	3	193.45	0		90.438159
54	108	8	0	13	11	18	12	6	7	368.46	0		11.811923
54	107	4	0	36	6	0	14	5	6	398.66	0		20.786381
54	106	2	0	10	6	20	13	5	5	321.17	1		10.842052
84	176	8	0	26	0	10	12	6	7	368.46	0		11.811923
84	175	4	0	26	0	17	14	5	6	398.66	0		20.786381
84	174	1	0	9	23	16	15	2	5	107.88	0		51.764591


-------------------------------------------------------------------------------------------------------------------
Tour_Id:			5
No_of_Customers:		9
No_of_Items:			13
Customer_Sequence:		79 47 21 93 65 72 83 82 12 

CustId	Id	TypeId	Rotated	x	y	z	Length	Width	Height	mass	Fragility	LoadBearingStrength
12	25	4	0	0	0	0	14	5	6	398.66	0		20.786381
12	24	2	0	0	5	0	13	5	5	321.17	1		10.842052
82	172	8	0	0	10	0	12	6	7	368.46	0		11.811923
82	170	4	0	0	16	0	14	5	6	398.66	0		20.786381
82	171	7	0	0	10	7	10	7	3	193.45	0		90.438159
83	173	8	0	0	0	6	12	6	7	368.46	0		11.811923
72	152	4	0	0	17	6	14	5	6	398.66	0		20.786381
65	135	7	0	0	10	10	10	7	3	193.45	0		90.438159
65	134	2	0	0	17	12	13	5	5	321.17	1		10.842052
93	189	3	0	0	22	0	13	2	6	75.12	0		16.259331
21	41	4	0	0	0	13	14	5	6	398.66	0		20.786381
47	93	3	0	0	22	6	13	2	6	75.12	0		16.259331
79	165	6	0	0	22	12	9	2	8	67.54	0		11.687348


-------------------------------------------------------------------------------------------------------------------
Tour_Id:			6
No_of_Customers:		13
No_of_Items:			19
Customer_Sequence:		78 37 3 60 44 46 73 43 90 2 74 41 17 

CustId	Id	TypeId	Rotated	x	y	z	Length	Width	Height	mass	Fragility	LoadBearingStrength
17	35	8	0	0	0	0	12	6	7	368.46	0		11.811923
17	33	1	0	0	6	0	15	2	5	107.88	0		51.764591
17	34	6	0	0	8	0	9	2	8	67.54	0		11.687348
41	85	4	0	0	10	0	14	5	6	398.66	0		20.786381
74	154	1	0	0	15	0	15	2	5	107.88	0		51.764591
2	3	1	0	0	17	0	15	2	5	107.88	0		51.764591
2	4	2	0	0	19	0	13	5	5	321.17	1		10.842052
90	186	1	0	0	6	5	15	2	5	107.88	0		51.764591
43	87	4	0	0	10	6	14	5	6	398.66	0		20.786381
73	153	9	0	0	15	5	14	4	6	263.57	0		20.142201
46	92	8	0	0	0	7	12	6	7	368.46	0		11.811923
44	88	7	0	0	0	14	10	7	3	193.45	0		90.438159
60	124	9	0	0	15	11	14	4	6	263.57	0		20.142201
60	123	7	0	0	0	17	10	7	3	193.45	0		90.438159
60	122	1	0	0	10	12	15	2	5	107.88	0		51.764591
3	5	4	0	0	15	17	14	5	6	398.66	0		20.786381
3	6	7	0	0	0	20	10	7	3	193.45	0		90.438159
37	78	7	0	0	0	23	10	7	3	193.45	0		90.438159
78	164	9	0	0	15	23	14	4	6	263.57	0		20.142201


