Name:				554_n100_m400_bt100
Problem:			3L-VRPTW
Number_of_used_Vehicles:	32
Total_Travel_Distance:		2291.62
Calculation_Time:		3600.00
Total_Iterations:		8051
ConstraintSet:			P1

-------------------------------------------------------------------------------------------------------------------
Tour_Id:			1
No_of_Customers:		3
No_of_Items:			13
Customer_Sequence:		54 34 3 

CustId	Id	TypeId	Rotated	x	y	z	Length	Width	Height	mass	Fragility	LoadBearingStrength
3	14	89	0	0	0	0	28	13	6	973.10	0		35.392894
3	13	52	0	0	13	0	27	10	11	540.13	0		46.144171
3	11	38	0	0	0	6	26	9	8	1086.71	0		23.645888
3	12	41	0	0	13	11	30	7	9	247.30	0		7.146020
34	137	35	0	0	0	14	24	11	6	295.69	0		16.437449
34	139	55	0	28	0	0	32	9	14	895.54	0		6.722446
3	15	90	0	28	9	0	29	14	8	541.62	0		8.340611
34	138	47	0	28	0	14	30	12	6	723.81	0		15.915541
54	212	56	0	30	12	8	13	12	12	2149.54	0		101.518780
34	136	28	0	0	0	20	29	7	8	235.90	1		2.503919
54	211	54	0	0	7	20	26	14	8	576.63	1		2.932298
34	140	65	0	29	0	20	26	5	8	190.46	0		13.354368
54	210	28	0	26	7	20	29	7	8	235.90	1		2.503919


-------------------------------------------------------------------------------------------------------------------
Tour_Id:			2
No_of_Customers:		4
No_of_Items:			14
Customer_Sequence:		58 47 64 14 

CustId	Id	TypeId	Rotated	x	y	z	Length	Width	Height	mass	Fragility	LoadBearingStrength
14	62	31	0	0	0	0	30	8	12	462.47	0		9.501068
14	63	94	0	0	8	0	29	5	13	345.60	0		18.709137
64	255	66	0	0	13	0	17	11	13	438.73	0		9.225661
14	64	98	0	0	0	12	20	7	6	100.29	0		13.312819
14	65	100	0	0	0	18	13	9	11	1200.15	0		196.667914
47	188	76	0	0	9	13	17	14	6	278.54	0		7.941203
47	187	51	0	17	13	0	20	11	14	343.46	0		60.722905
47	186	41	0	30	0	0	30	7	9	247.30	0		7.146020
64	254	62	0	29	8	0	28	5	12	328.73	0		11.742200
58	227	18	0	17	13	14	18	12	13	406.73	0		10.241335
58	231	94	0	29	8	12	29	5	13	345.60	0		18.709137
58	228	44	0	0	9	19	12	10	11	220.13	0		18.919677
58	229	45	0	37	13	0	21	10	6	224.46	0		29.595400
58	230	80	0	30	0	9	28	5	13	1015.96	1		66.074536


-------------------------------------------------------------------------------------------------------------------
Tour_Id:			3
No_of_Customers:		4
No_of_Items:			15
Customer_Sequence:		16 88 80 36 

CustId	Id	TypeId	Rotated	x	y	z	Length	Width	Height	mass	Fragility	LoadBearingStrength
36	147	52	0	0	0	0	27	10	11	540.13	0		46.144171
36	146	47	0	0	10	0	30	12	6	723.81	0		15.915541
36	145	23	0	0	0	11	18	9	8	932.17	0		28.007395
80	318	58	0	0	10	6	13	13	11	281.36	0		34.502951
80	320	95	0	27	0	0	33	8	6	308.35	0		15.404945
80	319	72	0	0	0	19	23	7	7	371.40	1		11.377786
88	352	3	0	13	10	6	18	14	9	253.71	0		17.022341
88	356	73	0	27	0	6	33	7	12	327.93	0		15.424598
88	355	69	0	31	8	0	29	14	10	533.57	0		8.399299
88	354	56	0	0	9	17	13	12	12	2149.54	0		101.518780
88	353	35	0	13	10	15	24	11	6	295.69	0		16.437449
16	72	73	0	23	0	18	33	7	12	327.93	0		15.424598
16	71	64	0	37	7	10	20	11	10	327.11	0		28.390992
16	70	29	0	13	7	21	24	12	7	263.92	0		10.364980
16	73	87	0	37	7	20	12	12	9	456.08	0		25.583984


-------------------------------------------------------------------------------------------------------------------
Tour_Id:			4
No_of_Customers:		5
No_of_Items:			14
Customer_Sequence:		4 25 29 42 89 

CustId	Id	TypeId	Rotated	x	y	z	Length	Width	Height	mass	Fragility	LoadBearingStrength
89	357	39	0	0	0	0	35	12	11	558.62	0		15.341967
29	120	62	0	0	12	0	28	5	12	328.73	0		11.742200
89	358	49	0	0	17	0	22	6	12	241.31	0		12.431699
25	104	13	0	0	0	11	27	7	6	122.78	0		5.021821
29	121	68	0	28	12	0	32	13	8	507.29	0		11.737376
42	169	100	0	35	0	0	13	9	11	1200.15	0		196.667914
29	119	28	0	0	12	12	29	7	8	235.90	1		2.503919
25	107	51	0	27	0	11	20	11	14	343.46	0		60.722905
25	105	21	0	29	12	8	27	13	8	437.31	0		28.425351
25	106	49	0	0	0	17	22	6	12	241.31	0		12.431699
42	168	7	0	0	7	11	23	5	10	213.31	0		16.483161
25	108	59	0	0	19	12	18	5	9	292.80	0		29.130305
4	16	4	0	29	11	16	30	12	6	264.21	0		13.137660
4	17	44	0	48	0	0	12	10	11	220.13	0		18.919677


-------------------------------------------------------------------------------------------------------------------
Tour_Id:			5
No_of_Customers:		4
No_of_Items:			18
Customer_Sequence:		11 15 9 24 

CustId	Id	TypeId	Rotated	x	y	z	Length	Width	Height	mass	Fragility	LoadBearingStrength
24	101	56	0	0	0	0	13	12	12	2149.54	0		101.518780
24	100	49	0	0	12	0	22	6	12	241.31	0		12.431699
24	102	87	0	0	0	12	12	12	9	456.08	0		25.583984
24	103	100	0	13	0	0	13	9	11	1200.15	0		196.667914
15	68	71	0	0	18	0	24	6	7	194.21	0		76.437016
9	40	46	0	26	0	0	34	9	12	455.36	0		19.215505
9	38	13	0	22	9	0	27	7	6	122.78	0		5.021821
9	41	98	0	22	9	6	20	7	6	100.29	0		13.312819
15	67	23	0	22	9	12	18	9	8	932.17	0		28.007395
15	69	83	0	0	0	21	14	12	9	257.01	0		8.081708
9	39	25	0	0	12	12	20	6	9	142.18	0		19.989592
15	66	5	0	26	0	12	29	9	8	255.50	0		6.816589
11	51	81	0	24	18	0	30	7	13	377.51	0		9.716812
11	47	3	0	26	0	20	18	14	9	253.71	0		17.022341
11	48	6	0	0	18	7	13	7	6	88.63	0		30.965004
11	52	99	0	0	18	13	17	6	14	219.15	1		3.162159
11	49	72	0	24	18	13	23	7	7	371.40	1		11.377786
11	50	72	0	24	18	20	23	7	7	371.40	1		11.377786


-------------------------------------------------------------------------------------------------------------------
Tour_Id:			6
No_of_Customers:		4
No_of_Items:			14
Customer_Sequence:		96 43 2 86 

CustId	Id	TypeId	Rotated	x	y	z	Length	Width	Height	mass	Fragility	LoadBearingStrength
86	343	31	0	0	0	0	30	8	12	462.47	0		9.501068
86	346	81	0	0	8	0	30	7	13	377.51	0		9.716812
2	8	45	0	0	15	0	21	10	6	224.46	0		29.595400
86	344	59	0	0	0	12	18	5	9	292.80	0		29.130305
2	9	79	0	0	15	6	16	10	10	201.43	0		4.198825
2	10	90	0	30	0	0	29	14	8	541.62	0		8.340611
86	345	71	0	0	8	13	24	6	7	194.21	0		76.437016
2	7	33	0	0	8	20	30	6	7	199.05	1		2.671025
43	171	87	0	30	0	8	12	12	9	456.08	0		25.583984
43	170	83	0	30	0	17	14	12	9	257.01	0		8.081708
96	382	5	0	21	15	0	29	9	8	255.50	0		6.816589
96	384	50	0	0	14	16	12	11	10	335.68	1		7.416033
96	383	38	0	16	15	8	26	9	8	1086.71	0		23.645888
96	385	66	0	12	14	16	17	11	13	438.73	0		9.225661


-------------------------------------------------------------------------------------------------------------------
Tour_Id:			7
No_of_Customers:		5
No_of_Items:			19
Customer_Sequence:		27 39 51 83 49 

CustId	Id	TypeId	Rotated	x	y	z	Length	Width	Height	mass	Fragility	LoadBearingStrength
49	194	5	0	0	0	0	29	9	8	255.50	0		6.816589
49	195	57	0	0	9	0	12	11	7	178.31	0		10.415847
49	196	59	0	0	20	0	18	5	9	292.80	0		29.130305
51	200	21	0	29	0	0	27	13	8	437.31	0		28.425351
83	332	83	0	0	0	8	14	12	9	257.01	0		8.081708
83	334	97	0	0	20	9	24	5	14	308.89	0		14.463368
83	333	97	0	12	13	0	24	5	14	308.89	0		14.463368
39	156	50	0	0	0	17	12	11	10	335.68	1		7.416033
39	157	83	0	14	0	8	14	12	9	257.01	0		8.081708
39	155	29	0	28	0	8	24	12	7	263.92	0		10.364980
83	330	17	0	0	20	23	30	5	6	119.06	0		20.787160
39	153	10	0	12	0	17	21	8	6	102.48	0		18.740079
51	201	59	0	12	13	14	18	5	9	292.80	0		29.130305
39	158	97	0	36	13	0	24	5	14	308.89	0		14.463368
39	154	25	0	30	12	14	20	6	9	142.18	0		19.989592
83	331	19	0	24	18	0	22	6	13	215.45	0		4.269159
83	329	7	0	24	18	13	23	5	10	213.31	0		16.483161
27	113	18	0	33	0	15	18	12	13	406.73	0		10.241335
27	114	71	0	12	13	23	24	6	7	194.21	0		76.437016


-------------------------------------------------------------------------------------------------------------------
Tour_Id:			8
No_of_Customers:		3
No_of_Items:			12
Customer_Sequence:		21 53 78 

CustId	Id	TypeId	Rotated	x	y	z	Length	Width	Height	mass	Fragility	LoadBearingStrength
78	314	77	0	0	0	0	34	14	13	949.97	0		16.972531
78	311	3	0	0	0	13	18	14	9	253.71	0		17.022341
78	312	62	0	0	14	0	28	5	12	328.73	0		11.742200
21	91	98	0	0	0	22	20	7	6	100.29	0		13.312819
53	206	14	0	34	0	0	21	14	10	425.91	0		9.377427
53	207	26	0	34	0	10	14	13	12	643.14	0		93.725136
53	208	75	0	28	14	0	28	9	8	369.38	0		18.056991
53	209	83	0	18	0	13	14	12	9	257.01	0		8.081708
21	88	90	0	20	0	22	29	14	8	541.62	0		8.340611
21	90	93	0	28	14	8	29	7	11	317.27	0		33.611024
78	313	65	0	0	19	0	26	5	8	190.46	0		13.354368
21	89	91	0	28	14	19	25	7	11	288.08	1		2.995828


-------------------------------------------------------------------------------------------------------------------
Tour_Id:			9
No_of_Customers:		4
No_of_Items:			13
Customer_Sequence:		98 52 72 73 

CustId	Id	TypeId	Rotated	x	y	z	Length	Width	Height	mass	Fragility	LoadBearingStrength
73	295	30	0	0	0	0	35	10	13	742.94	0		10.921057
73	296	93	0	0	10	0	29	7	11	317.27	0		33.611024
72	292	68	0	0	0	13	32	13	8	507.29	0		11.737376
72	291	31	0	0	17	0	30	8	12	462.47	0		9.501068
72	290	18	0	35	0	0	18	12	13	406.73	0		10.241335
72	293	72	0	0	17	12	23	7	7	371.40	1		11.377786
72	294	72	0	0	17	19	23	7	7	371.40	1		11.377786
52	203	42	0	0	0	21	33	7	8	199.43	0		4.214351
52	202	19	0	30	13	0	22	6	13	215.45	0		4.269159
52	204	59	0	0	7	21	18	5	9	292.80	0		29.130305
52	205	86	0	18	7	21	13	8	7	120.64	1		25.950901
98	393	51	0	33	0	13	20	11	14	343.46	0		60.722905
98	392	25	0	30	19	0	20	6	9	142.18	0		19.989592


-------------------------------------------------------------------------------------------------------------------
Tour_Id:			10
No_of_Customers:		3
No_of_Items:			11
Customer_Sequence:		77 92 7 

CustId	Id	TypeId	Rotated	x	y	z	Length	Width	Height	mass	Fragility	LoadBearingStrength
7	29	24	0	0	0	0	25	12	13	1857.20	0		69.262552
7	28	18	0	0	12	0	18	12	13	406.73	0		10.241335
92	370	77	0	25	0	0	34	14	13	949.97	0		16.972531
92	369	48	0	0	0	13	25	8	12	424.87	0		7.820450
7	33	83	0	0	8	13	14	12	9	257.01	0		8.081708
7	31	61	0	18	14	0	18	8	13	2010.75	0		80.719880
7	32	74	0	0	8	22	17	10	6	111.64	1		1.977931
77	308	5	0	17	8	13	29	9	8	255.50	0		6.816589
77	309	73	0	25	0	13	33	7	12	327.93	0		15.424598
7	30	45	0	36	14	0	21	10	6	224.46	0		29.595400
77	310	83	0	17	8	21	14	12	9	257.01	0		8.081708


-------------------------------------------------------------------------------------------------------------------
Tour_Id:			11
No_of_Customers:		3
No_of_Items:			13
Customer_Sequence:		65 69 85 

CustId	Id	TypeId	Rotated	x	y	z	Length	Width	Height	mass	Fragility	LoadBearingStrength
85	340	25	0	0	0	0	20	6	9	142.18	0		19.989592
85	341	86	0	0	6	0	13	8	7	120.64	1		25.950901
69	278	10	0	0	14	0	21	8	6	102.48	0		18.740079
85	342	88	0	0	0	9	26	6	7	404.51	1		13.458397
69	279	20	0	0	14	6	21	10	8	259.29	0		13.731818
69	281	96	0	26	0	0	34	12	14	735.62	1		2.555759
69	280	50	0	0	14	14	12	11	10	335.68	1		7.416033
65	256	4	0	21	12	0	30	12	6	264.21	0		13.137660
65	257	5	0	21	12	6	29	9	8	255.50	0		6.816589
65	260	83	0	12	12	14	14	12	9	257.01	0		8.081708
65	258	7	0	26	12	14	23	5	10	213.31	0		16.483161
65	261	85	0	26	0	14	31	9	9	441.34	1		8.719516
65	259	33	0	26	0	23	30	6	7	199.05	1		2.671025


-------------------------------------------------------------------------------------------------------------------
Tour_Id:			12
No_of_Customers:		3
No_of_Items:			13
Customer_Sequence:		66 45 26 

CustId	Id	TypeId	Rotated	x	y	z	Length	Width	Height	mass	Fragility	LoadBearingStrength
26	111	76	0	0	0	0	17	14	6	278.54	0		7.941203
66	263	69	0	17	0	0	29	14	10	533.57	0		8.399299
26	112	93	0	0	14	0	29	7	11	317.27	0		33.611024
26	110	74	0	0	0	6	17	10	6	111.64	1		1.977931
66	267	89	0	17	0	10	28	13	6	973.10	0		35.392894
45	178	9	0	0	14	11	24	8	6	162.62	0		8.907852
45	179	37	0	0	0	12	13	12	14	245.03	1		3.113666
26	109	41	0	29	14	0	30	7	9	247.30	0		7.146020
66	262	51	0	13	0	16	20	11	14	343.46	0		60.722905
66	266	81	0	0	14	17	30	7	13	377.51	0		9.716812
45	180	75	0	29	14	9	28	9	8	369.38	0		18.056991
66	264	75	0	30	14	17	28	9	8	369.38	0		18.056991
66	265	79	0	33	0	16	16	10	10	201.43	0		4.198825


-------------------------------------------------------------------------------------------------------------------
Tour_Id:			13
No_of_Customers:		3
No_of_Items:			14
Customer_Sequence:		71 46 48 

CustId	Id	TypeId	Rotated	x	y	z	Length	Width	Height	mass	Fragility	LoadBearingStrength
48	189	12	0	0	0	0	12	12	12	243.28	0		14.385738
48	190	12	0	0	12	0	12	12	12	243.28	0		14.385738
46	185	95	0	12	0	0	33	8	6	308.35	0		15.404945
46	184	87	0	0	0	12	12	12	9	456.08	0		25.583984
48	191	22	0	12	8	0	22	9	10	335.87	1		2.875185
48	192	59	0	12	17	0	18	5	9	292.80	0		29.130305
48	193	82	0	0	12	12	13	6	11	121.97	0		31.059345
46	182	37	0	34	8	0	13	12	14	245.03	1		3.113666
46	183	70	0	12	0	6	32	8	10	559.60	1		3.923171
46	181	26	1	47	0	0	14	13	12	643.14	0		93.725136
71	287	87	0	0	0	21	12	12	9	456.08	0		25.583984
71	288	97	0	30	20	0	24	5	14	308.89	0		14.463368
71	286	66	1	47	0	12	17	11	13	438.73	0		9.225661
71	289	99	0	12	0	16	17	6	14	219.15	1		3.162159


-------------------------------------------------------------------------------------------------------------------
Tour_Id:			14
No_of_Customers:		3
No_of_Items:			9
Customer_Sequence:		94 70 17 

CustId	Id	TypeId	Rotated	x	y	z	Length	Width	Height	mass	Fragility	LoadBearingStrength
17	74	34	0	0	0	0	33	12	11	537.31	0		16.111839
17	75	45	0	0	12	0	21	10	6	224.46	0		29.595400
94	376	63	0	0	0	11	28	6	14	1565.92	0		34.309236
70	282	1	0	0	12	6	23	11	10	295.04	0		3.417711
70	285	96	0	23	12	0	34	12	14	735.62	1		2.555759
70	283	33	0	0	6	11	30	6	7	199.05	1		2.671025
94	377	84	0	23	12	14	35	11	14	5463.15	1		55.424627
94	375	26	0	0	12	16	14	13	12	643.14	0		93.725136
70	284	52	0	33	0	0	27	10	11	540.13	0		46.144171


-------------------------------------------------------------------------------------------------------------------
Tour_Id:			15
No_of_Customers:		2
No_of_Items:			7
Customer_Sequence:		75 76 

CustId	Id	TypeId	Rotated	x	y	z	Length	Width	Height	mass	Fragility	LoadBearingStrength
76	306	24	0	0	0	0	25	12	13	1857.20	0		69.262552
76	305	16	0	0	12	0	28	8	11	318.20	0		30.246400
76	307	64	0	0	0	13	20	11	10	327.11	0		28.390992
75	304	66	0	25	0	0	17	11	13	438.73	0		9.225661
75	301	3	0	20	0	13	18	14	9	253.71	0		17.022341
75	303	29	0	0	0	23	24	12	7	263.92	0		10.364980
75	302	11	0	0	20	0	25	5	14	290.20	0		25.522510


-------------------------------------------------------------------------------------------------------------------
Tour_Id:			16
No_of_Customers:		3
No_of_Items:			11
Customer_Sequence:		5 19 50 

CustId	Id	TypeId	Rotated	x	y	z	Length	Width	Height	mass	Fragility	LoadBearingStrength
50	199	77	0	0	0	0	34	14	13	949.97	0		16.972531
50	197	35	0	0	14	0	24	11	6	295.69	0		16.437449
19	80	46	0	0	0	13	34	9	12	455.36	0		19.215505
19	82	71	0	0	14	6	24	6	7	194.21	0		76.437016
19	81	47	0	0	9	13	30	12	6	723.81	0		15.915541
50	198	65	0	34	0	0	26	5	8	190.46	0		13.354368
5	18	7	0	0	9	19	23	5	10	213.31	0		16.483161
5	22	93	0	0	14	19	29	7	11	317.27	0		33.611024
5	19	18	0	34	5	0	18	12	13	406.73	0		10.241335
5	21	83	0	34	5	13	14	12	9	257.01	0		8.081708
5	20	25	0	30	17	0	20	6	9	142.18	0		19.989592


-------------------------------------------------------------------------------------------------------------------
Tour_Id:			17
No_of_Customers:		3
No_of_Items:			13
Customer_Sequence:		68 100 90 

CustId	Id	TypeId	Rotated	x	y	z	Length	Width	Height	mass	Fragility	LoadBearingStrength
90	359	22	0	0	0	0	22	9	10	335.87	1		2.875185
90	360	25	0	0	9	0	20	6	9	142.18	0		19.989592
90	361	59	0	0	15	0	18	5	9	292.80	0		29.130305
100	396	13	0	18	15	0	27	7	6	122.78	0		5.021821
100	399	83	0	0	9	9	14	12	9	257.01	0		8.081708
100	397	16	0	18	15	6	28	8	11	318.20	0		30.246400
90	362	90	0	22	0	0	29	14	8	541.62	0		8.340611
100	398	70	0	14	15	17	32	8	10	559.60	1		3.923171
100	400	88	0	0	0	10	26	6	7	404.51	1		13.458397
68	276	68	0	26	0	8	32	13	8	507.29	0		11.737376
68	275	65	0	26	0	16	26	5	8	190.46	0		13.354368
68	274	59	0	0	9	18	18	5	9	292.80	0		29.130305
68	277	92	0	26	5	16	20	10	7	153.33	1		8.923581


-------------------------------------------------------------------------------------------------------------------
Tour_Id:			18
No_of_Customers:		3
No_of_Items:			12
Customer_Sequence:		55 38 82 

CustId	Id	TypeId	Rotated	x	y	z	Length	Width	Height	mass	Fragility	LoadBearingStrength
82	327	55	0	0	0	0	32	9	14	895.54	0		6.722446
38	152	73	0	0	9	0	33	7	12	327.93	0		15.424598
82	326	53	0	0	16	0	20	9	11	365.47	0		12.258753
82	328	61	0	0	16	11	18	8	13	2010.75	0		80.719880
55	213	2	0	33	0	0	21	14	14	1538.44	0		76.060685
38	151	52	0	0	0	14	27	10	11	540.13	0		46.144171
82	325	48	0	20	16	0	25	8	12	424.87	0		7.820450
38	150	38	0	18	14	12	26	9	8	1086.71	0		23.645888
55	214	34	0	27	0	14	33	12	11	537.31	0		16.111839
82	324	6	0	0	16	24	13	7	6	88.63	0		30.965004
55	216	100	0	45	14	0	13	9	11	1200.15	0		196.667914
55	215	70	0	18	14	20	32	8	10	559.60	1		3.923171


-------------------------------------------------------------------------------------------------------------------
Tour_Id:			19
No_of_Customers:		3
No_of_Items:			13
Customer_Sequence:		79 28 62 

CustId	Id	TypeId	Rotated	x	y	z	Length	Width	Height	mass	Fragility	LoadBearingStrength
62	246	46	0	0	0	0	34	9	12	455.36	0		19.215505
62	244	1	0	0	9	0	23	11	10	295.04	0		3.417711
28	117	55	0	0	0	12	32	9	14	895.54	0		6.722446
62	245	45	0	0	9	10	21	10	6	224.46	0		29.595400
62	248	74	0	0	9	16	17	10	6	111.64	1		1.977931
62	249	86	0	0	9	22	13	8	7	120.64	1		25.950901
28	116	34	0	23	9	0	33	12	11	537.31	0		16.111839
62	247	48	0	34	0	0	25	8	12	424.87	0		7.820450
28	118	57	0	21	9	11	12	11	7	178.31	0		10.415847
28	115	22	0	32	0	12	22	9	10	335.87	1		2.875185
79	317	58	0	21	9	18	13	13	11	281.36	0		34.502951
79	316	29	0	33	9	11	24	12	7	263.92	0		10.364980
79	315	14	0	34	9	18	21	14	10	425.91	0		9.377427


-------------------------------------------------------------------------------------------------------------------
Tour_Id:			20
No_of_Customers:		3
No_of_Items:			13
Customer_Sequence:		22 74 12 

CustId	Id	TypeId	Rotated	x	y	z	Length	Width	Height	mass	Fragility	LoadBearingStrength
12	57	69	0	0	0	0	29	14	10	533.57	0		8.399299
12	55	37	0	0	0	10	13	12	14	245.03	1		3.113666
12	53	7	0	0	14	0	23	5	10	213.31	0		16.483161
12	54	25	0	0	19	0	20	6	9	142.18	0		19.989592
12	58	72	0	0	12	10	23	7	7	371.40	1		11.377786
12	56	41	0	23	14	0	30	7	9	247.30	0		7.146020
74	300	69	0	29	0	0	29	14	10	533.57	0		8.399299
74	299	51	0	13	0	10	20	11	14	343.46	0		60.722905
74	297	14	0	33	0	10	21	14	10	425.91	0		9.377427
74	298	16	0	23	14	9	28	8	11	318.20	0		30.246400
22	92	29	0	33	0	20	24	12	7	263.92	0		10.364980
22	94	79	0	23	14	20	16	10	10	201.43	0		4.198825
22	93	57	0	39	12	20	12	11	7	178.31	0		10.415847


-------------------------------------------------------------------------------------------------------------------
Tour_Id:			21
No_of_Customers:		3
No_of_Items:			15
Customer_Sequence:		59 23 18 

CustId	Id	TypeId	Rotated	x	y	z	Length	Width	Height	mass	Fragility	LoadBearingStrength
23	95	8	0	0	0	0	31	11	9	1332.80	0		10.687789
18	77	44	0	0	11	0	12	10	11	220.13	0		18.919677
23	96	31	0	0	0	9	30	8	12	462.47	0		9.501068
18	76	23	0	12	11	0	18	9	8	932.17	0		28.007395
18	78	44	0	0	11	11	12	10	11	220.13	0		18.919677
18	79	83	0	12	11	8	14	12	9	257.01	0		8.081708
23	98	74	0	0	0	21	17	10	6	111.64	1		1.977931
23	97	71	0	30	11	0	24	6	7	194.21	0		76.437016
23	99	87	0	12	10	17	12	12	9	456.08	0		25.583984
59	235	51	0	31	0	0	20	11	14	343.46	0		60.722905
59	234	31	0	30	17	0	30	8	12	462.47	0		9.501068
59	233	29	0	30	0	14	24	12	7	263.92	0		10.364980
59	232	15	0	26	17	12	25	6	11	214.28	0		10.025280
59	236	76	0	24	0	21	17	14	6	278.54	0		7.941203
59	237	82	1	54	0	0	13	6	11	121.97	0		31.059345


-------------------------------------------------------------------------------------------------------------------
Tour_Id:			22
No_of_Customers:		3
No_of_Items:			13
Customer_Sequence:		84 56 95 

CustId	Id	TypeId	Rotated	x	y	z	Length	Width	Height	mass	Fragility	LoadBearingStrength
95	380	66	0	0	0	0	17	11	13	438.73	0		9.225661
95	379	43	0	0	11	0	22	10	10	381.57	0		119.773477
95	381	98	0	0	0	13	20	7	6	100.29	0		13.312819
95	378	37	0	0	11	10	13	12	14	245.03	1		3.113666
56	217	10	0	0	0	19	21	8	6	102.48	0		18.740079
56	218	13	0	20	0	0	27	7	6	122.78	0		5.021821
56	220	66	0	22	7	0	17	11	13	438.73	0		9.225661
56	219	60	0	21	7	13	21	9	6	131.62	1		1.581493
84	338	64	1	47	0	0	20	11	10	327.11	0		28.390992
84	335	19	0	22	18	0	22	6	13	215.45	0		4.269159
84	339	79	1	47	0	10	16	10	10	201.43	0		4.198825
84	337	57	0	47	0	20	12	11	7	178.31	0		10.415847
84	336	50	0	21	7	19	12	11	10	335.68	1		7.416033


-------------------------------------------------------------------------------------------------------------------
Tour_Id:			23
No_of_Customers:		2
No_of_Items:			8
Customer_Sequence:		6 81 

CustId	Id	TypeId	Rotated	x	y	z	Length	Width	Height	mass	Fragility	LoadBearingStrength
81	323	64	0	0	0	0	20	11	10	327.11	0		28.390992
81	321	39	0	0	11	0	35	12	11	558.62	0		15.341967
81	322	43	0	0	0	10	22	10	10	381.57	0		119.773477
6	27	77	0	0	10	11	34	14	13	949.97	0		16.972531
6	24	31	0	22	0	0	30	8	12	462.47	0		9.501068
6	26	73	0	22	0	12	33	7	12	327.93	0		15.424598
6	25	37	0	35	8	0	13	12	14	245.03	1		3.113666
6	23	22	0	0	0	20	22	9	10	335.87	1		2.875185


-------------------------------------------------------------------------------------------------------------------
Tour_Id:			24
No_of_Customers:		3
No_of_Items:			13
Customer_Sequence:		61 8 10 

CustId	Id	TypeId	Rotated	x	y	z	Length	Width	Height	mass	Fragility	LoadBearingStrength
10	42	4	0	0	0	0	30	12	6	264.21	0		13.137660
10	44	65	0	0	12	0	26	5	8	190.46	0		13.354368
10	46	91	0	0	17	0	25	7	11	288.08	1		2.995828
10	43	50	0	0	0	6	12	11	10	335.68	1		7.416033
10	45	88	0	0	11	8	26	6	7	404.51	1		13.458397
8	36	68	0	26	12	0	32	13	8	507.29	0		11.737376
8	37	88	0	0	17	11	26	6	7	404.51	1		13.458397
8	35	64	0	12	0	6	20	11	10	327.11	0		28.390992
61	242	96	0	0	0	16	34	12	14	735.62	1		2.555759
8	34	31	0	26	12	8	30	8	12	462.47	0		9.501068
61	240	17	0	26	20	8	30	5	6	119.06	0		20.787160
61	241	59	0	26	20	14	18	5	9	292.80	0		29.130305
61	243	97	0	34	0	0	24	5	14	308.89	0		14.463368


-------------------------------------------------------------------------------------------------------------------
Tour_Id:			25
No_of_Customers:		3
No_of_Items:			12
Customer_Sequence:		44 13 33 

CustId	Id	TypeId	Rotated	x	y	z	Length	Width	Height	mass	Fragility	LoadBearingStrength
13	60	47	0	0	0	0	30	12	6	723.81	0		15.915541
33	133	48	0	0	12	0	25	8	12	424.87	0		7.820450
13	61	66	0	0	0	6	17	11	13	438.73	0		9.225661
33	134	72	0	0	12	12	23	7	7	371.40	1		11.377786
33	135	73	0	25	12	0	33	7	12	327.93	0		15.424598
13	59	6	0	0	0	19	13	7	6	88.63	0		30.965004
44	176	47	0	30	0	0	30	12	6	723.81	0		15.915541
44	173	24	0	17	0	6	25	12	13	1857.20	0		69.262552
44	174	36	0	13	0	19	34	7	11	319.29	0		8.887450
44	175	46	0	23	12	12	34	9	12	455.36	0		19.215505
44	172	9	0	23	12	24	24	8	6	162.62	0		8.907852
44	177	74	0	0	7	19	17	10	6	111.64	1		1.977931


-------------------------------------------------------------------------------------------------------------------
Tour_Id:			26
No_of_Customers:		2
No_of_Items:			9
Customer_Sequence:		35 41 

CustId	Id	TypeId	Rotated	x	y	z	Length	Width	Height	mass	Fragility	LoadBearingStrength
41	166	77	0	0	0	0	34	14	13	949.97	0		16.972531
41	163	21	0	0	0	13	27	13	8	437.31	0		28.425351
41	164	26	0	34	0	0	14	13	12	643.14	0		93.725136
35	144	66	0	0	14	0	17	11	13	438.73	0		9.225661
41	165	28	0	0	0	21	29	7	8	235.90	1		2.503919
35	141	30	0	17	14	0	35	10	13	742.94	0		10.921057
41	167	78	0	34	0	12	17	5	14	442.22	1		11.463490
35	142	38	0	0	13	13	26	9	8	1086.71	0		23.645888
35	143	56	0	26	13	13	13	12	12	2149.54	0		101.518780


-------------------------------------------------------------------------------------------------------------------
Tour_Id:			27
No_of_Customers:		3
No_of_Items:			11
Customer_Sequence:		32 93 20 

CustId	Id	TypeId	Rotated	x	y	z	Length	Width	Height	mass	Fragility	LoadBearingStrength
20	84	25	0	0	0	0	20	6	9	142.18	0		19.989592
20	86	46	0	0	6	0	34	9	12	455.36	0		19.215505
20	85	43	0	0	15	0	22	10	10	381.57	0		119.773477
20	87	56	0	0	6	12	13	12	12	2149.54	0		101.518780
20	83	1	0	34	0	0	23	11	10	295.04	0		3.417711
93	373	30	0	22	15	0	35	10	13	742.94	0		10.921057
93	371	9	0	13	6	12	24	8	6	162.62	0		8.907852
93	372	13	0	13	6	18	27	7	6	122.78	0		5.021821
32	132	58	0	40	0	10	13	13	11	281.36	0		34.502951
32	131	46	0	22	15	13	34	9	12	455.36	0		19.215505
93	374	99	0	0	18	10	17	6	14	219.15	1		3.162159


-------------------------------------------------------------------------------------------------------------------
Tour_Id:			28
No_of_Customers:		3
No_of_Items:			11
Customer_Sequence:		97 30 37 

CustId	Id	TypeId	Rotated	x	y	z	Length	Width	Height	mass	Fragility	LoadBearingStrength
37	148	47	0	0	0	0	30	12	6	723.81	0		15.915541
37	149	68	0	0	12	0	32	13	8	507.29	0		11.737376
30	124	39	0	0	0	6	35	12	11	558.62	0		15.341967
30	122	37	0	0	12	8	13	12	14	245.03	1		3.113666
30	123	37	0	13	12	8	13	12	14	245.03	1		3.113666
97	386	2	0	35	0	0	21	14	14	1538.44	0		76.060685
97	387	14	0	35	0	14	21	14	10	425.91	0		9.377427
97	390	67	0	0	0	17	16	8	13	229.49	0		9.316007
97	388	15	0	32	14	0	25	6	11	214.28	0		10.025280
97	389	25	0	32	14	11	20	6	9	142.18	0		19.989592
97	391	80	0	32	20	0	28	5	13	1015.96	1		66.074536


-------------------------------------------------------------------------------------------------------------------
Tour_Id:			29
No_of_Customers:		2
No_of_Items:			8
Customer_Sequence:		91 99 

CustId	Id	TypeId	Rotated	x	y	z	Length	Width	Height	mass	Fragility	LoadBearingStrength
99	394	39	0	0	0	0	35	12	11	558.62	0		15.341967
99	395	85	0	0	12	0	31	9	9	441.34	1		8.719516
91	367	89	0	0	0	11	28	13	6	973.10	0		35.392894
91	365	46	0	0	0	17	34	9	12	455.36	0		19.215505
91	368	92	0	0	13	9	20	10	7	153.33	1		8.923581
91	363	14	0	35	0	0	21	14	10	425.91	0		9.377427
91	364	35	0	31	14	0	24	11	6	295.69	0		16.437449
91	366	66	0	31	14	6	17	11	13	438.73	0		9.225661


-------------------------------------------------------------------------------------------------------------------
Tour_Id:			30
No_of_Customers:		3
No_of_Items:			15
Customer_Sequence:		63 57 87 

CustId	Id	TypeId	Rotated	x	y	z	Length	Width	Height	mass	Fragility	LoadBearingStrength
87	349	47	0	0	0	0	30	12	6	723.81	0		15.915541
87	351	96	0	0	12	0	34	12	14	735.62	1		2.555759
87	348	40	0	0	0	6	29	8	9	262.01	0		7.961637
87	347	28	0	0	12	14	29	7	8	235.90	1		2.503919
87	350	60	0	0	0	15	21	9	6	131.62	1		1.581493
57	223	18	0	30	0	0	18	12	13	406.73	0		10.241335
57	221	10	0	29	0	13	21	8	6	102.48	0		18.740079
57	225	33	0	0	19	14	30	6	7	199.05	1		2.671025
57	224	19	0	34	12	0	22	6	13	215.45	0		4.269159
57	226	49	0	34	18	0	22	6	12	241.31	0		12.431699
63	252	59	0	29	0	19	18	5	9	292.80	0		29.130305
63	250	53	0	34	8	13	20	9	11	365.47	0		12.258753
63	251	59	0	34	18	12	18	5	9	292.80	0		29.130305
57	222	12	0	48	0	0	12	12	12	243.28	0		14.385738
63	253	72	0	0	0	21	23	7	7	371.40	1		11.377786


-------------------------------------------------------------------------------------------------------------------
Tour_Id:			31
No_of_Customers:		2
No_of_Items:			12
Customer_Sequence:		1 67 

CustId	Id	TypeId	Rotated	x	y	z	Length	Width	Height	mass	Fragility	LoadBearingStrength
67	273	95	0	0	0	0	33	8	6	308.35	0		15.404945
67	269	45	0	0	8	0	21	10	6	224.46	0		29.595400
67	268	37	0	0	0	6	13	12	14	245.03	1		3.113666
67	272	91	0	0	18	0	25	7	11	288.08	1		2.995828
67	270	50	0	0	0	20	12	11	10	335.68	1		7.416033
67	271	72	0	0	18	11	23	7	7	371.40	1		11.377786
1	1	15	0	0	12	6	25	6	11	214.28	0		10.025280
1	3	49	0	0	12	17	22	6	12	241.31	0		12.431699
1	5	57	0	13	0	6	12	11	7	178.31	0		10.415847
1	4	54	0	33	0	0	26	14	8	576.63	1		2.932298
1	2	22	0	25	14	0	22	9	10	335.87	1		2.875185
1	6	80	0	25	14	10	28	5	13	1015.96	1		66.074536


-------------------------------------------------------------------------------------------------------------------
Tour_Id:			32
No_of_Customers:		3
No_of_Items:			12
Customer_Sequence:		40 31 60 

CustId	Id	TypeId	Rotated	x	y	z	Length	Width	Height	mass	Fragility	LoadBearingStrength
60	239	61	0	0	0	0	18	8	13	2010.75	0		80.719880
60	238	19	0	0	8	0	22	6	13	215.45	0		4.269159
31	126	34	0	22	0	0	33	12	11	537.31	0		16.111839
31	127	41	0	0	14	0	30	7	9	247.30	0		7.146020
31	125	24	0	0	0	13	25	12	13	1857.20	0		69.262552
31	129	95	0	0	14	9	33	8	6	308.35	0		15.404945
31	130	99	0	0	14	15	17	6	14	219.15	1		3.162159
31	128	69	0	25	0	11	29	14	10	533.57	0		8.399299
40	159	43	0	33	14	0	22	10	10	381.57	0		119.773477
40	161	85	0	25	0	21	31	9	9	441.34	1		8.719516
40	160	45	0	33	14	10	21	10	6	224.46	0		29.595400
40	162	97	0	33	14	16	24	5	14	308.89	0		14.463368


