Name:				111_Manual_n200_m400_bt10_1_193
Problem:			3L-VRPTW
Number_of_used_Vehicles:	1
Total_Travel_Distance:		120.29
Calculation_Time:		1.66
Total_Iterations:		1
ConstraintSet:			P1

-------------------------------------------------------------------------------------------------------------------
Tour_Id:			1
No_of_Customers:		20
No_of_Items:			36
Customer_Sequence:		13 6 2 1 17 10 5 14 20 22 12 4 3 15 25 18 19 27 23 11 

CustId	Id	TypeId	Rotated	x	y	z	Length	Width	Height	mass	Fragility	LoadBearingStrength
11	18	1	0	0	0	0	82	60	60	6.73	0		0.006800
23	36	2	0	0	60	0	56	39	29	4.62	0		0.010600
23	37	4	0	0	99	0	60	40	50	2.91	1		0.001200
27	41	1	0	0	0	60	82	60	60	6.73	0		0.006800
27	42	3	0	0	139	0	41	29	56	2.49	0		0.010500
27	43	7	0	0	60	29	38	30	22	2.82	0		0.012400
19	30	3	0	0	60	51	41	29	56	2.49	0		0.010500
19	31	3	0	0	139	56	41	29	56	2.49	0		0.010500
18	29	5	0	0	60	107	41	35	57	3.96	0		0.013800
25	39	4	0	0	99	50	60	40	50	2.91	1		0.001200
15	24	1	0	0	0	120	82	60	60	6.73	0		0.006800
15	25	4	0	0	95	100	60	40	50	2.91	1		0.001200
3	7	9	0	60	60	0	53	42	38	4.52	0		0.010200
3	6	5	0	0	139	112	41	35	57	3.96	0		0.013800
4	8	1	0	60	102	0	82	60	60	6.73	0		0.006800
4	9	9	0	60	60	38	53	42	38	4.52	0		0.010200
12	19	4	0	60	102	60	60	40	50	2.91	1		0.001200
22	34	7	0	60	60	76	38	30	22	2.82	0		0.012400
22	35	10	0	60	142	60	32	26	23	4.57	0		0.027500
20	32	3	0	60	60	98	41	29	56	2.49	0		0.010500
14	22	8	0	82	0	0	76	60	60	11.80	0		0.012900
14	23	9	0	82	0	60	53	42	38	4.52	0		0.010200
5	11	9	0	82	0	98	53	42	38	4.52	0		0.010200
5	10	2	0	82	0	136	56	39	29	4.62	0		0.010600
10	16	2	0	113	60	0	56	39	29	4.62	0		0.010600
10	17	2	0	113	60	29	56	39	29	4.62	0		0.010600
17	28	9	0	113	60	58	53	42	38	4.52	0		0.010200
17	27	5	0	113	60	96	41	35	57	3.96	0		0.013800
1	3	8	0	142	102	0	76	60	60	11.80	0		0.012900
1	2	5	0	142	102	60	41	35	57	3.96	0		0.013800
1	1	2	0	158	0	0	56	39	29	4.62	0		0.010600
2	4	1	0	214	0	0	82	60	60	6.73	0		0.006800
2	5	2	0	158	0	29	56	39	29	4.62	0		0.010600
6	12	2	0	169	60	0	56	39	29	4.62	0		0.010600
13	21	5	0	142	102	117	41	35	57	3.96	0		0.013800
13	20	2	0	169	60	29	56	39	29	4.62	0		0.010600


