Name:				112_Manual_n200_m400_bt10_2_65
Problem:			3L-VRPTW
Number_of_used_Vehicles:	1
Total_Travel_Distance:		92.80
Calculation_Time:		1.65
Total_Iterations:		1
ConstraintSet:			P1

-------------------------------------------------------------------------------------------------------------------
Tour_Id:			1
No_of_Customers:		18
No_of_Items:			33
Customer_Sequence:		6 5 24 21 2 11 16 10 4 1 18 7 17 20 3 25 9 8 

CustId	Id	TypeId	Rotated	x	y	z	Length	Width	Height	mass	Fragility	LoadBearingStrength
8	15	8	0	0	0	0	108	60	60	19.51	0		0.015100
9	16	6	0	0	60	0	30	53	56	1.71	0		0.005400
25	43	4	0	0	113	0	60	60	60	1.80	0		0.002500
25	44	7	0	0	113	60	22	56	29	4.68	0		0.019000
3	5	10	0	0	60	56	40	36	56	1.12	0		0.003900
20	33	4	0	0	0	60	60	60	60	1.80	0		0.002500
20	34	7	0	0	113	89	22	56	29	4.68	0		0.019000
17	28	3	0	0	60	112	30	40	57	3.81	0		0.015900
17	29	9	0	22	113	60	46	39	56	1.79	1		0.001000
7	13	2	0	40	60	0	47	40	48	3.05	0		0.008100
7	14	6	0	40	60	48	30	53	56	1.71	0		0.005400
18	31	6	0	40	60	104	30	53	56	1.71	0		0.005400
18	30	1	0	60	0	60	47	54	22	4.59	0		0.009000
1	1	2	0	60	0	82	47	40	48	3.05	0		0.008100
1	2	9	0	22	113	116	46	39	56	1.79	1		0.001000
4	6	2	0	60	0	130	47	40	48	3.05	0		0.008100
4	7	2	0	68	113	0	47	40	48	3.05	0		0.008100
4	8	3	0	68	113	48	30	40	57	3.81	0		0.015900
10	18	5	0	108	0	0	57	57	50	3.61	0		0.005600
10	17	2	0	87	60	0	47	40	48	3.05	0		0.008100
16	27	4	0	108	0	50	60	60	60	1.80	0		0.002500
11	20	8	0	115	113	0	108	60	60	19.51	0		0.015100
11	19	6	0	68	113	105	30	53	56	1.71	0		0.005400
11	21	9	0	70	60	48	46	39	56	1.79	1		0.001000
2	3	2	0	107	0	110	47	40	48	3.05	0		0.008100
2	4	10	0	134	60	0	40	36	56	1.12	0		0.003900
21	35	5	0	168	0	0	57	57	50	3.61	0		0.005600
24	42	8	0	115	113	60	108	60	60	19.51	0		0.015100
24	41	6	1	134	60	56	30	53	56	1.71	0		0.005400
5	9	9	0	134	60	112	46	39	56	1.79	1		0.001000
6	11	2	0	168	0	50	47	40	48	3.05	0		0.008100
6	10	1	0	187	57	0	47	54	22	4.59	0		0.009000
6	12	9	0	168	0	98	46	39	56	1.79	1		0.001000


