Name:				17_Manual_n50_m200_bt100_2_373
Problem:			3L-VRPTW
Number_of_used_Vehicles:	1
Total_Travel_Distance:		24.57
Calculation_Time:		1.20
Total_Iterations:		1
ConstraintSet:			P1

-------------------------------------------------------------------------------------------------------------------
Tour_Id:			1
No_of_Customers:		5
No_of_Items:			27
Customer_Sequence:		16 8 17 20 19 

CustId	Id	TypeId	Rotated	x	y	z	Length	Width	Height	mass	Fragility	LoadBearingStrength
19	72	49	0	0	0	0	89	60	60	3.22	0		0.003000
19	75	87	0	0	60	0	80	60	60	2.58	0		0.002700
19	70	22	0	0	0	60	60	56	53	1.26	0		0.001900
19	71	36	0	0	120	0	56	20	31	3.07	0		0.013700
19	74	80	0	0	140	0	28	34	33	3.42	0		0.018000
19	76	99	0	0	140	33	26	34	28	4.15	0		0.023500
19	73	71	0	0	56	60	57	22	46	2.36	1		0.001900
20	78	65	0	0	0	113	63	60	60	18.59	0		0.024600
20	77	11	0	0	78	60	40	56	48	3.36	0		0.007500
20	80	89	1	0	78	108	60	46	30	3.58	0		0.006500
20	81	94	1	0	78	138	22	48	23	4.65	0		0.022000
20	79	85	0	0	100	138	42	36	22	1.87	1		0.001200
17	64	95	0	80	60	0	89	60	60	10.48	0		0.009800
17	63	74	0	56	120	0	51	39	49	2.73	0		0.006900
17	59	3	0	80	60	60	50	55	29	3.60	0		0.006500
17	60	40	0	48	78	60	29	45	60	3	0		0.011500
17	61	56	0	80	60	89	52	50	23	2.80	0		0.005400
17	62	61	0	89	0	0	109	60	60	16.08	1		0.002500
8	27	5	0	169	60	0	112	60	60	17.69	0		0.013200
8	30	84	0	169	60	60	111	60	60	19.21	0		0.014400
8	31	98	0	46	123	49	57	39	34	3.02	0		0.006800
8	28	82	0	46	123	83	50	28	21	3.07	0		0.011000
8	29	82	0	46	123	104	50	28	21	3.07	0		0.011000
16	55	5	0	169	60	120	112	60	60	17.69	0		0.013200
16	58	16	0	198	0	0	106	60	60	2.65	0		0.002100
16	56	8	0	46	123	125	47	20	56	4.18	0		0.022300
16	57	9	0	107	120	0	23	37	27	2.99	1		0.003500


