Name:				26_Manual_n50_m300_bt100_1_153
Problem:			3L-VRPTW
Number_of_used_Vehicles:	1
Total_Travel_Distance:		30.25
Calculation_Time:		0.78
Total_Iterations:		1
ConstraintSet:			P1

-------------------------------------------------------------------------------------------------------------------
Tour_Id:			1
No_of_Customers:		3
No_of_Items:			23
Customer_Sequence:		12 48 25 

CustId	Id	TypeId	Rotated	x	y	z	Length	Width	Height	mass	Fragility	LoadBearingStrength
25	148	73	0	0	0	0	118	60	60	4.50	0		0.003200
25	149	74	0	0	60	0	104	60	60	12.83	0		0.010300
25	146	62	0	0	0	60	87	60	60	10.21	0		0.009800
25	145	47	0	0	60	60	79	60	60	13.10	0		0.013800
25	147	65	0	0	120	0	54	52	60	4.57	0		0.008100
25	151	97	0	0	120	60	40	37	55	3.90	0		0.013200
25	144	27	0	0	120	115	33	37	37	4.80	0		0.019700
25	143	1	0	54	120	0	21	50	43	1.02	0		0.004900
25	150	91	0	0	120	152	32	47	20	1.95	0		0.006500
48	284	45	0	0	0	120	116	60	60	3.52	0		0.002500
48	282	33	0	0	60	120	78	60	60	10.01	0		0.010700
48	283	44	0	75	120	0	45	42	59	4.42	0		0.011700
48	286	78	0	75	120	59	42	37	50	3	0		0.009600
48	281	17	0	75	120	109	38	29	43	3.90	0		0.017700
48	285	54	0	75	120	152	27	23	36	2.02	0		0.016300
12	74	73	0	104	60	0	118	60	60	4.50	0		0.003200
12	76	96	0	104	60	60	79	60	60	19.61	0		0.020700
12	71	33	0	104	60	120	78	60	60	10.01	0		0.010700
12	73	56	0	118	0	0	60	60	60	13.31	0		0.018500
12	75	94	0	116	0	60	48	39	50	2.89	0		0.007700
12	70	23	0	116	0	110	53	36	29	3.20	0		0.008400
12	69	5	0	79	60	60	20	39	53	1.54	0		0.009900
12	72	49	0	116	0	139	42	35	29	4.45	1		0.003000


