Name:				29_Manual_n50_m300_bt100_4_255
Problem:			3L-VRPTW
Number_of_used_Vehicles:	1
Total_Travel_Distance:		17.87
Calculation_Time:		0.86
Total_Iterations:		1
ConstraintSet:			P1

-------------------------------------------------------------------------------------------------------------------
Tour_Id:			1
No_of_Customers:		3
No_of_Items:			23
Customer_Sequence:		49 34 25 

CustId	Id	TypeId	Rotated	x	y	z	Length	Width	Height	mass	Fragility	LoadBearingStrength
25	140	16	0	0	0	0	109	60	60	4.73	0		0.003600
25	146	80	0	0	60	0	107	60	60	19.76	0		0.015400
25	142	25	0	0	0	60	63	60	60	11.45	0		0.015100
25	145	62	0	0	120	0	20	23	58	1.24	0		0.013500
25	143	29	0	0	60	60	57	57	54	2.19	1		0.000700
25	141	19	0	20	120	0	42	50	24	1.11	1		0.000500
25	144	61	0	20	120	24	32	21	41	1.49	1		0.002200
34	194	27	1	63	0	60	96	60	60	16.25	0		0.014100
34	198	63	0	0	0	120	89	60	60	19.35	0		0.018100
34	200	66	0	107	60	0	84	60	60	2.35	0		0.002300
34	196	58	0	109	0	0	63	60	60	8.82	0		0.011700
34	202	91	0	62	120	0	35	53	53	1.77	0		0.004800
34	193	17	1	62	120	53	49	35	56	2.80	0		0.008200
34	195	50	1	62	120	109	53	40	42	1.30	0		0.003100
34	201	72	0	62	120	151	25	53	37	3.48	0		0.013100
34	199	64	0	97	120	0	32	26	35	4.31	0		0.025900
34	197	61	0	20	141	24	32	21	41	1.49	1		0.002200
49	291	80	1	123	0	60	107	60	60	19.76	0		0.015400
49	288	26	0	89	0	120	62	60	60	13.34	0		0.017900
49	290	65	0	89	60	120	58	29	54	2.46	0		0.007300
49	287	1	0	191	0	0	116	60	60	18.74	1		0.002700
49	292	92	0	191	60	0	69	60	60	17.59	1		0.004200
49	289	36	0	129	120	0	36	32	22	1.35	1		0.001200


