Name:				32_Manual_n50_m400_bt10_2_403
Problem:			3L-VRPTW
Number_of_used_Vehicles:	1
Total_Travel_Distance:		21.51
Calculation_Time:		0.71
Total_Iterations:		1
ConstraintSet:			P1

-------------------------------------------------------------------------------------------------------------------
Tour_Id:			1
No_of_Customers:		3
No_of_Items:			23
Customer_Sequence:		26 16 21 

CustId	Id	TypeId	Rotated	x	y	z	Length	Width	Height	mass	Fragility	LoadBearingStrength
21	170	2	0	0	0	0	120	60	60	8.72	0		0.006100
21	169	1	0	0	60	0	45	57	52	1.58	0		0.003100
21	172	5	0	0	117	0	58	39	30	1.85	0		0.004100
21	174	10	0	0	117	30	22	41	54	1.12	0		0.006200
21	175	10	0	0	60	52	22	41	54	1.12	0		0.006200
21	171	4	0	22	117	30	44	34	28	4.92	0		0.016400
21	173	7	0	0	117	84	20	25	40	4.86	0		0.048600
16	132	3	0	0	0	60	92	60	60	4.71	0		0.004300
16	133	3	0	0	0	120	92	60	60	4.71	0		0.004300
16	134	3	0	66	60	0	92	60	60	4.71	0		0.004300
16	138	8	0	66	60	60	75	60	60	16.82	0		0.018700
16	130	1	1	66	120	0	45	57	52	1.58	0		0.003100
16	131	1	1	66	120	52	45	57	52	1.58	0		0.003100
16	137	6	0	22	117	58	35	44	54	4.80	0		0.015600
16	136	5	0	66	120	104	58	39	30	1.85	0		0.004100
16	135	4	0	22	117	112	44	34	28	4.92	0		0.016400
26	210	2	0	120	0	0	120	60	60	8.72	0		0.006100
26	211	2	0	92	0	60	120	60	60	8.72	0		0.006100
26	214	8	0	66	60	120	75	60	60	16.82	0		0.018700
26	215	8	0	158	60	0	75	60	60	16.82	0		0.018700
26	209	1	1	66	120	134	45	57	52	1.58	0		0.003100
26	212	5	0	124	120	0	58	39	30	1.85	0		0.004100
26	213	7	0	124	120	30	20	25	40	4.86	0		0.048600


