Name:				36_Manual_n50_m400_bt100_1_335
Problem:			3L-VRPTW
Number_of_used_Vehicles:	1
Total_Travel_Distance:		21.03
Calculation_Time:		1.20
Total_Iterations:		1
ConstraintSet:			P1

-------------------------------------------------------------------------------------------------------------------
Tour_Id:			1
No_of_Customers:		3
No_of_Items:			25
Customer_Sequence:		9 23 22 

CustId	Id	TypeId	Rotated	x	y	z	Length	Width	Height	mass	Fragility	LoadBearingStrength
22	166	85	0	0	0	0	102	60	60	8.50	0		0.006900
22	168	94	0	0	60	0	75	60	60	20.71	0		0.023000
22	163	49	0	0	120	0	44	48	39	3.88	0		0.009200
22	167	89	0	0	120	39	46	50	35	4.27	0		0.009300
22	164	57	1	0	0	60	39	59	33	1.55	0		0.003400
22	162	38	1	0	39	60	26	52	41	4.33	0		0.016000
22	165	62	1	0	65	60	24	41	23	2.18	0		0.011100
23	169	27	0	75	60	0	75	60	60	14.89	0		0.016500
23	174	75	0	52	39	60	93	60	60	16.14	0		0.014500
23	172	54	0	52	39	120	67	60	60	3.39	0		0.004200
23	176	100	0	0	120	74	39	50	57	3.82	0		0.009800
23	171	44	0	46	120	0	40	39	60	4.04	0		0.012900
23	173	57	1	0	0	93	39	59	33	1.55	0		0.003400
23	175	81	1	0	89	60	22	42	25	2.31	0		0.012500
23	170	43	0	0	120	131	35	49	24	4.03	1		0.002300
9	63	60	0	150	0	0	99	60	60	2.48	0		0.002100
9	64	60	0	145	0	60	99	60	60	2.48	0		0.002100
9	66	75	0	119	0	120	93	60	60	16.14	0		0.014500
9	60	13	0	150	60	0	88	60	60	1.11	0		0.001100
9	67	77	0	145	60	60	87	60	60	10.32	0		0.009900
9	65	69	0	0	0	126	57	39	41	1.43	0		0.003200
9	62	33	0	46	120	60	43	43	35	2.37	0		0.006400
9	68	92	1	39	120	95	25	51	21	3.72	0		0.014600
9	61	20	0	0	120	155	39	54	35	4.76	1		0.002300
9	59	2	0	145	60	120	61	60	60	13.80	0		0.018800


