Name:				36_Manual_n50_m400_bt100_1_478
Problem:			3L-VRPTW
Number_of_used_Vehicles:	1
Total_Travel_Distance:		29.90
Calculation_Time:		0.81
Total_Iterations:		1
ConstraintSet:			P1

-------------------------------------------------------------------------------------------------------------------
Tour_Id:			1
No_of_Customers:		3
No_of_Items:			28
Customer_Sequence:		25 22 7 

CustId	Id	TypeId	Rotated	x	y	z	Length	Width	Height	mass	Fragility	LoadBearingStrength
7	46	16	0	0	0	0	101	60	60	15.88	0		0.013100
7	48	60	0	0	60	0	99	60	60	2.48	0		0.002100
7	52	93	0	0	0	60	95	60	60	20.09	0		0.017600
7	50	89	0	0	120	0	46	50	35	4.27	0		0.009300
7	47	55	0	0	120	35	31	51	50	3.17	0		0.010000
7	49	72	0	0	120	85	37	30	32	2.56	0		0.011500
7	51	92	1	0	60	60	25	51	21	3.72	0		0.014600
22	166	85	0	0	0	120	102	60	60	8.50	0		0.006900
22	168	94	0	99	60	0	75	60	60	20.71	0		0.023000
22	163	49	0	46	120	0	44	48	39	3.88	0		0.009200
22	167	89	0	46	120	39	46	50	35	4.27	0		0.009300
22	164	57	1	46	120	74	39	59	33	1.55	0		0.003400
22	162	38	1	0	60	81	26	52	41	4.33	0		0.016000
22	165	62	1	0	120	117	24	41	23	2.18	0		0.011100
25	196	48	0	52	60	60	86	60	60	7.88	0		0.007600
25	190	21	0	52	60	120	83	60	60	18.40	0		0.018500
25	193	27	0	102	0	0	75	60	60	14.89	0		0.016500
25	194	32	0	102	0	60	72	60	60	17.76	0		0.020600
25	188	19	0	46	120	107	59	51	43	1.62	0		0.002700
25	195	44	0	102	0	120	40	39	60	4.04	0		0.012900
25	186	1	0	105	120	0	50	36	51	1.91	0		0.005300
25	191	22	0	105	120	51	44	23	60	3.08	0		0.015200
25	192	22	0	105	120	111	44	23	60	3.08	0		0.015200
25	187	10	0	46	120	150	46	26	30	1.04	0		0.004400
25	198	72	0	138	60	60	37	30	32	2.56	0		0.011500
25	199	82	0	46	146	150	26	22	32	1.11	0		0.009700
25	197	50	0	175	60	0	72	60	60	10.68	1		0.002500
25	189	20	0	142	0	120	39	54	35	4.76	1		0.002300


