Name:				38_Manual_n50_m400_bt100_3_471
Problem:			3L-VRPTW
Number_of_used_Vehicles:	1
Total_Travel_Distance:		20.69
Calculation_Time:		1.27
Total_Iterations:		1
ConstraintSet:			P1

-------------------------------------------------------------------------------------------------------------------
Tour_Id:			1
No_of_Customers:		3
No_of_Items:			26
Customer_Sequence:		38 36 12 

CustId	Id	TypeId	Rotated	x	y	z	Length	Width	Height	mass	Fragility	LoadBearingStrength
12	107	62	0	0	0	0	102	60	60	2.47	0		0.002000
12	103	35	0	0	60	0	83	60	60	1.38	0		0.001400
12	102	9	0	0	0	60	72	60	60	19.09	0		0.022100
12	108	65	0	0	60	60	64	60	60	14.67	0		0.019100
12	101	4	0	0	120	0	35	41	43	3.86	0		0.013500
12	106	50	0	0	120	43	42	44	20	1.28	0		0.003500
12	104	43	1	0	0	120	115	60	60	15.04	1		0.002200
12	105	43	0	83	60	0	115	60	60	15.04	1		0.002200
36	299	40	0	102	0	0	103	60	60	6.54	0		0.005300
36	303	93	0	102	0	60	79	60	60	13.49	0		0.014200
36	300	59	0	0	120	63	38	47	56	3.81	0		0.010700
36	297	16	0	0	120	119	44	39	58	4.18	0		0.012200
36	293	8	0	42	120	0	38	33	52	3.66	0		0.014600
36	295	14	1	72	0	60	57	28	37	4.76	0		0.014900
36	296	14	1	72	0	97	57	28	37	4.76	0		0.014900
36	298	28	1	72	0	134	57	22	41	3.70	0		0.014800
36	302	83	0	42	120	52	38	42	29	1.47	0		0.004600
36	301	77	0	38	120	81	31	32	34	3.25	0		0.016400
36	294	10	1	42	153	0	20	58	21	3.48	0		0.015000
38	308	22	0	102	0	120	74	60	60	19.28	0		0.021700
38	309	65	0	198	60	0	64	60	60	14.67	0		0.019100
38	310	65	0	198	60	60	64	60	60	14.67	0		0.019100
38	312	98	0	100	120	0	50	40	53	3.60	0		0.009000
38	306	1	0	100	120	53	41	34	57	4.56	0		0.016400
38	311	74	1	100	120	110	24	46	34	1.03	0		0.004700
38	307	21	0	100	120	144	21	32	32	1.85	0		0.013700


