Name:				40_Manual_n50_m400_bt100_5_140
Problem:			3L-VRPTW
Number_of_used_Vehicles:	1
Total_Travel_Distance:		10.95
Calculation_Time:		0.72
Total_Iterations:		1
ConstraintSet:			P1

-------------------------------------------------------------------------------------------------------------------
Tour_Id:			1
No_of_Customers:		3
No_of_Items:			25
Customer_Sequence:		19 17 12 

CustId	Id	TypeId	Rotated	x	y	z	Length	Width	Height	mass	Fragility	LoadBearingStrength
12	82	4	0	0	0	0	118	60	60	7.07	0		0.005000
12	85	45	0	0	60	0	113	60	60	4.84	0		0.003600
12	84	42	0	0	0	60	81	60	60	10.42	0		0.010700
12	86	47	0	0	120	0	29	37	55	3.84	0		0.017900
12	87	72	0	0	120	55	22	45	40	1.53	0		0.007700
12	88	77	0	0	120	95	28	31	31	3.26	0		0.018800
12	83	31	0	29	120	0	55	27	46	3.73	1		0.002500
17	125	13	0	0	60	60	109	60	60	3.29	0		0.002500
17	128	28	0	0	0	120	101	60	60	11.55	0		0.009500
17	126	24	0	0	60	120	78	60	60	15.49	0		0.016600
17	131	62	0	113	60	0	56	57	44	3.05	0		0.004800
17	127	27	0	81	0	60	43	46	40	4.56	0		0.011500
17	129	54	0	84	120	0	40	45	37	3.98	0		0.011100
17	130	60	1	0	120	126	27	36	21	2.10	0		0.010800
17	124	10	0	124	0	0	103	60	60	1.57	1		0.000300
19	140	28	0	169	60	0	101	60	60	11.55	0		0.009500
19	146	96	0	169	60	60	88	60	60	14.89	0		0.014100
19	141	65	1	84	120	37	54	30	55	3.72	0		0.011500
19	145	94	0	84	120	92	24	48	55	3.84	0		0.016700
19	138	3	0	113	60	44	38	34	48	2.39	0		0.009300
19	147	98	0	113	94	44	51	23	50	1.27	0		0.005400
19	144	83	1	113	60	92	21	40	57	1.23	0		0.007300
19	139	12	1	124	117	0	53	41	20	3.60	0		0.008300
19	143	79	0	84	120	147	26	35	32	3.55	0		0.019500
19	142	66	1	124	117	20	54	33	45	1.32	1		0.000700


