Name:				40_Manual_n50_m400_bt100_5_43
Problem:			3L-VRPTW
Number_of_used_Vehicles:	1
Total_Travel_Distance:		13.48
Calculation_Time:		0.71
Total_Iterations:		1
ConstraintSet:			P1

-------------------------------------------------------------------------------------------------------------------
Tour_Id:			1
No_of_Customers:		3
No_of_Items:			26
Customer_Sequence:		3 14 10 

CustId	Id	TypeId	Rotated	x	y	z	Length	Width	Height	mass	Fragility	LoadBearingStrength
10	67	4	0	0	0	0	118	60	60	7.07	0		0.005000
10	70	96	0	0	60	0	88	60	60	14.89	0		0.014100
10	69	71	0	0	120	0	55	45	59	1.52	0		0.003100
10	68	70	1	0	120	59	36	59	55	1.66	0		0.003900
14	106	35	0	0	0	60	99	60	60	13.28	0		0.011200
14	104	24	0	0	60	60	78	60	60	15.49	0		0.016600
14	107	65	0	0	120	114	54	30	55	3.72	0		0.011500
14	109	94	1	0	60	120	24	48	55	3.84	0		0.016700
14	110	100	0	48	0	120	38	46	30	4.28	0		0.012300
14	102	1	0	48	46	120	25	28	37	4.13	0		0.029500
14	103	1	0	48	74	120	25	28	37	4.13	0		0.029500
14	108	66	0	59	120	0	54	33	45	1.32	1		0.000700
14	105	31	0	59	120	45	55	27	46	3.73	1		0.002500
3	22	16	0	88	60	0	100	60	60	14.06	0		0.011700
3	32	97	0	78	60	60	98	60	60	14.95	0		0.012700
3	24	55	0	73	46	120	86	60	60	2.93	0		0.002800
3	30	86	0	118	0	0	66	60	60	5.85	0		0.007400
3	28	78	0	99	0	60	65	60	60	1.44	0		0.001800
3	26	58	1	86	0	120	39	55	54	1	0		0.002300
3	27	73	0	184	0	0	28	60	59	2.50	0		0.007500
3	23	22	0	184	0	59	32	39	47	3.65	0		0.014600
3	25	57	0	59	153	0	59	21	46	3.66	0		0.014800
3	29	82	0	118	120	0	29	24	53	2.43	0		0.017500
3	21	9	0	147	120	0	58	31	20	3.33	0		0.009300
3	20	1	0	48	0	150	25	28	37	4.13	0		0.029500
3	31	88	0	188	60	0	108	60	60	12.50	1		0.001900


