Name:				56_Manual_n100_m300_bt100_1_153
Problem:			3L-VRPTW
Number_of_used_Vehicles:	1
Total_Travel_Distance:		33.46
Calculation_Time:		1.02
Total_Iterations:		1
ConstraintSet:			P1

-------------------------------------------------------------------------------------------------------------------
Tour_Id:			1
No_of_Customers:		5
No_of_Items:			25
Customer_Sequence:		20 31 1 10 19 

CustId	Id	TypeId	Rotated	x	y	z	Length	Width	Height	mass	Fragility	LoadBearingStrength
19	55	60	0	0	0	0	71	60	60	6.22	0		0.007300
19	56	89	0	0	60	0	68	60	60	8.86	0		0.010900
19	54	8	0	0	120	0	51	22	39	2.60	0		0.011600
19	57	90	0	0	0	60	43	40	25	1.07	1		0.000600
10	32	78	0	0	40	60	72	60	60	10.79	0		0.012500
10	33	89	0	0	40	120	68	60	60	8.86	0		0.010900
10	29	38	1	0	142	0	30	58	59	1.88	0		0.005400
10	30	42	0	58	120	0	54	50	28	1.61	0		0.003000
10	28	12	1	0	142	59	26	50	42	2.56	0		0.009800
10	31	44	0	72	0	0	63	60	60	11.23	1		0.003000
1	3	25	0	72	60	0	108	60	60	21.20	0		0.016400
1	2	7	0	72	60	60	87	60	60	21.02	0		0.020100
1	7	93	0	72	60	120	86	60	60	20.40	0		0.019800
1	6	85	0	135	0	0	55	60	39	4.72	0		0.007200
1	4	36	1	58	120	28	31	57	57	1.59	0		0.004500
1	5	53	1	58	120	85	35	46	24	3.41	0		0.010600
1	1	6	0	58	120	109	42	36	21	4.57	0		0.015100
31	92	67	0	180	60	0	105	60	60	8.70	0		0.006900
31	90	30	0	135	0	39	58	57	59	1.86	0		0.002800
31	91	40	0	115	120	0	52	46	43	3.04	0		0.006300
20	61	84	0	135	0	98	69	60	60	8.39	0		0.010100
20	60	63	1	115	120	43	29	58	59	4.28	0		0.012700
20	58	29	0	115	120	102	52	32	42	1.97	0		0.005900
20	59	44	0	180	60	60	63	60	60	11.23	1		0.003000
20	62	90	0	115	120	144	43	40	25	1.07	1		0.000600


