Name:				63_Manual_n100_m400_bt10_3_102
Problem:			3L-VRPTW
Number_of_used_Vehicles:	1
Total_Travel_Distance:		20.58
Calculation_Time:		0.77
Total_Iterations:		1
ConstraintSet:			P1

-------------------------------------------------------------------------------------------------------------------
Tour_Id:			1
No_of_Customers:		3
No_of_Items:			21
Customer_Sequence:		27 5 1 

CustId	Id	TypeId	Rotated	x	y	z	Length	Width	Height	mass	Fragility	LoadBearingStrength
1	1	1	0	0	0	0	98	60	60	15.79	0		0.013400
1	2	2	0	0	60	0	96	60	60	4.97	0		0.004300
1	8	7	0	0	0	60	87	60	60	3.30	0		0.003200
1	6	4	0	0	120	0	42	51	22	2.55	0		0.006000
1	7	4	0	0	120	22	42	51	22	2.55	0		0.006000
1	3	3	1	0	60	60	27	60	27	4.93	0		0.015200
1	4	3	1	0	87	60	27	60	27	4.93	0		0.015200
1	5	3	1	0	60	87	27	60	27	4.93	0		0.015200
5	20	6	0	0	0	120	110	60	60	16.55	0		0.012500
5	23	10	0	96	60	0	110	60	60	2.72	0		0.002100
5	22	9	0	0	120	44	49	34	59	2.12	0		0.006400
5	21	8	0	0	120	103	43	42	34	3.71	1		0.002100
27	110	10	0	60	60	60	110	60	60	2.72	0		0.002100
27	111	10	0	60	60	120	110	60	60	2.72	0		0.002100
27	103	2	0	110	0	0	96	60	60	4.97	0		0.004300
27	106	7	0	110	0	60	87	60	60	3.30	0		0.003200
27	107	7	0	110	0	120	87	60	60	3.30	0		0.003200
27	109	9	0	49	120	0	49	34	59	2.12	0		0.006400
27	104	5	1	49	120	59	29	51	30	1.78	0		0.006000
27	105	5	1	49	120	89	29	51	30	1.78	0		0.006000
27	108	8	0	0	120	137	43	42	34	3.71	1		0.002100


