Name:				76_Manual_n150_m200_bt100_1_35
Problem:			3L-VRPTW
Number_of_used_Vehicles:	1
Total_Travel_Distance:		111.86
Calculation_Time:		1.11
Total_Iterations:		1
ConstraintSet:			P1

-------------------------------------------------------------------------------------------------------------------
Tour_Id:			1
No_of_Customers:		20
No_of_Items:			26
Customer_Sequence:		4 9 2 15 8 24 21 19 17 27 22 6 10 20 18 16 11 23 1 14 

CustId	Id	TypeId	Rotated	x	y	z	Length	Width	Height	mass	Fragility	LoadBearingStrength
14	16	8	0	0	0	0	26	49	59	4.69	0		0.018400
1	1	46	0	0	49	0	43	53	60	1.32	0		0.002900
23	27	97	0	0	102	0	60	38	46	4.58	1		0.002000
11	13	56	1	0	49	60	59	49	34	2.27	0		0.003900
16	19	48	0	60	0	0	104	60	60	8.26	0		0.006600
16	18	9	0	0	140	0	22	22	28	2.24	0		0.023100
18	21	10	0	60	60	0	37	38	48	2.57	0		0.009100
20	23	11	0	60	98	0	45	60	42	2.06	0		0.003800
10	12	6	0	49	0	60	91	60	60	10.13	0		0.009300
6	6	4	0	105	60	0	64	60	60	4.43	0		0.005800
22	26	50	0	49	0	120	90	60	60	5.13	0		0.004800
22	25	12	0	105	120	0	48	26	21	2.14	0		0.008600
27	32	81	0	105	60	60	73	60	60	11.66	0		0.013300
27	33	89	0	105	120	21	41	30	26	2.83	0		0.011500
17	20	27	0	164	0	0	118	60	60	21.82	0		0.015400
19	22	5	0	105	120	47	49	29	37	4.27	0		0.015000
21	24	53	0	105	60	120	79	60	60	5.72	0		0.006000
24	28	13	1	105	150	0	22	45	28	3.33	0		0.016800
24	29	45	0	140	0	60	95	60	60	21.14	1		0.003700
8	8	5	0	105	120	84	49	29	37	4.27	0		0.015000
8	9	5	0	105	120	121	49	29	37	4.27	0		0.015000
15	17	27	0	184	60	0	118	60	60	21.82	0		0.015400
2	2	2	0	105	120	158	56	28	28	1.55	0		0.005000
9	11	25	0	161	120	0	60	52	57	2.78	0		0.004400
9	10	12	0	161	120	57	48	26	21	2.14	0		0.008600
4	4	3	1	221	120	0	39	57	24	4.21	1		0.001900


