Name:				92_Manual_n150_m400_bt10_2_95
Problem:			3L-VRPTW
Number_of_used_Vehicles:	1
Total_Travel_Distance:		48.60
Calculation_Time:		1.17
Total_Iterations:		1
ConstraintSet:			P1

-------------------------------------------------------------------------------------------------------------------
Tour_Id:			1
No_of_Customers:		7
No_of_Items:			27
Customer_Sequence:		18 16 13 9 2 21 7 

CustId	Id	TypeId	Rotated	x	y	z	Length	Width	Height	mass	Fragility	LoadBearingStrength
7	23	6	0	0	0	0	116	60	60	11.98	0		0.008600
7	22	5	0	0	60	0	46	40	55	4.11	0		0.011200
7	24	7	0	0	100	0	57	46	32	1.66	0		0.003200
7	25	9	0	0	100	32	33	43	41	4.73	0		0.016700
21	61	6	0	0	0	60	116	60	60	11.98	0		0.008600
21	59	2	0	0	146	0	44	27	60	3.89	0		0.016400
21	62	8	0	0	60	55	38	36	31	1.43	0		0.005200
21	58	1	0	0	143	60	28	26	36	4.29	0		0.029500
21	60	3	0	0	100	73	22	23	39	1.36	0		0.013400
2	7	6	0	0	0	120	116	60	60	11.98	0		0.008600
2	8	10	0	57	60	0	48	60	29	1.81	0		0.003100
2	9	10	1	57	120	0	48	60	29	1.81	0		0.003100
2	5	1	0	0	60	86	28	26	36	4.29	0		0.029500
2	6	3	0	0	143	96	22	23	39	1.36	0		0.013400
9	30	6	0	105	60	0	116	60	60	11.98	0		0.008600
9	31	6	0	105	60	60	116	60	60	11.98	0		0.008600
9	32	7	1	57	60	29	57	46	32	1.66	0		0.003200
9	33	7	1	57	117	29	57	46	32	1.66	0		0.003200
9	34	10	0	57	60	61	48	60	29	1.81	0		0.003100
9	35	10	1	57	120	61	48	60	29	1.81	0		0.003100
13	43	2	0	57	120	90	44	27	60	3.89	0		0.016400
13	44	9	0	116	0	0	33	43	41	4.73	0		0.016700
16	48	6	0	105	60	120	116	60	60	11.98	0		0.008600
16	50	10	1	117	120	0	48	60	29	1.81	0		0.003100
16	49	9	0	116	0	41	33	43	41	4.73	0		0.016700
18	52	6	0	149	0	0	116	60	60	11.98	0		0.008600
18	53	8	0	117	120	29	38	36	31	1.43	0		0.005200


