Name:				450_n060_m400_bt100
Problem:			3L-VRPTW
Number_of_used_Vehicles:	5
Total_Travel_Distance:		829.49
Calculation_Time:		3600.00
Total_Iterations:		187
ConstraintSet:			P18

-------------------------------------------------------------------------------------------------------------------
Tour_Id:			1
No_of_Customers:		14
No_of_Items:			97
Customer_Sequence:		56 51 45 21 32 24 60 8 57 9 27 3 22 49 

CustId	Id	TypeId	Rotated	x	y	z	Length	Width	Height	mass	Fragility	LoadBearingStrength
49	321	81	0	0	0	0	9	5	7	118.88	1		12.998670
3	17	30	0	0	5	0	16	6	8	143.47	0		5.277678
51	331	30	0	0	11	0	16	6	8	143.47	0		5.277678
24	161	51	0	0	17	0	16	6	8	243.80	0		11.365037
60	398	51	0	0	5	8	16	6	8	243.80	0		11.365037
49	320	52	0	0	11	8	14	6	8	227.31	0		19.283747
32	216	52	0	0	17	8	14	6	8	227.31	0		19.283747
3	18	37	0	0	5	16	9	6	4	38.08	0		9.759361
24	162	52	0	0	11	16	14	6	8	227.31	0		19.283747
57	371	2	0	0	17	16	13	5	8	122.57	0		13.307886
8	52	2	0	9	0	0	13	5	8	122.57	0		13.307886
56	366	40	0	0	5	20	6	5	8	150.60	0		74.327264
60	399	71	0	9	5	16	9	6	8	135.73	0		13.952480
45	291	3	0	0	10	24	16	6	4	91.08	0		12.183880
56	365	24	0	0	16	24	17	6	4	62.40	0		2.472554
51	329	5	0	16	5	0	17	6	4	126.82	0		16.153348
32	214	24	0	16	11	0	17	6	4	62.40	0		2.472554
21	140	3	0	16	17	0	16	6	4	91.08	0		12.183880
49	318	5	0	16	5	4	17	6	4	126.82	0		16.153348
24	157	8	0	16	11	4	9	7	6	121.27	0		32.753351
21	141	8	0	14	11	10	9	7	6	121.27	0		32.753351
9	58	8	0	14	11	16	9	7	6	121.27	0		32.753351
3	22	98	0	9	0	8	8	5	7	39.36	0		5.578725
45	295	19	0	16	18	4	14	5	5	39.63	0		3.990568
45	296	22	0	9	0	15	10	5	7	92.99	0		6.648775
9	61	85	0	17	0	8	7	7	7	71.19	0		39.695160
3	14	7	0	14	18	9	17	5	4	42.03	0		3.888717
45	297	53	0	14	18	13	14	3	8	37.36	0		9.722434
24	159	35	0	16	7	8	14	3	8	38.06	0		18.586446
51	330	29	0	9	0	22	7	4	3	28.43	0		16.736332
51	336	68	1	19	0	15	7	6	8	140.07	0		30.791864
8	57	87	1	17	11	22	9	6	6	127.78	0		10.444298
22	151	87	1	19	0	23	9	6	6	127.78	0		10.444298
56	367	58	0	22	0	0	16	4	5	92.52	0		20.816323
57	373	30	0	32	17	0	16	6	8	143.47	0		5.277678
8	51	1	0	24	0	5	9	5	7	32.45	0		2.020587
9	62	95	0	31	18	8	13	6	4	81.63	0		5.307626
57	377	95	0	31	18	12	13	6	4	81.63	0		5.307626
32	215	42	0	28	18	16	13	4	6	52.41	0		8.431337
3	20	94	0	0	0	7	9	5	8	93.52	1		2.703268
3	21	98	0	25	11	4	8	5	7	39.36	0		5.578725
60	396	34	0	18	7	16	14	3	4	69.71	0		22.093111
56	364	13	0	33	4	0	14	6	3	91.55	0		35.065327
8	53	13	0	33	10	0	14	6	3	91.55	0		35.065327
24	158	32	0	25	11	11	6	6	7	62.89	0		34.835962
22	146	32	0	25	0	12	6	6	7	62.89	0		34.835962
27	184	32	0	25	11	18	6	6	7	62.89	0		34.835962
8	54	32	0	25	0	19	6	6	7	62.89	0		34.835962
51	332	32	0	33	4	3	6	6	7	62.89	0		34.835962
3	16	28	0	33	10	3	14	6	8	276.30	0		15.201870
8	56	82	0	31	11	11	15	6	4	82.88	1		1.723618
51	335	67	0	28	18	22	13	5	7	59.14	0		16.967317
56	370	84	0	0	23	0	14	2	8	41.72	0		7.267999
27	187	84	0	0	23	8	14	2	8	41.72	0		7.267999
24	163	54	0	0	22	16	6	3	8	46.09	0		8.610240
45	294	17	0	39	4	3	9	6	4	62.18	0		7.765231
45	293	17	0	39	4	7	9	6	4	62.18	0		7.765231
22	148	37	0	39	4	11	9	6	4	38.08	0		9.759361
22	145	26	0	9	5	24	10	5	5	99.49	0		11.567121
9	63	99	0	6	22	16	9	3	8	50.56	0		14.941631
45	292	9	0	38	0	0	17	4	3	27.96	0		4.458463
22	144	21	0	39	4	15	11	6	3	72.78	0		55.761776
22	143	21	0	39	4	18	11	6	3	72.78	0		55.761776
51	337	90	0	14	23	0	12	2	8	70.22	0		8.870364
27	188	90	0	14	23	8	12	2	8	70.22	0		8.870364
3	19	90	0	15	21	13	12	2	8	70.22	0		8.870364
51	334	56	0	26	23	0	13	2	7	61.58	0		56.137084
22	149	50	0	0	22	24	15	3	4	54.55	0		22.875684
27	183	31	0	39	4	21	12	5	3	40.97	0		10.512458
9	60	59	0	31	11	15	15	3	8	271.60	1		25.924667
24	164	72	0	38	0	3	15	3	8	43.89	0		9.858280
60	400	89	0	17	20	21	11	3	5	218.32	0		30.065708
56	368	75	0	17	20	26	11	3	3	22.09	1		6.530909
56	369	80	0	15	23	16	12	2	6	157.15	0		28.141133
32	217	54	0	32	5	10	6	3	8	46.09	0		8.610240
24	160	45	0	47	10	0	8	7	4	89.88	0		12.067895
45	298	80	0	15	23	22	12	2	6	157.15	0		28.141133
57	376	94	0	0	0	15	9	5	8	93.52	1		2.703268
22	150	65	0	18	7	20	10	2	3	23.06	0		33.257009
8	55	33	0	31	14	15	9	3	8	77.62	1		4.116127
49	319	14	0	9	0	25	7	3	4	28.84	0		13.437917
57	375	49	0	48	17	0	11	7	8	73.21	1		0.905110
57	374	48	0	31	11	23	12	6	7	208.62	1		3.632040
9	59	15	0	39	4	24	14	5	6	142.11	1		4.045073
51	333	41	0	47	10	4	10	6	4	57.97	0		17.675040
22	147	34	0	38	0	11	14	3	4	69.71	0		22.093111
60	397	35	0	38	0	15	14	3	8	38.06	0		18.586446
3	15	20	0	38	0	23	16	3	6	57.34	0		10.180827
49	323	94	0	44	17	8	9	5	8	93.52	1		2.703268
49	322	94	0	41	17	16	9	5	8	93.52	1		2.703268
21	142	86	0	47	10	8	11	7	4	95.15	1		4.335743
21	139	1	0	48	4	0	9	5	7	32.45	0		2.020587
27	186	81	0	0	0	23	9	5	7	118.88	1		12.998670
24	165	86	0	46	10	12	11	7	4	95.15	1		4.335743
57	372	27	0	46	10	16	11	6	4	45.21	1		4.995556
32	213	14	1	25	11	25	7	3	4	28.84	0		13.437917
27	185	44	0	48	4	7	11	3	4	15.81	0		3.211998


-------------------------------------------------------------------------------------------------------------------
Tour_Id:			2
No_of_Customers:		13
No_of_Items:			94
Customer_Sequence:		29 42 14 59 26 10 58 18 5 16 54 34 13 

CustId	Id	TypeId	Rotated	x	y	z	Length	Width	Height	mass	Fragility	LoadBearingStrength
14	95	51	0	0	0	0	16	6	8	243.80	0		11.365037
59	388	30	0	0	6	0	16	6	8	143.47	0		5.277678
26	179	51	0	0	12	0	16	6	8	243.80	0		11.365037
58	381	28	0	0	18	0	14	6	8	276.30	0		15.201870
5	35	79	0	0	0	8	17	6	6	228.45	0		9.410113
26	180	79	0	0	6	8	17	6	6	228.45	0		9.410113
54	356	43	0	0	12	8	17	6	6	176.22	0		12.060519
13	85	83	0	0	18	8	15	6	6	95.38	0		6.217122
14	93	39	0	0	0	14	14	7	5	146.56	0		5.049681
54	355	39	0	0	7	14	14	7	5	146.56	0		5.049681
5	34	71	0	0	14	14	9	6	8	135.73	0		13.952480
58	384	71	0	0	0	19	9	6	8	135.73	0		13.952480
18	122	24	0	0	6	19	17	6	4	62.40	0		2.472554
58	378	6	0	0	20	14	17	3	8	121.23	0		24.282074
16	102	6	0	0	20	22	17	3	8	121.23	0		24.282074
5	29	6	0	14	18	0	17	3	8	121.23	0		24.282074
18	118	3	0	0	6	23	16	6	4	91.08	0		12.183880
10	66	25	0	16	0	0	16	6	4	128.83	0		9.075504
16	104	25	0	16	6	0	16	6	4	128.83	0		9.075504
10	64	3	0	16	12	0	16	6	4	91.08	0		12.183880
14	90	3	0	16	0	4	16	6	4	91.08	0		12.183880
26	175	8	0	17	0	8	9	7	6	121.27	0		32.753351
26	182	85	0	17	7	4	7	7	7	71.19	0		39.695160
5	36	85	0	17	7	11	7	7	7	71.19	0		39.695160
18	119	7	0	31	18	0	17	5	4	42.03	0		3.888717
13	83	7	0	31	18	4	17	5	4	42.03	0		3.888717
34	226	7	0	31	18	8	17	5	4	42.03	0		3.888717
26	178	35	0	14	21	0	14	3	8	38.06	0		18.586446
59	389	35	0	14	0	14	14	3	8	38.06	0		18.586446
5	32	35	0	14	3	14	14	3	8	38.06	0		18.586446
54	358	68	0	0	14	22	7	6	8	140.07	0		30.791864
10	70	87	0	9	14	14	9	6	6	127.78	0		10.444298
29	198	1	0	9	14	20	9	5	7	32.45	0		2.020587
29	201	95	0	14	0	22	13	6	4	81.63	0		5.307626
14	94	42	0	15	18	8	13	4	6	52.41	0		8.431337
34	229	46	1	24	6	4	11	7	4	75.25	0		8.737600
16	106	46	1	24	7	8	11	7	4	75.25	0		8.737600
59	390	46	1	24	7	12	11	7	4	75.25	0		8.737600
18	123	46	1	24	6	16	11	7	4	75.25	0		8.737600
16	110	97	1	24	6	20	14	3	7	66.49	0		11.475818
5	30	20	0	28	18	12	16	3	6	57.34	0		10.180827
34	231	98	1	17	6	18	8	5	7	39.36	0		5.578725
58	379	11	1	27	6	20	9	5	6	60.38	0		10.835855
10	69	66	0	0	12	19	16	2	8	99.36	0		14.568774
26	177	32	0	32	0	0	6	6	7	62.89	0		34.835962
34	228	26	0	32	6	0	10	5	5	99.49	0		11.567121
10	67	26	0	31	6	5	10	5	5	99.49	0		11.567121
10	68	41	0	14	0	26	10	6	4	57.97	0		17.675040
58	382	40	1	9	0	19	6	5	8	150.60	0		74.327264
26	181	84	0	28	21	12	14	2	8	41.72	0		7.267999
58	383	62	0	31	6	10	9	5	5	72.75	0		24.199888
13	86	84	0	27	18	18	14	2	8	41.72	0		7.267999
5	33	62	0	31	6	15	9	5	5	72.75	0		24.199888
42	274	45	0	32	11	0	8	7	4	89.88	0		12.067895
59	391	57	0	31	11	4	11	4	5	23.58	0		4.349123
10	65	17	1	27	6	26	9	6	4	62.18	0		7.765231
58	380	17	0	38	0	0	9	6	4	62.18	0		7.765231
5	37	99	0	31	15	4	9	3	8	50.56	0		14.941631
26	176	21	0	0	0	27	11	6	3	72.78	0		55.761776
13	87	88	0	17	20	14	11	2	8	40.70	0		10.742285
5	31	34	0	31	11	9	14	3	4	69.71	0		22.093111
42	272	34	0	31	11	13	14	3	4	69.71	0		22.093111
13	88	89	0	31	15	12	11	3	5	218.32	0		30.065708
16	103	23	0	32	6	20	10	4	4	28.31	0		2.463461
54	357	55	0	42	6	0	15	4	8	100.79	1		3.521204
16	105	38	0	16	6	25	6	6	4	19	0		2.397905
42	273	38	0	26	0	8	6	6	4	19	0		2.397905
29	199	54	0	17	14	4	6	3	8	46.09	0		8.610240
34	227	12	0	15	22	8	14	2	4	136.55	0		156.199006
58	385	76	0	0	6	27	15	2	3	22.23	0		13.464820
14	91	18	1	14	6	14	7	3	4	35.25	0		16.878814
59	394	81	0	38	0	4	9	5	7	118.88	1		12.998670
18	120	18	0	31	15	17	7	3	4	35.25	0		16.878814
18	121	18	0	31	15	21	7	3	4	35.25	0		16.878814
34	230	96	0	17	22	12	7	2	5	15.25	0		62.420152
16	109	96	0	17	22	17	7	2	5	15.25	0		62.420152
54	359	96	0	17	20	22	7	2	5	15.25	0		62.420152
18	124	96	0	17	22	22	7	2	5	15.25	0		62.420152
14	92	23	0	33	6	24	10	4	4	28.31	0		2.463461
10	71	92	0	42	10	0	11	6	6	56.34	1		1.370245
14	97	92	0	47	0	0	11	6	6	56.34	1		1.370245
42	275	59	0	32	11	17	15	3	8	271.60	1		25.924667
29	200	94	0	38	0	11	9	5	8	93.52	1		2.703268
58	386	94	0	38	0	19	9	5	8	93.52	1		2.703268
16	107	81	0	42	6	8	9	5	7	118.88	1		12.998670
54	354	18	0	31	15	25	7	3	4	35.25	0		16.878814
16	108	86	0	48	16	0	11	7	4	95.15	1		4.335743
59	395	86	0	48	16	4	11	7	4	95.15	1		4.335743
59	387	16	0	42	6	15	10	3	7	80.10	1		5.263449
13	84	10	0	28	21	20	13	2	6	55.85	1		3.785770
14	96	63	0	43	6	22	8	3	6	56.07	1		3.788643
59	393	63	0	45	11	6	8	3	6	56.07	1		3.788643
59	392	63	0	47	0	6	8	3	6	56.07	1		3.788643
13	89	100	0	18	14	12	6	3	5	19.76	1		2.317171


-------------------------------------------------------------------------------------------------------------------
Tour_Id:			3
No_of_Customers:		12
No_of_Items:			88
Customer_Sequence:		17 35 39 43 25 38 44 30 19 33 1 37 

CustId	Id	TypeId	Rotated	x	y	z	Length	Width	Height	mass	Fragility	LoadBearingStrength
37	244	51	0	0	0	0	16	6	8	243.80	0		11.365037
44	284	51	0	0	6	0	16	6	8	243.80	0		11.365037
33	218	30	0	0	12	0	16	6	8	143.47	0		5.277678
25	167	30	0	0	18	0	16	6	8	143.47	0		5.277678
17	112	51	0	0	0	8	16	6	8	243.80	0		11.365037
25	170	52	0	0	6	8	14	6	8	227.31	0		19.283747
1	4	52	0	0	12	8	14	6	8	227.31	0		19.283747
25	173	79	0	0	18	8	17	6	6	228.45	0		9.410113
35	236	79	0	0	0	16	17	6	6	228.45	0		9.410113
35	233	2	0	0	18	14	13	5	8	122.57	0		13.307886
37	245	67	0	0	6	16	13	5	7	59.14	0		16.967317
1	7	67	0	0	11	16	13	5	7	59.14	0		16.967317
43	280	67	0	0	0	22	13	5	7	59.14	0		16.967317
44	287	67	0	0	18	22	13	5	7	59.14	0		16.967317
44	288	67	0	0	5	23	13	5	7	59.14	0		16.967317
19	130	71	0	16	0	0	9	6	8	135.73	0		13.952480
17	114	71	0	16	6	0	9	6	8	135.73	0		13.952480
38	248	8	0	0	10	23	9	7	6	121.27	0		32.753351
19	127	19	0	14	6	8	14	5	5	39.63	0		3.990568
1	8	85	0	16	12	0	7	7	7	71.19	0		39.695160
17	111	35	0	14	6	13	14	3	8	38.06	0		18.586446
38	251	68	0	16	19	0	7	6	8	140.07	0		30.791864
38	252	87	0	16	12	7	9	6	6	127.78	0		10.444298
30	206	87	0	16	0	8	9	6	6	127.78	0		10.444298
35	232	1	0	14	12	13	9	5	7	32.45	0		2.020587
1	3	46	0	23	12	0	11	7	4	75.25	0		8.737600
33	222	97	0	13	6	21	14	3	7	66.49	0		11.475818
37	247	97	0	23	19	0	14	3	7	66.49	0		11.475818
35	235	36	0	13	12	20	12	3	8	234.63	0		32.914337
38	249	36	0	23	22	0	12	3	8	234.63	0		32.914337
25	169	36	0	23	19	7	12	3	8	234.63	0		32.914337
33	223	98	0	17	0	14	8	5	7	39.36	0		5.578725
25	172	66	0	14	9	13	16	2	8	99.36	0		14.568774
37	242	13	0	23	12	4	14	6	3	91.55	0		35.065327
1	2	13	0	25	0	0	14	6	3	91.55	0		35.065327
19	128	26	0	17	0	21	10	5	5	99.49	0		11.567121
43	278	40	1	13	18	14	6	5	8	150.60	0		74.327264
19	132	91	0	18	22	8	11	3	7	71.62	0		39.169417
19	131	91	0	18	22	15	11	3	7	71.62	0		39.169417
43	279	45	0	25	0	3	8	7	4	89.88	0		12.067895
33	220	57	0	25	7	0	11	4	5	23.58	0		4.349123
25	171	57	0	25	11	7	11	4	5	23.58	0		4.349123
43	276	17	0	17	0	26	9	6	4	62.18	0		7.765231
33	225	99	0	13	22	22	9	3	8	50.56	0		14.941631
33	224	99	0	22	22	22	9	3	8	50.56	0		14.941631
38	254	99	0	23	19	15	9	3	8	50.56	0		14.941631
19	125	9	0	34	11	0	17	4	3	27.96	0		4.458463
33	219	50	0	25	15	7	15	3	4	54.55	0		22.875684
1	9	88	0	13	15	20	11	2	8	40.70	0		10.742285
19	129	34	0	25	15	11	14	3	4	69.71	0		22.093111
25	166	23	0	25	0	7	10	4	4	28.31	0		2.463461
43	282	80	0	0	16	16	12	2	6	157.15	0		28.141133
43	277	38	0	33	0	3	6	6	4	19	0		2.397905
17	113	54	1	13	0	22	6	3	8	46.09	0		8.610240
44	285	54	0	13	18	22	6	3	8	46.09	0		8.610240
1	1	12	0	13	9	21	14	2	4	136.55	0		156.199006
30	203	47	1	9	10	23	8	3	4	28.96	0		15.112881
39	259	76	0	13	9	25	15	2	3	22.23	0		13.464820
39	260	76	0	23	15	15	15	2	3	22.23	0		13.464820
43	281	76	0	24	15	18	15	2	3	22.23	0		13.464820
44	290	76	0	24	15	21	15	2	3	22.23	0		13.464820
37	243	29	1	9	10	27	7	4	3	28.43	0		16.736332
30	202	18	0	23	19	23	7	3	4	35.25	0		16.878814
35	234	18	0	25	0	11	7	3	4	35.25	0		16.878814
44	289	73	0	23	19	27	8	3	3	9.47	0		4.743092
38	253	96	1	14	11	8	7	2	5	15.25	0		62.420152
39	256	49	0	39	0	0	11	7	8	73.21	1		0.905110
39	257	49	0	39	0	8	11	7	8	73.21	1		0.905110
30	205	49	0	39	0	16	11	7	8	73.21	1		0.905110
39	255	48	0	37	18	0	12	6	7	208.62	1		3.632040
30	204	48	0	35	18	7	12	6	7	208.62	1		3.632040
1	5	55	0	36	7	0	15	4	8	100.79	1		3.521204
44	286	55	0	35	18	14	15	4	8	100.79	1		3.521204
33	221	92	0	39	0	24	11	6	6	56.34	1		1.370245
25	174	82	1	51	0	0	15	6	4	82.88	1		1.723618
37	246	82	1	51	0	4	15	6	4	82.88	1		1.723618
39	261	94	0	35	18	22	9	5	8	93.52	1		2.703268
17	116	94	0	36	7	8	9	5	8	93.52	1		2.703268
39	258	64	0	25	11	12	10	4	8	127.93	1		9.338991
38	250	64	0	25	11	20	10	4	8	127.93	1		9.338991
35	237	81	0	35	7	16	9	5	7	118.88	1		12.998670
17	115	86	0	45	7	8	11	7	4	95.15	1		4.335743
25	168	33	0	40	15	0	9	3	8	77.62	1		4.116127
44	283	16	0	35	7	23	10	3	7	80.10	1		5.263449
19	126	10	0	24	15	24	13	2	6	55.85	1		3.785770
1	6	63	0	28	4	7	8	3	6	56.07	1		3.788643
39	262	100	0	25	0	15	6	3	5	19.76	1		2.317171
17	117	100	0	28	7	5	6	3	5	19.76	1		2.317171


-------------------------------------------------------------------------------------------------------------------
Tour_Id:			4
No_of_Customers:		14
No_of_Items:			83
Customer_Sequence:		12 23 7 6 40 53 47 31 46 15 2 28 48 11 

CustId	Id	TypeId	Rotated	x	y	z	Length	Width	Height	mass	Fragility	LoadBearingStrength
40	264	30	0	0	0	0	16	6	8	143.47	0		5.277678
6	40	30	0	0	6	0	16	6	8	143.47	0		5.277678
47	308	28	0	0	12	0	14	6	8	276.30	0		15.201870
6	44	77	0	0	18	0	13	7	7	297.75	0		21.884203
23	152	2	0	0	0	8	13	5	8	122.57	0		13.307886
7	47	2	0	0	18	7	13	5	8	122.57	0		13.307886
53	346	4	0	0	5	8	14	6	6	88.88	0		8.093614
6	38	4	0	0	11	8	14	6	6	88.88	0		8.093614
12	79	39	0	0	5	14	14	7	5	146.56	0		5.049681
46	305	67	0	0	12	14	13	5	7	59.14	0		16.967317
12	80	67	0	0	17	15	13	5	7	59.14	0		16.967317
28	193	67	0	0	0	16	13	5	7	59.14	0		16.967317
11	72	24	0	0	5	19	17	6	4	62.40	0		2.472554
53	347	8	0	0	0	23	9	7	6	121.27	0		32.753351
12	77	8	0	13	18	0	9	7	6	121.27	0		32.753351
53	353	72	0	0	12	21	15	3	8	43.89	0		9.858280
2	10	22	0	0	17	22	10	5	7	92.99	0		6.648775
23	156	93	0	13	18	6	7	7	7	83.52	0		22.756933
2	13	85	0	13	17	13	7	7	7	71.19	0		39.695160
46	307	85	0	13	17	20	7	7	7	71.19	0		39.695160
31	207	7	0	0	7	23	17	5	4	42.03	0		3.888717
31	211	53	0	14	12	0	14	3	8	37.36	0		9.722434
6	43	68	0	16	0	0	7	6	8	140.07	0		30.791864
53	352	68	0	14	0	8	7	6	8	140.07	0		30.791864
7	50	87	0	16	6	0	9	6	6	127.78	0		10.444298
40	266	42	0	14	11	8	13	4	6	52.41	0		8.431337
12	82	97	0	13	12	14	14	3	7	66.49	0		11.475818
11	76	97	0	14	15	0	14	3	7	66.49	0		11.475818
28	195	97	0	15	12	21	14	3	7	66.49	0		11.475818
46	299	20	0	14	15	7	16	3	6	57.34	0		10.180827
11	75	74	0	22	18	0	8	7	5	52.51	0		10.361982
2	12	74	0	22	18	5	8	7	5	52.51	0		10.361982
28	196	98	0	13	0	16	8	5	7	39.36	0		5.578725
6	39	11	0	9	0	23	9	5	6	60.38	0		10.835855
53	348	11	0	16	6	6	9	5	6	60.38	0		10.835855
48	313	32	0	23	0	0	6	6	7	62.89	0		34.835962
40	265	32	0	22	18	10	6	6	7	62.89	0		34.835962
47	309	32	0	22	18	17	6	6	7	62.89	0		34.835962
11	73	26	0	14	6	12	10	5	5	99.49	0		11.567121
23	153	26	0	25	6	0	10	5	5	99.49	0		11.567121
40	263	26	0	25	6	5	10	5	5	99.49	0		11.567121
46	301	40	0	17	5	17	6	5	8	150.60	0		74.327264
6	41	45	0	28	11	0	8	7	4	89.88	0		12.067895
7	49	57	0	25	6	10	11	4	5	23.58	0		4.349123
48	315	57	0	24	6	15	11	4	5	23.58	0		4.349123
28	197	99	0	23	6	20	9	3	8	50.56	0		14.941631
28	189	9	0	0	7	27	17	4	3	27.96	0		4.458463
6	46	90	0	0	23	7	12	2	8	70.22	0		8.870364
48	314	56	0	0	22	15	13	2	7	61.58	0		56.137084
2	11	50	0	29	0	0	15	3	4	54.55	0		22.875684
46	303	50	0	29	3	0	15	3	4	54.55	0		22.875684
15	99	50	0	29	0	4	15	3	4	54.55	0		22.875684
46	300	31	0	30	18	0	12	5	3	40.97	0		10.512458
31	209	31	0	30	18	3	12	5	3	40.97	0		10.512458
7	48	31	0	30	18	6	12	5	3	40.97	0		10.512458
31	212	88	0	0	15	21	11	2	8	40.70	0		10.742285
28	191	34	0	29	3	4	14	3	4	69.71	0		22.093111
53	349	23	0	28	11	4	10	4	4	28.31	0		2.463461
12	81	80	0	0	22	22	12	2	6	157.15	0		28.141133
23	154	38	0	17	5	25	6	6	4	19	0		2.397905
47	310	44	0	20	15	13	11	3	4	15.81	0		3.211998
48	312	12	0	20	15	17	14	2	4	136.55	0		156.199006
15	98	14	0	22	18	24	7	3	4	28.84	0		13.437917
11	74	73	0	13	17	27	8	3	3	9.47	0		4.743092
46	306	78	0	20	15	21	11	2	3	14.15	0		21.159934
6	45	78	0	20	15	24	11	2	3	14.15	0		21.159934
31	210	49	0	38	6	0	11	7	8	73.21	1		0.905110
46	302	48	0	29	0	8	12	6	7	208.62	1		3.632040
46	304	55	0	27	11	8	15	4	8	100.79	1		3.521204
12	78	15	0	29	0	15	14	5	6	142.11	1		4.045073
48	316	92	0	29	0	21	11	6	6	56.34	1		1.370245
15	100	82	0	42	13	0	15	6	4	82.88	1		1.723618
28	194	82	0	42	19	0	15	6	4	82.88	1		1.723618
47	311	59	0	29	12	16	15	3	8	271.60	1		25.924667
28	192	59	0	30	18	9	15	3	8	271.60	1		25.924667
48	317	94	0	36	6	8	9	5	8	93.52	1		2.703268
23	155	64	0	30	18	17	10	4	8	127.93	1		9.338991
53	351	64	0	35	6	16	10	4	8	127.93	1		9.338991
6	42	64	0	42	13	4	10	4	8	127.93	1		9.338991
53	350	27	0	42	17	4	11	6	4	45.21	1		4.995556
28	190	16	0	44	0	0	10	3	7	80.10	1		5.263449
31	208	10	0	29	12	24	13	2	6	55.85	1		3.785770
15	101	100	0	22	21	24	6	3	5	19.76	1		2.317171


-------------------------------------------------------------------------------------------------------------------
Tour_Id:			5
No_of_Customers:		7
No_of_Items:			38
Customer_Sequence:		4 36 55 52 20 50 41 

CustId	Id	TypeId	Rotated	x	y	z	Length	Width	Height	mass	Fragility	LoadBearingStrength
41	270	52	0	0	0	0	14	6	8	227.31	0		19.283747
55	362	79	0	0	6	0	17	6	6	228.45	0		9.410113
52	344	83	0	0	12	0	15	6	6	95.38	0		6.217122
20	133	2	0	0	18	0	13	5	8	122.57	0		13.307886
52	340	39	0	0	6	6	14	7	5	146.56	0		5.049681
52	343	67	0	0	13	6	13	5	7	59.14	0		16.967317
4	26	71	0	0	0	8	9	6	8	135.73	0		13.952480
50	325	72	0	0	18	8	15	3	8	43.89	0		9.858280
4	23	22	0	0	6	11	10	5	7	92.99	0		6.648775
41	269	35	0	0	13	13	14	3	8	38.06	0		18.586446
20	135	68	0	0	0	16	7	6	8	140.07	0		30.791864
4	28	97	0	0	18	16	14	3	7	66.49	0		11.475818
20	138	97	0	0	13	21	14	3	7	66.49	0		11.475818
36	241	74	0	0	0	24	8	7	5	52.51	0		10.361982
50	326	74	0	13	18	0	8	7	5	52.51	0		10.361982
50	328	98	0	14	0	0	8	5	7	39.36	0		5.578725
41	271	66	0	0	21	8	16	2	8	99.36	0		14.568774
41	268	13	0	15	12	0	14	6	3	91.55	0		35.065327
20	134	26	0	0	6	18	10	5	5	99.49	0		11.567121
36	238	62	0	0	7	23	9	5	5	72.75	0		24.199888
52	341	45	0	21	18	0	8	7	4	89.88	0		12.067895
55	361	45	0	22	0	0	8	7	4	89.88	0		12.067895
41	267	9	0	15	12	3	17	4	3	27.96	0		4.458463
20	137	90	0	0	23	0	12	2	8	70.22	0		8.870364
4	25	50	0	0	18	23	15	3	4	54.55	0		22.875684
52	339	31	0	14	12	6	12	5	3	40.97	0		10.512458
55	363	88	0	0	23	8	11	2	8	40.70	0		10.742285
20	136	89	0	0	21	16	11	3	5	218.32	0		30.065708
4	27	80	0	0	11	11	12	2	6	157.15	0		28.141133
52	338	12	0	0	16	13	14	2	4	136.55	0		156.199006
50	327	76	0	0	11	17	15	2	3	22.23	0		13.464820
55	360	18	0	0	21	21	7	3	4	35.25	0		16.878814
4	24	49	0	29	16	0	11	7	8	73.21	1		0.905110
50	324	49	0	29	16	8	11	7	8	73.21	1		0.905110
52	342	48	0	14	12	9	12	6	7	208.62	1		3.632040
52	345	94	0	14	0	7	9	5	8	93.52	1		2.703268
36	240	64	0	14	0	15	10	4	8	127.93	1		9.338991
36	239	63	0	14	13	16	8	3	6	56.07	1		3.788643


