Name:				479_n060_m400_bt100
Problem:			3L-VRPTW
Number_of_used_Vehicles:	4
Total_Travel_Distance:		741.50
Calculation_Time:		3600.00
Total_Iterations:		78
ConstraintSet:			P18

-------------------------------------------------------------------------------------------------------------------
Tour_Id:			1
No_of_Customers:		16
No_of_Items:			110
Customer_Sequence:		59 40 50 24 4 26 33 51 44 8 43 19 55 30 49 31 

CustId	Id	TypeId	Rotated	x	y	z	Length	Width	Height	mass	Fragility	LoadBearingStrength
26	173	2	0	0	0	0	15	7	8	198.16	0		9.309949
24	163	48	0	0	7	0	16	7	7	143.02	0		4.640660
49	330	48	0	0	14	0	16	7	7	143.02	0		4.640660
43	290	82	0	0	7	7	14	7	7	106.72	0		3.320674
50	333	18	0	0	14	7	12	6	6	156.13	0		25.704917
55	369	82	0	0	0	8	14	7	7	106.72	0		3.320674
24	164	58	0	0	7	14	17	7	5	118.84	0		8.862683
43	286	66	0	0	14	13	15	6	6	112.63	0		5.353610
50	338	66	0	0	0	15	15	6	6	112.63	0		5.353610
19	125	1	0	0	21	0	17	4	6	324.19	0		21.004360
30	201	56	0	0	21	6	16	4	8	141.94	0		12.196395
8	52	56	0	0	20	14	16	4	8	141.94	0		12.196395
19	128	32	0	0	6	19	12	6	7	104.48	0		25.684384
49	328	21	0	0	12	19	14	5	7	109.83	0		5.793019
33	217	21	0	0	0	21	14	5	7	109.83	0		5.793019
30	199	21	0	0	20	22	14	5	7	109.83	0		5.793019
43	283	35	0	15	0	0	8	7	8	262.72	0		141.166150
50	334	28	0	16	7	0	11	5	8	90.84	0		12.605885
19	131	82	0	16	12	0	14	7	7	106.72	0		3.320674
19	133	99	0	15	12	7	15	4	7	55.94	0		9.213913
59	393	89	0	23	0	0	14	6	5	389	0		18.747648
24	161	31	0	23	0	5	16	6	5	76.92	1		1.093135
51	341	4	0	17	6	8	12	5	7	150.55	0		65.209531
33	219	30	0	17	6	15	11	6	8	566.68	0		70.683250
30	204	87	0	0	17	19	17	3	8	81.29	0		6.254436
51	342	14	0	15	16	7	17	3	8	159.80	0		32.193682
19	126	27	0	27	6	0	10	5	8	79.55	0		3.653309
49	331	59	0	17	19	0	16	4	6	58.89	0		14.668816
50	336	34	0	15	0	8	8	6	8	111.01	0		23.956750
19	129	34	0	15	0	16	8	6	8	111.01	0		23.956750
8	47	34	0	29	6	8	8	6	8	111.01	0		23.956750
4	22	59	0	16	19	6	16	4	6	58.89	0		14.668816
55	366	38	0	16	19	12	17	3	7	44.72	0		4.643171
40	267	44	0	17	12	14	12	4	7	69.33	0		5.237784
49	329	44	0	14	12	21	12	4	7	69.33	0		5.237784
8	50	44	0	17	6	23	12	4	7	69.33	0		5.237784
31	207	33	0	30	11	0	11	5	6	93.44	0		11.996449
31	208	45	0	29	6	16	8	5	8	75.52	0		7.397643
31	205	13	0	17	16	15	14	3	7	29.92	0		3.250616
59	388	62	0	39	0	0	7	7	6	50.84	0		10.766065
55	368	70	0	17	16	22	12	3	8	81.94	0		23.331999
31	209	46	0	33	16	0	7	5	8	51.08	0		11.483219
44	299	96	0	0	6	26	13	5	4	71.23	0		13.894973
4	23	71	0	0	11	26	14	6	3	59.83	0		8.990801
50	339	71	0	40	16	0	14	6	3	59.83	0		8.990801
30	202	71	0	40	16	3	14	6	3	59.83	0		8.990801
24	166	71	0	40	16	6	14	6	3	59.83	0		8.990801
8	49	43	0	14	0	24	7	6	6	54.60	0		21.304347
44	295	43	0	29	6	24	7	6	6	54.60	0		21.304347
44	296	68	0	40	16	9	12	5	4	48.86	0		30.529285
40	265	19	0	17	19	19	12	4	5	37.19	0		11.757382
8	51	51	0	46	0	0	11	7	3	54.59	0		8.070596
51	345	97	0	30	12	6	8	4	7	36.81	0		6.572089
55	367	67	0	30	12	13	7	4	8	155.72	0		26.846853
43	287	67	0	26	12	21	7	4	8	155.72	0		26.846853
8	48	39	0	17	19	24	9	4	6	40.32	0		6.578567
31	211	74	0	40	16	13	14	5	3	46.07	0		5.773046
8	53	74	0	40	16	16	14	5	3	46.07	0		5.773046
19	130	74	0	40	16	19	14	5	3	46.07	0		5.773046
24	167	74	0	40	16	22	14	5	3	46.07	0		5.773046
24	159	24	0	37	7	0	10	4	5	21.66	0		7.922232
44	292	24	0	37	7	5	10	4	5	21.66	0		7.922232
4	21	24	0	37	6	10	10	4	5	21.66	0		7.922232
51	343	24	0	37	6	15	10	4	5	21.66	0		7.922232
30	203	77	0	17	23	0	16	2	6	32.95	0		40.757811
4	24	79	0	40	16	25	12	5	3	23.40	0		7.754642
8	54	88	0	41	11	0	12	5	3	18.10	0		2.870438
33	221	72	0	37	6	20	12	3	5	22.78	0		4.202275
26	177	72	0	36	6	25	12	3	5	22.78	0		4.202275
49	332	83	0	16	23	6	10	2	8	45.02	0		8.307923
31	206	25	0	39	0	6	8	5	4	26.45	0		4.112257
33	218	25	0	39	0	10	8	5	4	26.45	0		4.112257
44	293	25	0	39	0	14	8	5	4	26.45	0		4.112257
44	294	25	0	39	0	18	8	5	4	26.45	0		4.112257
4	20	9	0	39	0	22	9	3	4	30.99	0		7.313014
33	220	49	0	0	17	27	17	3	3	40.51	0		8.635136
43	284	49	0	33	22	0	17	3	3	40.51	0		8.635136
26	175	49	0	33	22	3	17	3	3	40.51	0		8.635136
59	387	60	0	32	22	6	16	3	3	14.98	0		3.647971
43	285	60	0	32	21	9	16	3	3	14.98	0		3.647971
31	210	50	0	16	23	14	11	2	6	21.66	0		39.655037
19	132	92	0	16	23	20	13	2	5	23.99	0		5.955302
40	266	41	0	33	21	12	14	3	3	36.20	0		21.154404
43	288	78	0	14	23	25	12	2	5	136.40	0		36.493581
26	174	9	0	33	21	15	9	3	4	30.99	0		7.313014
40	264	9	0	33	21	19	9	3	4	30.99	0		7.313014
24	165	65	0	41	11	3	13	4	3	22.46	0		27.587691
8	46	31	0	23	0	10	16	6	5	76.92	1		1.093135
55	365	31	0	23	0	15	16	6	5	76.92	1		1.093135
19	127	31	0	23	0	20	16	6	5	76.92	1		1.093135
24	162	47	0	38	11	6	14	5	6	59.74	0		4.918677
51	340	3	0	38	10	12	14	4	7	54.38	1		5.411282
40	263	3	0	37	10	19	14	4	7	54.38	1		5.411282
59	386	36	1	54	7	0	14	4	7	410.28	1		9.530777
44	298	86	0	47	0	3	10	5	6	72.05	1		6.450769
59	392	86	0	47	0	9	10	5	6	72.05	1		6.450769
51	344	53	0	48	0	15	12	3	8	37.58	1		3.463701
50	335	29	0	21	0	25	11	5	5	71.28	1		11.368413
30	200	29	1	54	7	7	11	5	5	71.28	1		11.368413
24	160	29	1	54	5	12	11	5	5	71.28	1		11.368413
59	391	76	0	33	21	23	9	4	7	53.79	1		1.848585
59	389	75	0	33	16	8	6	5	8	30.53	1		4.531829
59	390	75	0	33	16	16	6	5	8	30.53	1		4.531829
26	178	93	1	54	5	17	9	6	3	43.33	1		3.848157
43	291	84	0	48	0	23	8	4	5	44.39	1		5.145766
44	297	80	1	12	6	19	6	4	4	25.96	1		2.859807
43	289	80	0	32	0	25	6	4	4	25.96	1		2.859807
40	268	61	1	12	14	7	6	2	3	11.53	1		11.908960
50	337	61	1	14	6	23	6	2	3	11.53	1		11.908960
26	176	61	1	14	6	26	6	2	3	11.53	1		11.908960


-------------------------------------------------------------------------------------------------------------------
Tour_Id:			2
No_of_Customers:		15
No_of_Items:			103
Customer_Sequence:		15 58 34 46 12 36 48 38 16 52 22 9 10 42 27 

CustId	Id	TypeId	Rotated	x	y	z	Length	Width	Height	mass	Fragility	LoadBearingStrength
34	222	15	0	0	0	0	16	6	7	181.30	0		13.206006
38	253	15	0	0	6	0	16	6	7	181.30	0		13.206006
58	381	15	0	0	12	0	16	6	7	181.30	0		13.206006
9	59	81	0	0	18	0	13	6	8	131.66	0		38.076899
36	242	64	0	0	0	7	14	5	8	141.17	0		13.462974
46	310	66	0	0	5	7	15	6	6	112.63	0		5.353610
9	55	30	0	0	11	7	11	6	8	566.68	0		70.683250
38	254	30	0	0	17	8	11	6	8	566.68	0		70.683250
12	79	30	0	0	5	13	11	6	8	566.68	0		70.683250
10	67	56	0	0	0	15	16	4	8	141.94	0		12.196395
10	64	32	0	0	11	15	12	6	7	104.48	0		25.684384
52	346	21	0	0	17	16	14	5	7	109.83	0		5.793019
46	305	21	0	0	5	21	14	5	7	109.83	0		5.793019
27	181	35	0	13	18	0	8	7	8	262.72	0		141.166150
15	99	28	0	0	10	22	11	5	8	90.84	0		12.605885
34	223	28	0	11	18	8	11	5	8	90.84	0		12.605885
15	98	18	0	0	17	23	12	6	6	156.13	0		25.704917
52	349	47	0	0	0	23	14	5	6	59.74	0		4.918677
22	151	47	0	16	0	0	14	5	6	59.74	0		4.918677
16	105	4	0	16	5	0	12	5	7	150.55	0		65.209531
15	97	14	0	15	5	7	17	3	8	159.80	0		32.193682
22	150	14	0	14	5	15	17	3	8	159.80	0		32.193682
36	237	27	0	16	10	0	10	5	8	79.55	0		3.653309
42	282	98	0	21	15	0	13	6	5	70.38	0		6.234493
36	241	59	0	14	5	23	16	4	6	58.89	0		14.668816
34	224	34	0	14	17	16	8	6	8	111.01	0		23.956750
9	61	100	0	12	17	24	8	3	3	53.60	0		28.612693
52	347	26	0	16	0	6	15	3	8	82.62	0		7.433200
42	276	38	0	16	0	14	17	3	7	44.72	0		4.643171
36	240	55	0	16	0	21	17	3	7	51.50	0		2.681423
46	307	44	0	15	10	8	12	4	7	69.33	0		5.237784
42	278	44	0	12	10	15	12	4	7	69.33	0		5.237784
38	255	33	0	11	10	22	11	5	6	93.44	0		11.996449
15	96	13	0	21	21	0	14	3	7	29.92	0		3.250616
34	226	62	0	28	5	0	7	7	6	50.84	0		10.766065
27	182	62	0	35	0	0	7	7	6	50.84	0		10.766065
15	102	46	0	22	15	5	7	5	8	51.08	0		11.483219
15	101	46	0	22	14	13	7	5	8	51.08	0		11.483219
22	153	85	0	34	12	0	15	6	3	52.83	0		24.930876
12	82	85	0	34	12	3	15	6	3	52.83	0		24.930876
42	277	43	0	22	14	21	7	6	6	54.60	0		21.304347
9	57	43	0	33	0	6	7	6	6	54.60	0		21.304347
9	58	43	0	33	0	12	7	6	6	54.60	0		21.304347
12	81	71	0	34	12	6	14	6	3	59.83	0		8.990801
10	65	51	0	34	12	9	11	7	3	54.59	0		8.070596
9	60	97	0	22	20	7	8	4	7	36.81	0		6.572089
46	311	67	1	11	11	7	7	4	8	155.72	0		26.846853
34	227	67	0	22	20	14	7	4	8	155.72	0		26.846853
36	238	39	0	22	20	22	9	4	6	40.32	0		6.578567
58	384	39	0	33	0	18	9	4	6	40.32	0		6.578567
48	325	54	0	34	12	12	14	5	3	52.08	0		18.121977
48	327	95	1	29	14	5	6	5	7	29.80	0		2.839079
27	179	10	0	26	12	0	6	3	5	88.46	0		46.084328
34	228	77	0	0	15	22	16	2	6	32.95	0		40.757811
42	280	77	0	15	8	7	16	2	6	32.95	0		40.757811
42	281	77	0	11	8	13	16	2	6	32.95	0		40.757811
22	152	72	0	29	17	12	12	3	5	22.78	0		4.202275
58	385	65	0	34	12	15	13	4	3	22.46	0		27.587691
27	183	65	0	34	12	18	13	4	3	22.46	0		27.587691
48	324	49	0	12	17	27	17	3	3	40.51	0		8.635136
46	309	60	0	29	17	17	16	3	3	14.98	0		3.647971
52	350	60	0	29	17	20	16	3	3	14.98	0		3.647971
22	149	7	1	32	6	6	6	3	8	17.48	0		6.406345
15	103	50	0	11	23	8	11	2	6	21.66	0		39.655037
10	69	95	0	34	12	21	6	5	7	29.80	0		2.839079
38	257	92	0	16	3	6	13	2	5	23.99	0		5.955302
15	100	41	0	29	17	23	14	3	3	36.20	0		21.154404
16	107	78	0	16	3	11	12	2	5	136.40	0		36.493581
16	108	78	0	16	3	16	12	2	5	136.40	0		36.493581
34	225	40	0	33	0	24	10	4	3	34.04	0		65.282122
12	80	40	0	33	0	27	10	4	3	34.04	0		65.282122
9	56	40	0	35	7	0	10	4	3	34.04	0		65.282122
36	244	91	0	16	3	21	13	2	5	14.38	0		23.594481
10	62	5	0	35	18	0	7	4	3	14.39	0		3.859971
48	322	12	0	12	20	24	8	3	3	18.26	0		45.030644
16	106	12	0	12	20	27	8	3	3	18.26	0		45.030644
10	63	12	0	22	14	27	8	3	3	18.26	0		45.030644
58	383	26	0	35	22	0	15	3	8	82.62	0		7.433200
10	70	100	0	29	17	26	8	3	3	53.60	0		28.612693
38	252	11	0	42	0	0	17	6	6	98.98	1		1.971695
48	323	31	0	40	0	6	16	6	5	76.92	1		1.093135
52	348	31	0	40	0	11	16	6	5	76.92	1		1.093135
27	180	22	0	43	0	16	16	5	6	134.20	1		5.482442
46	304	3	0	42	18	0	14	4	7	54.38	1		5.411282
38	256	42	0	43	0	22	13	5	6	75.35	1		1.854799
12	78	16	0	45	6	0	11	5	6	60.69	1		4.466303
58	382	16	0	45	6	6	11	5	6	60.69	1		4.466303
36	236	16	0	45	6	12	11	5	6	60.69	1		4.466303
15	104	86	0	35	7	3	10	5	6	72.05	1		6.450769
12	83	86	0	35	6	9	10	5	6	72.05	1		6.450769
46	308	53	0	35	22	8	12	3	8	37.58	1		3.463701
10	66	53	0	35	22	16	12	3	8	37.58	1		3.463701
36	239	53	0	45	6	18	12	3	8	37.58	1		3.463701
46	306	37	0	49	11	0	11	6	4	34.41	1		9.235244
10	68	76	0	35	6	15	9	4	7	53.79	1		1.848585
36	243	75	0	35	6	22	6	5	8	30.53	1		4.531829
27	184	93	0	49	11	4	9	6	3	43.33	1		3.848157
46	312	93	0	48	11	7	9	6	3	43.33	1		3.848157
52	351	84	0	40	12	21	8	4	5	44.39	1		5.145766
48	326	94	0	48	11	10	7	6	3	17.08	1		2.336153
16	109	94	0	48	11	13	7	6	3	17.08	1		2.336153
52	352	94	0	47	11	16	7	6	3	17.08	1		2.336153
42	279	61	0	11	23	14	6	2	3	11.53	1		11.908960


-------------------------------------------------------------------------------------------------------------------
Tour_Id:			3
No_of_Customers:		16
No_of_Items:			106
Customer_Sequence:		2 56 13 20 3 25 54 57 7 39 6 23 1 18 5 47 

CustId	Id	TypeId	Rotated	x	y	z	Length	Width	Height	mass	Fragility	LoadBearingStrength
18	116	2	0	0	0	0	15	7	8	198.16	0		9.309949
47	316	63	0	0	7	0	15	7	6	149.41	0		16.178801
5	25	2	0	0	14	0	15	7	8	198.16	0		9.309949
56	370	2	0	0	7	6	15	7	8	198.16	0		9.309949
25	171	48	0	0	0	8	16	7	7	143.02	0		4.640660
5	29	82	0	0	14	8	14	7	7	106.72	0		3.320674
2	4	2	0	0	7	14	15	7	8	198.16	0		9.309949
56	375	63	0	0	0	15	15	7	6	149.41	0		16.178801
1	2	63	0	0	14	15	15	7	6	149.41	0		16.178801
18	122	63	0	0	0	21	15	7	6	149.41	0		16.178801
6	38	81	0	0	14	21	13	6	8	131.66	0		38.076899
20	138	81	0	0	7	22	13	6	8	131.66	0		38.076899
23	156	66	0	15	0	0	15	6	6	112.63	0		5.353610
57	376	8	0	15	6	0	15	5	7	87.41	0		3.722067
20	134	8	0	15	11	0	15	5	7	87.41	0		3.722067
3	16	56	0	0	21	0	16	4	8	141.94	0		12.196395
57	377	32	0	15	7	7	12	6	7	104.48	0		25.684384
20	136	35	0	15	7	14	8	7	8	262.72	0		141.166150
6	39	99	0	0	21	8	15	4	7	55.94	0		9.213913
7	43	89	0	16	0	6	14	6	5	389	0		18.747648
5	32	89	0	16	0	11	14	6	5	389	0		18.747648
2	5	4	0	13	7	22	12	5	7	150.55	0		65.209531
47	314	24	0	0	21	15	10	4	5	21.66	0		7.922232
7	42	87	0	15	16	0	17	3	8	81.29	0		6.254436
57	380	87	0	15	16	8	17	3	8	81.29	0		6.254436
13	85	14	0	15	16	16	17	3	8	159.80	0		32.193682
7	45	98	0	15	0	16	13	6	5	70.38	0		6.234493
6	35	60	0	0	0	27	16	3	3	14.98	0		3.647971
5	28	55	0	15	13	7	17	3	7	51.50	0		2.681423
18	121	55	0	16	19	0	17	3	7	51.50	0		2.681423
25	170	38	0	16	22	0	17	3	7	44.72	0		4.643171
57	378	44	0	0	21	20	12	4	7	69.33	0		5.237784
3	14	44	0	16	19	7	12	4	7	69.33	0		5.237784
2	7	45	0	16	19	14	8	5	8	75.52	0		7.397643
54	362	62	0	15	0	21	7	7	6	50.84	0		10.766065
13	89	70	0	30	0	0	12	3	8	81.94	0		23.331999
6	37	70	0	30	3	0	12	3	8	81.94	0		23.331999
18	123	70	0	30	6	0	12	3	8	81.94	0		23.331999
54	361	46	0	16	19	22	7	5	8	51.08	0		11.483219
7	44	96	0	30	9	0	13	5	4	71.23	0		13.894973
25	168	3	0	30	9	4	14	4	7	54.38	1		5.411282
54	360	43	0	22	0	21	7	6	6	54.60	0		21.304347
2	6	19	0	30	0	8	12	4	5	37.19	0		11.757382
25	169	6	0	16	0	27	13	6	3	39.07	0		9.405513
3	11	6	0	33	14	0	13	6	3	39.07	0		9.405513
56	374	51	0	33	14	3	11	7	3	54.59	0		8.070596
2	8	51	0	33	13	6	11	7	3	54.59	0		8.070596
39	260	92	0	13	12	22	13	2	5	23.99	0		5.955302
6	36	67	1	23	6	14	7	4	8	155.72	0		26.846853
6	34	39	0	30	4	8	9	4	6	40.32	0		6.578567
18	119	39	0	30	0	13	9	4	6	40.32	0		6.578567
39	259	54	0	32	13	9	14	5	3	52.08	0		18.121977
13	88	54	0	32	13	12	14	5	3	52.08	0		18.121977
23	158	87	0	32	13	15	17	3	8	81.29	0		6.254436
2	9	77	0	15	14	14	16	2	6	32.95	0		40.757811
56	371	9	0	13	16	24	9	3	4	30.99	0		7.313014
13	91	79	0	33	20	0	12	5	3	23.40	0		7.754642
5	31	88	0	42	0	0	12	5	3	18.10	0		2.870438
13	90	72	0	22	16	24	12	3	5	22.78	0		4.202275
47	319	83	0	15	14	20	10	2	8	45.02	0		8.307923
5	30	83	0	29	0	19	10	2	8	45.02	0		8.307923
20	137	49	0	32	13	23	17	3	3	40.51	0		8.635136
3	15	49	0	32	13	26	17	3	3	40.51	0		8.635136
3	17	59	0	33	21	3	16	4	6	58.89	0		14.668816
25	172	60	0	0	3	27	16	3	3	14.98	0		3.647971
18	117	7	1	27	6	7	6	3	8	17.48	0		6.406345
13	84	7	1	27	6	15	6	3	8	17.48	0		6.406345
18	120	50	0	16	23	7	11	2	6	21.66	0		39.655037
47	315	50	0	29	2	19	11	2	6	21.66	0		39.655037
23	155	50	0	30	4	14	11	2	6	21.66	0		39.655037
3	19	97	0	33	21	9	8	4	7	36.81	0		6.572089
39	261	92	0	29	2	25	13	2	5	23.99	0		5.955302
20	140	92	0	29	4	20	13	2	5	23.99	0		5.955302
57	379	78	0	29	4	25	12	2	5	136.40	0		36.493581
47	318	78	0	30	6	14	12	2	5	136.40	0		36.493581
56	372	40	0	0	20	27	10	4	3	34.04	0		65.282122
39	258	9	0	33	21	16	9	3	4	30.99	0		7.313014
18	118	9	0	33	21	20	9	3	4	30.99	0		7.313014
6	33	9	0	33	21	24	9	3	4	30.99	0		7.313014
2	10	88	0	42	0	3	12	5	3	18.10	0		2.870438
54	358	10	0	10	21	15	6	3	5	88.46	0		46.084328
23	154	10	1	27	6	23	6	3	5	88.46	0		46.084328
20	135	10	1	28	19	7	6	3	5	88.46	0		46.084328
47	321	100	0	41	21	9	8	3	3	53.60	0		28.612693
7	40	12	0	41	21	12	8	3	3	18.26	0		45.030644
47	313	11	1	54	0	0	17	6	6	98.98	1		1.971695
3	12	11	0	42	0	6	17	6	6	98.98	1		1.971695
1	1	31	0	42	0	12	16	6	5	76.92	1		1.093135
5	26	3	0	30	8	11	14	4	7	54.38	1		5.411282
56	373	43	0	44	5	0	7	6	6	54.60	0		21.304347
13	87	42	0	30	8	18	13	5	6	75.35	1		1.854799
13	86	16	0	30	8	24	11	5	6	60.69	1		4.466303
3	13	29	0	42	0	17	11	5	5	71.28	1		11.368413
5	27	37	0	42	0	22	11	6	4	34.41	1		9.235244
54	359	37	0	42	0	26	11	6	4	34.41	1		9.235244
7	41	76	0	44	6	6	9	4	7	53.79	1		1.848585
47	317	76	0	44	6	13	9	4	7	53.79	1		1.848585
3	18	75	0	44	6	20	6	5	8	30.53	1		4.531829
23	157	75	0	46	11	0	6	5	8	30.53	1		4.531829
54	363	90	1	53	6	6	11	5	4	32.23	1		1.034040
20	139	90	1	53	6	10	11	5	4	32.23	1		1.034040
1	3	93	1	53	6	14	9	6	3	43.33	1		3.848157
39	262	94	0	49	17	0	7	6	3	17.08	1		2.336153
54	364	94	0	49	17	3	7	6	3	17.08	1		2.336153
47	320	94	0	49	17	6	7	6	3	17.08	1		2.336153
18	124	94	0	49	17	9	7	6	3	17.08	1		2.336153


-------------------------------------------------------------------------------------------------------------------
Tour_Id:			4
No_of_Customers:		13
No_of_Items:			81
Customer_Sequence:		45 32 11 60 37 35 41 14 17 29 21 53 28 

CustId	Id	TypeId	Rotated	x	y	z	Length	Width	Height	mass	Fragility	LoadBearingStrength
14	95	82	0	0	0	0	14	7	7	106.72	0		3.320674
21	148	82	0	0	7	0	14	7	7	106.72	0		3.320674
41	269	15	0	0	14	0	16	6	7	181.30	0		13.206006
60	394	15	0	0	0	7	16	6	7	181.30	0		13.206006
21	142	15	0	0	6	7	16	6	7	181.30	0		13.206006
17	112	63	0	0	12	7	15	7	6	149.41	0		16.178801
35	232	58	0	0	12	13	17	7	5	118.84	0		8.862683
60	398	64	0	0	20	0	14	5	8	141.17	0		13.462974
35	233	64	0	0	19	8	14	5	8	141.17	0		13.462974
60	397	30	0	0	0	14	11	6	8	566.68	0		70.683250
53	353	8	0	0	6	14	15	5	7	87.41	0		3.722067
28	185	8	0	0	19	16	15	5	7	87.41	0		3.722067
32	214	56	0	0	11	18	16	4	8	141.94	0		12.196395
37	245	32	0	0	0	22	12	6	7	104.48	0		25.684384
14	92	21	0	0	6	21	14	5	7	109.83	0		5.793019
41	270	21	0	0	19	23	14	5	7	109.83	0		5.793019
29	196	35	0	16	0	0	8	7	8	262.72	0		141.166150
45	301	18	0	14	7	0	12	6	6	156.13	0		25.704917
17	115	89	0	16	13	0	14	6	5	389	0		18.747648
21	144	47	0	14	20	0	14	5	6	59.74	0		4.918677
14	93	47	0	14	20	6	14	5	6	59.74	0		4.918677
21	141	4	0	15	19	12	12	5	7	150.55	0		65.209531
29	194	1	0	0	15	18	17	4	6	324.19	0		21.004360
21	146	59	0	0	15	24	16	4	6	58.89	0		14.668816
21	147	59	0	15	19	19	16	4	6	58.89	0		14.668816
35	230	34	0	16	13	5	8	6	8	111.01	0		23.956750
41	271	26	0	24	0	0	15	3	8	82.62	0		7.433200
45	302	26	0	16	0	8	15	3	8	82.62	0		7.433200
29	197	44	0	16	0	16	12	4	7	69.33	0		5.237784
41	274	45	0	16	3	8	8	5	8	75.52	0		7.397643
28	189	45	0	16	4	16	8	5	8	75.52	0		7.397643
14	94	69	0	26	3	0	12	6	4	44.03	0		10.223420
41	275	85	0	26	3	4	15	6	3	52.83	0		24.930876
32	216	96	0	15	19	25	13	5	4	71.23	0		13.894973
37	246	43	0	16	4	24	7	6	6	54.60	0		21.304347
32	213	43	0	17	12	13	7	6	6	54.60	0		21.304347
35	231	43	0	17	12	19	7	6	6	54.60	0		21.304347
60	396	19	0	16	0	23	12	4	5	37.19	0		11.757382
28	192	97	0	16	8	6	8	4	7	36.81	0		6.572089
37	248	67	0	24	13	5	7	4	8	155.72	0		26.846853
60	399	67	0	24	12	13	7	4	8	155.72	0		26.846853
60	400	67	0	24	12	21	7	4	8	155.72	0		26.846853
32	215	67	0	26	9	0	7	4	8	155.72	0		26.846853
45	303	67	0	26	3	7	7	4	8	155.72	0		26.846853
41	272	39	0	28	19	0	9	4	6	40.32	0		6.578567
11	74	39	0	28	19	6	9	4	6	40.32	0		6.578567
41	273	39	0	27	19	12	9	4	6	40.32	0		6.578567
11	77	95	1	11	0	14	6	5	7	29.80	0		2.839079
37	247	57	0	30	13	0	10	5	4	23.91	0		4.193340
28	188	24	0	31	13	4	10	4	5	21.66	0		7.922232
28	187	20	0	37	18	0	12	5	3	33.30	0		14.523040
11	76	79	0	37	18	3	12	5	3	23.40	0		7.754642
60	395	17	0	37	17	6	12	5	3	28.02	0		11.212687
53	356	25	0	31	13	9	8	5	4	26.45	0		4.112257
28	190	49	0	0	11	26	17	3	3	40.51	0		8.635136
32	212	7	1	12	0	21	6	3	8	17.48	0		6.406345
37	249	92	0	24	7	7	13	2	5	23.99	0		5.955302
37	250	92	0	24	7	12	13	2	5	23.99	0		5.955302
53	357	41	0	33	9	0	14	3	3	36.20	0		21.154404
11	75	40	0	31	13	13	10	4	3	34.04	0		65.282122
29	195	10	0	16	9	13	6	3	5	88.46	0		46.084328
28	193	100	0	16	9	18	8	3	3	53.60	0		28.612693
35	229	12	0	16	9	21	8	3	3	18.26	0		45.030644
28	186	11	0	41	0	0	17	6	6	98.98	1		1.971695
45	300	11	0	41	0	6	17	6	6	98.98	1		1.971695
53	354	11	0	41	0	12	17	6	6	98.98	1		1.971695
17	110	11	0	41	0	18	17	6	6	98.98	1		1.971695
11	72	22	0	41	0	24	16	5	6	134.20	1		5.482442
11	71	3	0	33	9	3	14	4	7	54.38	1		5.411282
17	111	36	0	31	9	10	14	4	7	410.28	1		9.530777
21	143	42	0	31	9	17	13	5	6	75.35	1		1.854799
53	355	16	0	31	9	23	11	5	6	60.69	1		4.466303
21	145	53	0	31	14	16	12	3	8	37.58	1		3.463701
11	73	37	0	47	6	0	11	6	4	34.41	1		9.235244
17	113	76	0	41	13	0	9	4	7	53.79	1		1.848585
29	198	76	0	41	13	7	9	4	7	53.79	1		1.848585
35	235	90	0	47	6	4	11	5	4	32.23	1		1.034040
17	114	84	0	31	14	24	8	4	5	44.39	1		5.145766
37	251	94	0	17	12	25	7	6	3	17.08	1		2.336153
28	191	80	0	31	19	18	6	4	4	25.96	1		2.859807
35	234	80	0	31	18	22	6	4	4	25.96	1		2.859807


