Name:				524_n100_m400_bt100
Problem:			3L-VRPTW
Number_of_used_Vehicles:	29
Total_Travel_Distance:		2076.68
Calculation_Time:		2413.93
Total_Iterations:		19373
ConstraintSet:			P18

-------------------------------------------------------------------------------------------------------------------
Tour_Id:			1
No_of_Customers:		6
No_of_Items:			21
Customer_Sequence:		65 72 4 79 25 95 

CustId	Id	TypeId	Rotated	x	y	z	Length	Width	Height	mass	Fragility	LoadBearingStrength
25	103	41	0	0	0	0	23	11	13	611.11	0		17.463760
95	377	1	0	0	11	0	33	9	11	354.18	0		4.854367
25	104	49	0	0	11	11	15	6	12	120.86	0		12.922569
79	314	64	0	33	0	0	23	12	7	399.61	0		19.008591
4	14	36	0	0	0	13	30	8	8	245.26	0		38.250088
72	286	55	0	15	11	11	17	9	12	279.42	0		39.546496
72	287	62	0	30	0	7	23	11	7	408.03	0		17.520864
72	285	46	0	30	0	14	13	10	13	209.47	0		12.937318
25	105	53	0	15	11	23	13	12	6	180.61	0		14.160495
65	260	28	0	0	0	21	14	10	6	306.50	0		44.973704
95	378	52	0	0	20	0	34	5	6	231.45	0		53.763578
4	15	52	0	0	20	6	34	5	6	231.45	0		53.763578
4	13	6	0	33	12	0	27	7	8	282.09	0		6.687043
65	261	31	0	43	0	14	12	12	6	188.91	0		50.703206
72	284	28	0	14	0	21	14	10	6	306.50	0		44.973704
95	379	82	0	33	12	8	22	8	14	429.59	0		9.370035
79	313	22	0	0	10	23	14	7	7	141.21	0		13.514082
4	16	54	0	32	12	22	12	8	7	81.82	0		5.720567
25	102	10	0	43	0	20	14	6	6	428.23	0		48.698119
4	17	81	0	0	20	12	13	5	7	99.96	0		15.107427
65	262	81	0	0	20	19	13	5	7	99.96	0		15.107427


-------------------------------------------------------------------------------------------------------------------
Tour_Id:			2
No_of_Customers:		4
No_of_Items:			15
Customer_Sequence:		2 85 57 83 

CustId	Id	TypeId	Rotated	x	y	z	Length	Width	Height	mass	Fragility	LoadBearingStrength
2	6	55	0	0	0	0	17	9	12	279.42	0		39.546496
83	327	14	0	0	9	0	17	13	12	490.17	0		11.691201
2	7	71	0	17	0	0	32	9	8	394.68	0		60.228384
57	230	71	0	17	9	0	32	9	8	394.68	0		60.228384
85	336	3	0	17	18	0	27	6	13	1019.84	1		13.046610
83	330	44	0	17	0	8	29	12	7	354.77	0		8.513126
57	229	28	0	0	0	12	14	10	6	306.50	0		44.973704
85	338	96	0	14	0	15	30	8	14	376.66	1		3.137253
85	337	55	0	0	10	12	17	9	12	279.42	0		39.546496
2	8	84	0	0	0	18	14	10	7	540.87	0		176.940909
2	9	97	0	17	12	8	19	6	12	225.72	0		10.532629
83	328	31	0	0	10	24	12	12	6	188.91	0		50.703206
83	329	41	1	49	0	0	23	11	13	611.11	0		17.463760
57	228	3	0	17	18	13	27	6	13	1019.84	1		13.046610
83	331	100	1	49	0	13	17	11	14	375.38	0		28.207756


-------------------------------------------------------------------------------------------------------------------
Tour_Id:			3
No_of_Customers:		5
No_of_Items:			15
Customer_Sequence:		42 75 70 100 87 

CustId	Id	TypeId	Rotated	x	y	z	Length	Width	Height	mass	Fragility	LoadBearingStrength
87	348	84	0	0	0	0	14	10	7	540.87	0		176.940909
87	346	14	0	0	10	0	17	13	12	490.17	0		11.691201
100	399	59	0	0	10	12	18	11	12	343.25	0		16.329051
70	279	37	0	14	0	0	25	10	10	274.34	0		15.410641
75	298	76	0	14	0	10	29	6	6	263.08	0		7.896345
75	297	28	0	0	0	7	14	10	6	306.50	0		44.973704
100	400	61	0	17	10	0	30	14	9	400.18	0		26.446869
70	278	21	0	14	0	16	25	7	10	237.95	0		6.889471
75	299	86	0	18	10	9	32	14	6	315.73	1		3.232232
42	173	81	0	0	0	13	13	5	7	99.96	0		15.107427
87	345	8	0	18	7	15	32	12	12	974.66	1		3.492382
42	171	53	0	0	10	24	13	12	6	180.61	0		14.160495
100	398	43	1	50	0	0	12	10	14	237.61	1		3.527342
87	347	25	0	18	19	15	33	6	8	956.26	1		8.864963
42	172	60	1	47	12	0	13	10	8	128.09	1		6.487108


-------------------------------------------------------------------------------------------------------------------
Tour_Id:			4
No_of_Customers:		4
No_of_Items:			14
Customer_Sequence:		66 71 55 3 

CustId	Id	TypeId	Rotated	x	y	z	Length	Width	Height	mass	Fragility	LoadBearingStrength
3	11	70	0	0	0	0	26	11	13	496.83	0		6.788843
55	222	61	0	0	11	0	30	14	9	400.18	0		26.446869
55	220	2	0	0	0	13	27	12	14	685.39	1		2.655900
55	221	17	0	0	12	9	16	13	10	454.04	0		48.369529
66	264	15	0	26	0	0	34	11	7	1191.08	0		29.138621
3	12	87	0	16	12	9	16	11	12	319.66	0		34.540327
3	10	34	0	27	0	7	32	8	12	460.12	0		11.202820
66	265	62	0	30	11	0	23	11	7	408.03	0		17.520864
71	283	69	0	32	8	7	27	11	14	844.01	0		18.490136
66	263	5	0	0	12	19	13	13	8	233.88	0		34.798150
71	280	13	0	13	12	21	33	10	6	251.77	1		2.596662
71	282	54	0	27	0	19	12	8	7	81.82	0		5.720567
66	266	73	0	46	12	21	13	9	9	222.03	0		51.416408
71	281	22	0	39	0	19	14	7	7	141.21	0		13.514082


-------------------------------------------------------------------------------------------------------------------
Tour_Id:			5
No_of_Customers:		4
No_of_Items:			16
Customer_Sequence:		15 92 61 31 

CustId	Id	TypeId	Rotated	x	y	z	Length	Width	Height	mass	Fragility	LoadBearingStrength
92	366	68	0	0	0	0	22	9	6	1018.11	0		497.120661
15	64	41	0	0	9	0	23	11	13	611.11	0		17.463760
92	367	78	0	0	0	6	20	9	7	260.26	0		11.420646
15	65	52	0	0	20	0	34	5	6	231.45	0		53.763578
61	244	15	0	23	0	0	34	11	7	1191.08	0		29.138621
92	369	97	0	0	0	13	19	6	12	225.72	0		10.532629
92	368	82	0	0	6	13	22	8	14	429.59	0		9.370035
15	66	79	0	0	14	13	30	6	10	261.69	0		4.855941
61	241	9	0	23	0	7	31	10	11	820.11	0		57.579756
92	365	39	0	22	0	18	13	11	12	302.02	0		18.364587
31	128	55	0	23	11	0	17	9	12	279.42	0		39.546496
61	242	12	0	35	0	18	14	12	11	1272.17	0		125.118316
61	243	14	0	40	11	0	17	13	12	490.17	0		11.691201
15	63	37	0	30	12	12	25	10	10	274.34	0		15.410641
92	364	16	0	0	14	23	20	8	6	135.08	0		5.675946
31	127	19	0	30	12	22	28	11	8	626.80	1		11.876943


-------------------------------------------------------------------------------------------------------------------
Tour_Id:			6
No_of_Customers:		5
No_of_Items:			16
Customer_Sequence:		27 82 88 6 30 

CustId	Id	TypeId	Rotated	x	y	z	Length	Width	Height	mass	Fragility	LoadBearingStrength
88	351	94	0	0	0	0	35	14	10	893.39	0		19.157599
82	325	69	0	0	14	0	27	11	14	844.01	0		18.490136
27	109	25	0	0	0	10	33	6	8	956.26	1		8.864963
30	125	41	0	0	14	14	23	11	13	611.11	0		17.463760
82	324	66	0	27	14	0	31	10	11	529.85	0		17.589423
30	124	35	0	0	6	10	20	5	13	261.71	0		57.646720
82	323	39	0	27	14	11	13	11	12	302.02	0		18.364587
88	350	80	0	20	6	10	19	8	10	189.97	0		30.185091
30	123	16	0	20	6	20	20	8	6	135.08	0		5.675946
82	326	78	0	35	0	0	20	9	7	260.26	0		11.420646
30	126	53	0	39	0	7	13	12	6	180.61	0		14.160495
6	24	27	0	40	12	11	19	10	8	223.99	0		4.460915
27	110	31	0	39	0	13	12	12	6	188.91	0		50.703206
6	26	54	0	27	14	23	12	8	7	81.82	0		5.720567
88	349	58	0	40	0	19	15	13	10	463.70	1		8.258497
6	25	31	0	40	13	19	12	12	6	188.91	0		50.703206


-------------------------------------------------------------------------------------------------------------------
Tour_Id:			7
No_of_Customers:		4
No_of_Items:			14
Customer_Sequence:		91 86 48 39 

CustId	Id	TypeId	Rotated	x	y	z	Length	Width	Height	mass	Fragility	LoadBearingStrength
86	339	3	0	0	0	0	27	6	13	1019.84	1		13.046610
91	362	32	0	0	6	0	24	8	14	573.73	0		30.893396
86	343	82	0	0	14	0	22	8	14	429.59	0		9.370035
39	163	33	0	0	6	14	24	6	9	976.33	0		66.293168
86	344	84	0	0	12	14	14	10	7	540.87	0		176.940909
86	341	54	0	0	6	23	12	8	7	81.82	0		5.720567
86	342	70	0	22	14	0	26	11	13	496.83	0		6.788843
39	164	86	0	27	0	0	32	14	6	315.73	1		3.232232
48	195	19	0	22	14	13	28	11	8	626.80	1		11.876943
91	361	19	0	22	14	21	28	11	8	626.80	1		11.876943
48	196	99	0	27	0	6	29	10	8	357.54	1		2.347649
48	194	10	0	0	14	21	14	6	6	428.23	0		48.698119
86	340	3	0	0	0	13	27	6	13	1019.84	1		13.046610
91	363	75	0	27	0	14	33	7	7	186.74	1		9.343243


-------------------------------------------------------------------------------------------------------------------
Tour_Id:			8
No_of_Customers:		4
No_of_Items:			15
Customer_Sequence:		32 47 74 53 

CustId	Id	TypeId	Rotated	x	y	z	Length	Width	Height	mass	Fragility	LoadBearingStrength
74	295	72	0	0	0	0	30	13	10	445.80	0		25.814712
47	193	94	0	0	0	10	35	14	10	893.39	0		19.157599
32	129	12	0	35	0	0	14	12	11	1272.17	0		125.118316
47	188	15	0	0	13	0	34	11	7	1191.08	0		29.138621
74	293	1	0	0	14	7	33	9	11	354.18	0		4.854367
32	131	34	0	0	14	18	32	8	12	460.12	0		11.202820
47	189	39	0	35	12	0	13	11	12	302.02	0		18.364587
32	130	12	0	35	0	11	14	12	11	1272.17	0		125.118316
47	192	79	0	0	0	20	30	6	10	261.69	0		4.855941
47	191	62	1	49	0	0	23	11	7	408.03	0		17.520864
74	296	91	1	49	0	7	20	7	13	458.26	0		25.229128
47	190	46	0	35	12	12	13	10	13	209.47	0		12.937318
74	294	16	0	0	6	20	20	8	6	135.08	0		5.675946
53	215	54	0	20	6	20	12	8	7	81.82	0		5.720567
53	216	60	0	32	0	22	13	10	8	128.09	1		6.487108


-------------------------------------------------------------------------------------------------------------------
Tour_Id:			9
No_of_Customers:		4
No_of_Items:			14
Customer_Sequence:		23 59 43 60 

CustId	Id	TypeId	Rotated	x	y	z	Length	Width	Height	mass	Fragility	LoadBearingStrength
43	175	32	0	0	0	0	24	8	14	573.73	0		30.893396
23	95	95	0	0	8	0	33	8	14	3143.39	0		26.960670
23	92	16	0	0	16	0	20	8	6	135.08	0		5.675946
59	236	15	0	0	0	14	34	11	7	1191.08	0		29.138621
60	240	52	0	0	11	14	34	5	6	231.45	0		53.763578
23	94	69	0	33	0	0	27	11	14	844.01	0		18.490136
43	177	98	0	0	16	6	25	7	8	221.63	0		59.181825
23	93	19	0	0	0	21	28	11	8	626.80	1		11.876943
59	235	1	0	25	16	0	33	9	11	354.18	0		4.854367
60	239	17	0	34	0	14	16	13	10	454.04	0		48.369529
43	176	42	0	0	16	14	30	7	6	210.86	0		46.087330
59	237	99	0	0	11	20	29	10	8	357.54	1		2.347649
60	238	3	0	30	16	11	27	6	13	1019.84	1		13.046610
43	174	26	0	29	16	24	28	6	6	211.13	1		4.960889


-------------------------------------------------------------------------------------------------------------------
Tour_Id:			10
No_of_Customers:		4
No_of_Items:			14
Customer_Sequence:		40 22 7 84 

CustId	Id	TypeId	Rotated	x	y	z	Length	Width	Height	mass	Fragility	LoadBearingStrength
40	165	30	0	0	0	0	35	8	10	700.32	0		14.013837
7	30	98	0	0	8	0	25	7	8	221.63	0		59.181825
22	90	63	0	0	15	0	34	8	14	751.60	0		68.632049
84	332	9	0	0	0	10	31	10	11	820.11	0		57.579756
40	166	43	0	0	15	14	12	10	14	237.61	1		3.527342
7	29	82	0	12	15	14	22	8	14	429.59	0		9.370035
7	28	17	0	35	0	0	16	13	10	454.04	0		48.369529
22	88	11	0	31	0	10	24	12	11	335.72	0		17.205281
22	91	80	0	34	13	0	19	8	10	189.97	0		30.185091
22	89	18	0	0	10	8	30	5	12	343.87	0		8.624295
7	27	7	0	34	12	10	20	10	14	603.59	0		48.680953
84	335	84	0	0	0	21	14	10	7	540.87	0		176.940909
84	333	13	0	14	0	21	33	10	6	251.77	1		2.596662
84	334	73	1	51	0	0	13	9	9	222.03	0		51.416408


-------------------------------------------------------------------------------------------------------------------
Tour_Id:			11
No_of_Customers:		3
No_of_Items:			14
Customer_Sequence:		50 19 41 

CustId	Id	TypeId	Rotated	x	y	z	Length	Width	Height	mass	Fragility	LoadBearingStrength
41	170	94	0	0	0	0	35	14	10	893.39	0		19.157599
19	78	69	0	0	14	0	27	11	14	844.01	0		18.490136
41	169	61	0	0	0	10	30	14	9	400.18	0		26.446869
19	79	79	0	0	14	14	30	6	10	261.69	0		4.855941
19	81	95	0	27	14	0	33	8	14	3143.39	0		26.960670
50	201	18	0	0	20	14	30	5	12	343.87	0		8.624295
50	203	39	0	35	0	0	13	11	12	302.02	0		18.364587
50	206	80	0	0	0	19	19	8	10	189.97	0		30.185091
41	167	23	0	30	14	14	30	7	7	186.99	0		4.416657
50	204	73	0	19	0	19	13	9	9	222.03	0		51.416408
50	205	73	0	32	0	12	13	9	9	222.03	0		51.416408
41	168	52	0	0	9	19	34	5	6	231.45	0		53.763578
19	80	84	1	48	0	0	14	10	7	540.87	0		176.940909
50	202	26	0	0	14	24	28	6	6	211.13	1		4.960889


-------------------------------------------------------------------------------------------------------------------
Tour_Id:			12
No_of_Customers:		4
No_of_Items:			14
Customer_Sequence:		67 81 69 80 

CustId	Id	TypeId	Rotated	x	y	z	Length	Width	Height	mass	Fragility	LoadBearingStrength
69	277	59	0	0	0	0	18	11	12	343.25	0		16.329051
80	318	77	0	0	11	0	26	12	10	313.19	0		11.914181
69	276	30	0	18	0	0	35	8	10	700.32	0		14.013837
69	274	4	0	0	0	12	22	9	11	1259.86	0		54.051129
80	320	100	0	0	11	10	17	11	14	375.38	0		28.207756
80	317	66	0	22	0	10	31	10	11	529.85	0		17.589423
67	268	82	0	26	10	0	22	8	14	429.59	0		9.370035
67	267	32	0	26	10	14	24	8	14	573.73	0		30.893396
81	322	79	0	26	18	0	30	6	10	261.69	0		4.855941
80	319	83	0	22	0	21	32	9	8	270	1		3.146920
80	316	42	0	17	18	10	30	7	6	210.86	0		46.087330
81	321	31	0	0	11	24	12	12	6	188.91	0		50.703206
69	275	10	0	0	0	23	14	6	6	428.23	0		48.698119
80	315	23	0	17	18	16	30	7	7	186.99	0		4.416657


-------------------------------------------------------------------------------------------------------------------
Tour_Id:			13
No_of_Customers:		3
No_of_Items:			14
Customer_Sequence:		11 46 9 

CustId	Id	TypeId	Rotated	x	y	z	Length	Width	Height	mass	Fragility	LoadBearingStrength
11	48	69	0	0	0	0	27	11	14	844.01	0		18.490136
46	187	82	0	0	11	0	22	8	14	429.59	0		9.370035
9	37	15	0	0	0	14	34	11	7	1191.08	0		29.138621
9	35	8	0	22	11	0	32	12	12	974.66	1		3.492382
11	49	71	0	0	0	21	32	9	8	394.68	0		60.228384
46	185	28	0	0	11	14	14	10	6	306.50	0		44.973704
46	186	60	0	0	11	20	13	10	8	128.09	1		6.487108
9	36	10	0	0	19	0	14	6	6	428.23	0		48.698119
9	40	81	0	0	19	6	13	5	7	99.96	0		15.107427
11	46	1	0	27	0	0	33	9	11	354.18	0		4.854367
11	50	88	0	22	11	12	27	14	9	476.15	1		8.657313
9	38	38	0	22	11	21	23	11	9	417.76	1		5.150567
9	39	39	0	34	0	11	13	11	12	302.02	0		18.364587
11	47	60	0	47	0	11	13	10	8	128.09	1		6.487108


-------------------------------------------------------------------------------------------------------------------
Tour_Id:			14
No_of_Customers:		3
No_of_Items:			12
Customer_Sequence:		98 94 20 

CustId	Id	TypeId	Rotated	x	y	z	Length	Width	Height	mass	Fragility	LoadBearingStrength
94	376	64	0	0	0	0	23	12	7	399.61	0		19.008591
98	394	94	0	23	0	0	35	14	10	893.39	0		19.157599
98	390	32	0	0	14	0	24	8	14	573.73	0		30.893396
98	392	78	0	0	0	7	20	9	7	260.26	0		11.420646
20	82	59	0	0	0	14	18	11	12	343.25	0		16.329051
94	375	8	0	20	0	10	32	12	12	974.66	1		3.492382
20	83	76	0	0	14	14	29	6	6	263.08	0		7.896345
98	389	19	0	18	0	22	28	11	8	626.80	1		11.876943
98	391	71	0	24	14	0	32	9	8	394.68	0		60.228384
20	84	96	0	29	14	8	30	8	14	376.66	1		3.137253
98	393	85	0	0	14	20	19	5	8	182.52	0		52.706509
20	85	99	0	29	14	22	29	10	8	357.54	1		2.347649


-------------------------------------------------------------------------------------------------------------------
Tour_Id:			15
No_of_Customers:		3
No_of_Items:			14
Customer_Sequence:		52 5 1 

CustId	Id	TypeId	Rotated	x	y	z	Length	Width	Height	mass	Fragility	LoadBearingStrength
1	4	70	0	0	0	0	26	11	13	496.83	0		6.788843
52	214	86	0	0	11	0	32	14	6	315.73	1		3.232232
5	20	79	0	0	0	13	30	6	10	261.69	0		4.855941
5	23	96	0	0	11	6	30	8	14	376.66	1		3.137253
5	21	85	0	0	6	13	19	5	8	182.52	0		52.706509
1	1	20	0	26	0	0	34	5	9	244.81	0		20.384223
52	213	27	0	32	5	0	19	10	8	223.99	0		4.460915
1	3	51	0	32	15	0	13	9	12	325.38	0		22.313094
52	212	4	0	30	5	8	22	9	11	1259.86	0		54.051129
5	18	3	0	0	19	6	27	6	13	1019.84	1		13.046610
5	19	18	0	30	0	9	30	5	12	343.87	0		8.624295
1	5	99	0	0	11	20	29	10	8	357.54	1		2.347649
5	22	91	1	52	5	0	20	7	13	458.26	0		25.229128
1	2	43	0	30	14	12	12	10	14	237.61	1		3.527342


-------------------------------------------------------------------------------------------------------------------
Tour_Id:			16
No_of_Customers:		4
No_of_Items:			14
Customer_Sequence:		93 99 77 18 

CustId	Id	TypeId	Rotated	x	y	z	Length	Width	Height	mass	Fragility	LoadBearingStrength
77	307	66	0	0	0	0	31	10	11	529.85	0		17.589423
99	397	83	0	0	10	0	32	9	8	270	1		3.146920
93	370	3	0	0	19	0	27	6	13	1019.84	1		13.046610
77	305	24	0	0	0	11	21	12	11	387.20	1		2.096737
93	371	32	0	31	0	0	24	8	14	573.73	0		30.893396
77	306	62	0	32	8	0	23	11	7	408.03	0		17.520864
93	374	80	0	31	0	14	19	8	10	189.97	0		30.185091
77	304	18	0	27	19	0	30	5	12	343.87	0		8.624295
99	396	62	0	32	8	7	23	11	7	408.03	0		17.520864
18	76	28	0	31	8	14	14	10	6	306.50	0		44.973704
18	77	50	0	0	19	13	34	6	8	499.52	1		11.765183
99	395	43	1	21	0	11	12	10	14	237.61	1		3.527342
93	372	40	0	34	19	12	18	5	11	171.17	0		13.900245
93	373	50	0	0	19	21	34	6	8	499.52	1		11.765183


-------------------------------------------------------------------------------------------------------------------
Tour_Id:			17
No_of_Customers:		3
No_of_Items:			13
Customer_Sequence:		76 49 96 

CustId	Id	TypeId	Rotated	x	y	z	Length	Width	Height	mass	Fragility	LoadBearingStrength
76	301	47	0	0	0	0	33	12	11	1289.87	0		12.020938
76	302	61	0	0	0	11	30	14	9	400.18	0		26.446869
49	200	100	0	0	14	0	17	11	14	375.38	0		28.207756
49	198	66	0	17	12	0	31	10	11	529.85	0		17.589423
96	381	55	0	0	14	14	17	9	12	279.42	0		39.546496
96	383	66	0	17	14	11	31	10	11	529.85	0		17.589423
49	199	76	0	0	0	20	29	6	6	263.08	0		7.896345
96	382	55	0	33	0	0	17	9	12	279.42	0		39.546496
76	300	42	0	0	6	20	30	7	6	210.86	0		46.087330
76	303	92	1	50	0	0	22	10	12	682.02	0		26.599421
96	384	88	0	33	0	12	27	14	9	476.15	1		8.657313
49	197	50	0	17	13	22	34	6	8	499.52	1		11.765183
96	380	25	0	17	19	22	33	6	8	956.26	1		8.864963


-------------------------------------------------------------------------------------------------------------------
Tour_Id:			18
No_of_Customers:		3
No_of_Items:			13
Customer_Sequence:		97 89 56 

CustId	Id	TypeId	Rotated	x	y	z	Length	Width	Height	mass	Fragility	LoadBearingStrength
89	353	37	0	0	0	0	25	10	10	274.34	0		15.410641
97	386	61	0	0	10	0	30	14	9	400.18	0		26.446869
56	225	41	0	0	0	10	23	11	13	611.11	0		17.463760
97	385	46	0	0	11	9	13	10	13	209.47	0		12.937318
56	223	12	0	13	11	9	14	12	11	1272.17	0		125.118316
97	387	89	0	25	0	0	35	9	13	693.69	0		13.219403
56	224	36	0	23	0	13	30	8	8	245.26	0		38.250088
89	352	33	0	23	0	21	24	6	9	976.33	0		66.293168
56	226	42	0	30	9	0	30	7	6	210.86	0		46.087330
56	227	76	0	30	16	0	29	6	6	263.08	0		7.896345
89	354	48	0	0	0	23	18	9	6	119.59	0		8.555858
97	388	96	0	30	9	6	30	8	14	376.66	1		3.137253
89	355	58	0	13	11	20	15	13	10	463.70	1		8.258497


-------------------------------------------------------------------------------------------------------------------
Tour_Id:			19
No_of_Customers:		3
No_of_Items:			11
Customer_Sequence:		73 44 17 

CustId	Id	TypeId	Rotated	x	y	z	Length	Width	Height	mass	Fragility	LoadBearingStrength
17	75	70	0	0	0	0	26	11	13	496.83	0		6.788843
73	291	90	0	0	11	0	18	10	11	355.17	0		10.110545
73	288	1	0	0	0	13	33	9	11	354.18	0		4.854367
17	73	24	0	18	11	0	21	12	11	387.20	1		2.096737
44	178	41	0	26	0	0	23	11	13	611.11	0		17.463760
73	290	80	0	33	0	13	19	8	10	189.97	0		30.185091
73	292	92	1	49	0	0	22	10	12	682.02	0		26.599421
17	74	53	0	0	11	11	13	12	6	180.61	0		14.160495
17	72	16	0	0	0	24	20	8	6	135.08	0		5.675946
44	179	50	0	13	11	11	34	6	8	499.52	1		11.765183
73	289	26	0	13	17	11	28	6	6	211.13	1		4.960889


-------------------------------------------------------------------------------------------------------------------
Tour_Id:			20
No_of_Customers:		3
No_of_Items:			13
Customer_Sequence:		21 10 24 

CustId	Id	TypeId	Rotated	x	y	z	Length	Width	Height	mass	Fragility	LoadBearingStrength
10	43	41	0	0	0	0	23	11	13	611.11	0		17.463760
10	44	46	0	0	11	0	13	10	13	209.47	0		12.937318
24	101	82	0	0	0	13	22	8	14	429.59	0		9.370035
24	96	20	0	13	11	0	34	5	9	244.81	0		20.384223
24	98	27	0	0	8	13	19	10	8	223.99	0		4.460915
10	42	27	0	0	8	21	19	10	8	223.99	0		4.460915
10	45	68	0	13	16	0	22	9	6	1018.11	0		497.120661
24	99	38	0	23	0	0	23	11	9	417.76	1		5.150567
21	87	49	0	35	16	0	15	6	12	120.86	0		12.922569
10	41	3	0	23	0	9	27	6	13	1019.84	1		13.046610
21	86	3	0	23	6	9	27	6	13	1019.84	1		13.046610
24	100	50	0	22	0	22	34	6	8	499.52	1		11.765183
24	97	25	0	22	6	22	33	6	8	956.26	1		8.864963


-------------------------------------------------------------------------------------------------------------------
Tour_Id:			21
No_of_Customers:		4
No_of_Items:			18
Customer_Sequence:		29 78 54 58 

CustId	Id	TypeId	Rotated	x	y	z	Length	Width	Height	mass	Fragility	LoadBearingStrength
29	121	94	0	0	0	0	35	14	10	893.39	0		19.157599
29	120	32	0	0	14	0	24	8	14	573.73	0		30.893396
58	231	7	0	0	0	10	20	10	14	603.59	0		48.680953
58	232	29	0	35	0	0	23	13	14	926.02	0		99.049809
54	217	37	0	0	14	14	25	10	10	274.34	0		15.410641
54	219	87	0	24	14	0	16	11	12	319.66	0		34.540327
29	117	12	0	20	0	10	14	12	11	1272.17	0		125.118316
78	308	21	0	34	0	14	25	7	10	237.95	0		6.889471
78	309	21	0	34	7	14	25	7	10	237.95	0		6.889471
78	311	78	0	25	14	12	20	9	7	260.26	0		11.420646
58	234	97	0	40	13	0	19	6	12	225.72	0		10.532629
29	122	97	0	40	19	0	19	6	12	225.72	0		10.532629
78	310	27	0	25	14	19	19	10	8	223.99	0		4.460915
54	218	73	0	20	0	21	13	9	9	222.03	0		51.416408
78	312	84	0	45	14	12	14	10	7	540.87	0		176.940909
58	233	48	0	0	0	24	18	9	6	119.59	0		8.555858
29	118	16	0	0	14	24	20	8	6	135.08	0		5.675946
29	119	22	0	44	14	19	14	7	7	141.21	0		13.514082


-------------------------------------------------------------------------------------------------------------------
Tour_Id:			22
No_of_Customers:		2
No_of_Items:			11
Customer_Sequence:		37 34 

CustId	Id	TypeId	Rotated	x	y	z	Length	Width	Height	mass	Fragility	LoadBearingStrength
34	139	29	0	0	0	0	23	13	14	926.02	0		99.049809
34	142	72	0	0	0	14	30	13	10	445.80	0		25.814712
34	140	45	0	0	13	0	33	5	14	324.85	0		10.975461
34	143	87	0	23	0	0	16	11	12	319.66	0		34.540327
34	141	62	0	33	11	0	23	11	7	408.03	0		17.520864
34	138	21	0	0	18	0	25	7	10	237.95	0		6.889471
37	154	10	0	0	13	14	14	6	6	428.23	0		48.698119
37	157	40	0	0	19	10	18	5	11	171.17	0		13.900245
37	156	39	0	39	0	0	13	11	12	302.02	0		18.364587
37	158	86	0	0	0	24	32	14	6	315.73	1		3.232232
37	155	38	0	30	0	12	23	11	9	417.76	1		5.150567


-------------------------------------------------------------------------------------------------------------------
Tour_Id:			23
No_of_Customers:		3
No_of_Items:			15
Customer_Sequence:		33 63 26 

CustId	Id	TypeId	Rotated	x	y	z	Length	Width	Height	mass	Fragility	LoadBearingStrength
63	253	80	0	0	0	0	19	8	10	189.97	0		30.185091
63	249	11	0	0	8	0	24	12	11	335.72	0		17.205281
33	134	32	0	0	0	10	24	8	14	573.73	0		30.893396
26	108	85	0	0	20	0	19	5	8	182.52	0		52.706509
63	254	89	0	24	0	0	35	9	13	693.69	0		13.219403
26	106	53	0	0	8	11	13	12	6	180.61	0		14.160495
33	133	20	0	19	20	0	34	5	9	244.81	0		20.384223
26	107	71	0	24	9	0	32	9	8	394.68	0		60.228384
63	250	46	0	0	8	17	13	10	13	209.47	0		12.937318
33	136	90	0	24	9	8	18	10	11	355.17	0		10.110545
63	252	52	0	19	20	9	34	5	6	231.45	0		53.763578
33	137	96	0	24	0	13	30	8	14	376.66	1		3.137253
63	251	49	1	13	8	11	15	6	12	120.86	0		12.922569
33	132	4	0	19	9	19	22	9	11	1259.86	0		54.051129
33	135	55	0	42	9	8	17	9	12	279.42	0		39.546496


-------------------------------------------------------------------------------------------------------------------
Tour_Id:			24
No_of_Customers:		3
No_of_Items:			13
Customer_Sequence:		38 14 13 

CustId	Id	TypeId	Rotated	x	y	z	Length	Width	Height	mass	Fragility	LoadBearingStrength
38	160	49	0	0	0	0	15	6	12	120.86	0		12.922569
13	55	65	0	0	6	0	23	13	14	776.30	0		53.164991
14	61	69	0	0	6	14	27	11	14	844.01	0		18.490136
14	57	14	0	23	0	0	17	13	12	490.17	0		11.691201
13	56	85	0	0	19	0	19	5	8	182.52	0		52.706509
14	58	49	0	0	0	12	15	6	12	120.86	0		12.922569
38	162	93	0	23	13	0	35	9	14	781.81	0		16.510495
14	59	58	0	27	0	12	15	13	10	463.70	1		8.258497
13	54	10	0	0	19	8	14	6	6	428.23	0		48.698119
38	161	74	0	40	0	0	16	11	12	515.13	0		13.018561
38	159	16	0	0	17	14	20	8	6	135.08	0		5.675946
14	60	58	0	42	0	12	15	13	10	463.70	1		8.258497
14	62	75	0	27	0	22	33	7	7	186.74	1		9.343243


-------------------------------------------------------------------------------------------------------------------
Tour_Id:			25
No_of_Customers:		3
No_of_Items:			13
Customer_Sequence:		35 8 62 

CustId	Id	TypeId	Rotated	x	y	z	Length	Width	Height	mass	Fragility	LoadBearingStrength
8	32	63	0	0	0	0	34	8	14	751.60	0		68.632049
62	245	6	0	0	8	0	27	7	8	282.09	0		6.687043
62	248	95	0	0	15	0	33	8	14	3143.39	0		26.960670
35	147	52	0	0	8	8	34	5	6	231.45	0		53.763578
8	34	84	0	0	0	14	14	10	7	540.87	0		176.940909
35	148	86	0	0	10	14	32	14	6	315.73	1		3.232232
62	246	16	0	14	0	14	20	8	6	135.08	0		5.675946
8	33	78	0	14	0	20	20	9	7	260.26	0		11.420646
62	247	58	0	0	10	20	15	13	10	463.70	1		8.258497
35	146	40	0	33	13	0	18	5	11	171.17	0		13.900245
8	31	7	0	34	0	0	20	10	14	603.59	0		48.680953
35	144	3	0	33	18	0	27	6	13	1019.84	1		13.046610
35	145	24	0	34	0	14	21	12	11	387.20	1		2.096737


-------------------------------------------------------------------------------------------------------------------
Tour_Id:			26
No_of_Customers:		3
No_of_Items:			13
Customer_Sequence:		12 90 64 

CustId	Id	TypeId	Rotated	x	y	z	Length	Width	Height	mass	Fragility	LoadBearingStrength
64	256	29	0	0	0	0	23	13	14	926.02	0		99.049809
64	258	70	0	0	13	0	26	11	13	496.83	0		6.788843
90	359	64	0	0	0	14	23	12	7	399.61	0		19.008591
12	51	19	0	0	13	13	28	11	8	626.80	1		11.876943
12	53	77	0	23	0	0	26	12	10	313.19	0		11.914181
90	357	14	0	23	0	10	17	13	12	490.17	0		11.691201
64	257	69	0	28	13	0	27	11	14	844.01	0		18.490136
64	259	84	0	0	0	21	14	10	7	540.87	0		176.940909
64	255	11	0	28	13	14	24	12	11	335.72	0		17.205281
90	356	10	0	23	0	22	14	6	6	428.23	0		48.698119
12	52	39	1	40	0	10	13	11	12	302.02	0		18.364587
90	358	51	1	51	0	0	13	9	12	325.38	0		22.313094
90	360	75	0	23	6	22	33	7	7	186.74	1		9.343243


-------------------------------------------------------------------------------------------------------------------
Tour_Id:			27
No_of_Customers:		2
No_of_Items:			11
Customer_Sequence:		28 36 

CustId	Id	TypeId	Rotated	x	y	z	Length	Width	Height	mass	Fragility	LoadBearingStrength
28	113	64	0	0	0	0	23	12	7	399.61	0		19.008591
28	114	66	0	0	12	0	31	10	11	529.85	0		17.589423
36	150	14	0	0	12	11	17	13	12	490.17	0		11.691201
28	112	21	0	0	0	7	25	7	10	237.95	0		6.889471
28	111	18	0	0	7	7	30	5	12	343.87	0		8.624295
36	153	85	0	0	0	17	19	5	8	182.52	0		52.706509
36	151	65	0	31	0	0	23	13	14	776.30	0		53.164991
28	115	81	0	0	7	19	13	5	7	99.96	0		15.107427
36	149	2	0	31	13	0	27	12	14	685.39	1		2.655900
28	116	88	0	30	0	14	27	14	9	476.15	1		8.657313
36	152	67	0	30	14	14	22	9	9	220.33	1		5.077494


-------------------------------------------------------------------------------------------------------------------
Tour_Id:			28
No_of_Customers:		2
No_of_Items:			10
Customer_Sequence:		45 16 

CustId	Id	TypeId	Rotated	x	y	z	Length	Width	Height	mass	Fragility	LoadBearingStrength
16	69	69	0	0	0	0	27	11	14	844.01	0		18.490136
45	183	72	0	0	11	0	30	13	10	445.80	0		25.814712
16	71	87	0	0	0	14	16	11	12	319.66	0		34.540327
45	182	62	0	0	11	10	23	11	7	408.03	0		17.520864
16	68	66	0	27	0	0	31	10	11	529.85	0		17.589423
16	70	82	0	27	0	11	22	8	14	429.59	0		9.370035
16	67	4	0	0	11	17	22	9	11	1259.86	0		54.051129
45	181	24	0	30	10	0	21	12	11	387.20	1		2.096737
45	180	19	0	27	8	11	28	11	8	626.80	1		11.876943
45	184	75	0	22	8	19	33	7	7	186.74	1		9.343243


-------------------------------------------------------------------------------------------------------------------
Tour_Id:			29
No_of_Customers:		2
No_of_Items:			10
Customer_Sequence:		68 51 

CustId	Id	TypeId	Rotated	x	y	z	Length	Width	Height	mass	Fragility	LoadBearingStrength
68	273	95	0	0	0	0	33	8	14	3143.39	0		26.960670
51	208	9	0	0	8	0	31	10	11	820.11	0		57.579756
68	269	12	0	0	8	11	14	12	11	1272.17	0		125.118316
68	272	92	0	14	8	11	22	10	12	682.02	0		26.599421
51	210	30	0	0	0	14	35	8	10	700.32	0		14.013837
51	209	18	0	0	20	0	30	5	12	343.87	0		8.624295
51	211	51	0	36	0	0	13	9	12	325.38	0		22.313094
51	207	5	0	0	8	22	13	13	8	233.88	0		34.798150
68	270	16	0	0	0	24	20	8	6	135.08	0		5.675946
68	271	38	0	31	9	0	23	11	9	417.76	1		5.150567


