Name:				24_Manual_n50_m300_bt10_4_1768
Problem:			3L-VRPTW
Number_of_used_Vehicles:	1
Total_Travel_Distance:		39.02
Calculation_Time:		1.27
Total_Iterations:		1
ConstraintSet:			P1

-------------------------------------------------------------------------------------------------------------------
Tour_Id:			1
No_of_Customers:		4
No_of_Items:			34
Customer_Sequence:		8 44 42 23 

CustId	Id	TypeId	Rotated	x	y	z	Length	Width	Height	mass	Fragility	LoadBearingStrength
23	125	8	0	0	0	0	93	60	60	2.26	0		0.002000
23	121	2	0	0	60	0	48	51	58	1.51	0		0.003100
23	122	4	0	0	111	0	41	40	28	1.27	0		0.003900
23	123	7	0	0	151	0	30	22	59	1.36	0		0.010300
23	124	7	0	0	111	28	30	22	59	1.36	0		0.010300
42	233	3	0	0	0	60	96	60	60	21.83	0		0.019000
42	236	8	0	0	0	120	93	60	60	2.26	0		0.002000
42	231	2	0	0	60	58	48	51	58	1.51	0		0.003100
42	232	2	0	0	60	116	48	51	58	1.51	0		0.003100
42	235	6	0	41	111	0	55	48	50	1.86	0		0.003500
42	234	5	0	30	111	50	50	35	51	3.04	0		0.008700
42	237	9	0	30	111	101	59	27	37	3.25	0		0.010200
42	238	9	0	30	111	138	59	27	37	3.25	0		0.010200
44	248	3	0	96	0	0	96	60	60	21.83	0		0.019000
44	249	3	0	96	60	0	96	60	60	21.83	0		0.019000
44	251	10	0	96	0	60	57	59	44	1.90	0		0.002800
44	252	10	0	96	59	60	57	59	44	1.90	0		0.002800
44	253	10	0	96	0	104	57	59	44	1.90	0		0.002800
44	254	10	0	96	59	104	57	59	44	1.90	0		0.002800
44	246	2	0	48	60	0	48	51	58	1.51	0		0.003100
44	247	2	0	48	60	58	48	51	58	1.51	0		0.003100
44	245	1	1	96	120	0	46	58	52	1.07	0		0.002000
44	250	9	0	93	0	148	59	27	37	3.25	0		0.010200
8	43	3	0	192	0	0	96	60	60	21.83	0		0.019000
8	44	3	0	153	0	60	96	60	60	21.83	0		0.019000
8	45	3	0	153	0	120	96	60	60	21.83	0		0.019000
8	48	10	0	192	60	0	57	59	44	1.90	0		0.002800
8	49	10	0	192	60	44	57	59	44	1.90	0		0.002800
8	42	2	0	96	120	52	48	51	58	1.51	0		0.003100
8	39	1	1	89	118	110	46	58	52	1.07	0		0.002000
8	40	1	1	154	120	0	46	58	52	1.07	0		0.002000
8	41	1	1	144	120	52	46	58	52	1.07	0		0.002000
8	46	5	0	192	60	88	50	35	51	3.04	0		0.008700
8	47	5	0	192	60	139	50	35	51	3.04	0		0.008700


