Name:				25_Manual_n50_m300_bt10_5_1284
Problem:			3L-VRPTW
Number_of_used_Vehicles:	1
Total_Travel_Distance:		15.76
Calculation_Time:		0.64
Total_Iterations:		1
ConstraintSet:			P1

-------------------------------------------------------------------------------------------------------------------
Tour_Id:			1
No_of_Customers:		4
No_of_Items:			27
Customer_Sequence:		18 16 19 33 

CustId	Id	TypeId	Rotated	x	y	z	Length	Width	Height	mass	Fragility	LoadBearingStrength
33	197	10	0	0	0	0	115	60	60	9.14	0		0.006600
33	198	10	0	0	60	0	115	60	60	9.14	0		0.006600
33	193	4	0	0	0	60	77	60	60	3.40	0		0.003700
33	194	4	0	0	60	60	77	60	60	3.40	0		0.003700
33	195	6	0	0	120	0	58	30	57	2.33	0		0.006700
33	191	3	0	0	120	57	25	27	43	2.42	0		0.017900
33	192	3	0	0	120	100	25	27	43	2.42	0		0.017900
33	196	9	0	0	150	0	21	21	33	1.44	0		0.016400
19	125	10	0	115	0	0	115	60	60	9.14	0		0.006600
19	126	10	0	77	0	60	115	60	60	9.14	0		0.006600
19	127	10	0	77	0	120	115	60	60	9.14	0		0.006600
19	123	2	0	58	120	0	48	41	54	4.52	0		0.011500
19	124	2	0	58	120	54	48	41	54	4.52	0		0.011500
16	110	10	0	115	60	0	115	60	60	9.14	0		0.006600
16	106	2	0	58	120	108	48	41	54	4.52	0		0.011500
16	107	3	0	77	60	60	25	27	43	2.42	0		0.017900
16	105	1	0	106	120	0	39	50	56	1.28	1		0.000700
16	108	8	0	106	120	56	39	28	32	2.26	1		0.002100
16	109	8	0	106	120	88	39	28	32	2.26	1		0.002100
18	120	10	0	102	60	60	115	60	60	9.14	0		0.006600
18	121	10	0	77	60	120	115	60	60	9.14	0		0.006600
18	122	10	1	230	0	0	115	60	60	9.14	0		0.006600
18	115	4	0	192	0	60	77	60	60	3.40	0		0.003700
18	116	6	0	145	120	0	58	30	57	2.33	0		0.006700
18	119	9	0	145	150	0	21	21	33	1.44	0		0.016400
18	117	8	0	106	120	120	39	28	32	2.26	1		0.002100
18	118	8	0	106	120	152	39	28	32	2.26	1		0.002100


