Name:				26_Manual_n50_m300_bt100_1_1513
Problem:			3L-VRPTW
Number_of_used_Vehicles:	1
Total_Travel_Distance:		22.93
Calculation_Time:		1.40
Total_Iterations:		1
ConstraintSet:			P1

-------------------------------------------------------------------------------------------------------------------
Tour_Id:			1
No_of_Customers:		4
No_of_Items:			27
Customer_Sequence:		12 20 22 1 

CustId	Id	TypeId	Rotated	x	y	z	Length	Width	Height	mass	Fragility	LoadBearingStrength
1	4	45	0	0	0	0	116	60	60	3.52	0		0.002500
1	2	40	0	0	60	0	109	60	60	20.22	0		0.015500
1	8	93	0	0	0	60	108	60	60	5.82	0		0.004500
1	5	47	0	0	60	60	79	60	60	13.10	0		0.013800
1	6	56	0	0	60	120	60	60	60	13.31	0		0.018500
1	3	41	0	0	120	0	56	54	33	4.18	0		0.006900
1	7	90	0	0	120	33	42	36	46	2.13	0		0.007000
1	1	39	0	0	120	79	23	46	31	4.86	0		0.023000
22	129	45	0	0	0	120	116	60	60	3.52	0		0.002500
22	131	71	0	109	60	0	84	60	60	9.57	0		0.009500
22	128	35	0	79	60	60	75	60	60	18.61	0		0.020700
12	74	73	0	60	60	120	118	60	60	4.50	0		0.003200
22	132	87	0	56	120	0	54	52	38	4.05	0		0.007200
22	133	90	0	56	120	38	42	36	46	2.13	0		0.007000
22	130	61	0	0	120	110	22	29	40	2.43	0		0.019100
22	126	9	0	0	120	150	22	37	27	4.35	0		0.026700
20	122	75	0	116	0	0	106	60	60	1.64	0		0.001300
20	120	12	0	116	0	60	98	60	60	19.64	0		0.016700
20	121	15	0	116	0	120	83	60	60	6.95	0		0.007000
22	127	34	0	193	60	0	61	60	60	16.33	0		0.022300
12	76	96	0	154	60	60	79	60	60	19.61	0		0.020700
12	71	33	0	222	0	0	78	60	60	10.01	0		0.010700
12	75	94	0	56	120	84	48	39	50	2.89	0		0.007700
12	70	23	0	56	120	134	53	36	29	3.20	0		0.008400
12	69	5	0	110	120	0	20	39	53	1.54	0		0.009900
12	72	49	0	130	120	0	42	35	29	4.45	1		0.003000
12	73	56	0	178	60	120	60	60	60	13.31	0		0.018500


