Name:				26_Manual_n50_m300_bt100_1_1073
Problem:			3L-VRPTW
Number_of_used_Vehicles:	1
Total_Travel_Distance:		32.86
Calculation_Time:		1.63
Total_Iterations:		1
ConstraintSet:			P1

-------------------------------------------------------------------------------------------------------------------
Tour_Id:			1
No_of_Customers:		4
No_of_Items:			30
Customer_Sequence:		22 1 12 14 

CustId	Id	TypeId	Rotated	x	y	z	Length	Width	Height	mass	Fragility	LoadBearingStrength
12	74	73	0	0	0	0	118	60	60	4.50	0		0.003200
1	4	45	0	0	60	0	116	60	60	3.52	0		0.002500
22	129	45	0	0	0	60	116	60	60	3.52	0		0.002500
1	2	40	0	0	60	60	109	60	60	20.22	0		0.015500
1	8	93	0	0	0	120	108	60	60	5.82	0		0.004500
14	88	92	0	0	60	120	88	60	60	10.83	0		0.010300
22	131	71	0	116	60	0	84	60	60	9.57	0		0.009500
12	76	96	0	109	60	60	79	60	60	19.61	0		0.020700
1	5	47	0	88	60	120	79	60	60	13.10	0		0.013800
12	71	33	0	118	0	0	78	60	60	10.01	0		0.010700
22	128	35	0	116	0	60	75	60	60	18.61	0		0.020700
14	87	83	0	108	0	120	61	60	60	17.58	0		0.024000
22	127	34	0	196	0	0	61	60	60	16.33	0		0.022300
12	73	56	0	191	0	60	60	60	60	13.31	0		0.018500
1	6	56	0	169	0	120	60	60	60	13.31	0		0.018500
22	132	87	0	0	120	0	54	52	38	4.05	0		0.007200
1	3	41	0	0	120	38	56	54	33	4.18	0		0.006900
12	75	94	0	0	120	71	48	39	50	2.89	0		0.007700
1	7	90	0	0	120	121	42	36	46	2.13	0		0.007000
22	133	90	0	56	120	0	42	36	46	2.13	0		0.007000
14	84	26	0	98	120	0	51	44	30	3.85	0		0.008600
14	89	100	1	56	120	46	28	55	41	2.91	0		0.009500
12	70	23	0	56	120	87	53	36	29	3.20	0		0.008400
12	69	5	0	111	120	30	20	39	53	1.54	0		0.009900
14	86	58	1	48	120	116	30	34	33	3.35	0		0.016400
1	1	39	0	82	120	116	23	46	31	4.86	0		0.023000
22	130	61	0	82	120	147	22	29	40	2.43	0		0.019100
22	126	9	0	111	120	83	22	37	27	4.35	0		0.026700
12	72	49	0	149	120	0	42	35	29	4.45	1		0.003000
14	85	48	0	0	120	167	29	24	20	2.58	1		0.003700


