Name:				27_Manual_n50_m300_bt100_2_1700
Problem:			3L-VRPTW
Number_of_used_Vehicles:	1
Total_Travel_Distance:		29.30
Calculation_Time:		1.24
Total_Iterations:		1
ConstraintSet:			P1

-------------------------------------------------------------------------------------------------------------------
Tour_Id:			1
No_of_Customers:		5
No_of_Items:			31
Customer_Sequence:		13 9 2 17 18 

CustId	Id	TypeId	Rotated	x	y	z	Length	Width	Height	mass	Fragility	LoadBearingStrength
18	106	7	0	0	0	0	95	60	60	12.70	0		0.011100
18	107	14	0	0	60	0	86	60	60	6.43	0		0.006200
18	110	92	0	0	120	0	55	39	42	4.84	0		0.011300
18	108	43	0	0	120	42	49	21	60	2.76	0		0.013400
18	109	56	1	0	141	42	22	32	43	2.67	0		0.019000
17	100	34	0	0	0	60	103	60	60	1.78	0		0.001400
17	104	88	0	0	60	60	87	60	60	12.36	0		0.011800
17	98	23	0	0	0	120	58	55	46	3.62	0		0.005700
17	103	85	0	0	55	120	58	35	49	2.15	0		0.005300
17	101	45	1	0	90	120	32	53	54	1.88	0		0.005500
17	97	22	0	55	120	0	36	46	50	2.57	0		0.007800
17	99	25	1	55	120	50	53	40	35	3.26	0		0.007700
17	105	97	0	55	120	85	44	31	50	3.77	0		0.013800
17	102	70	0	53	90	120	40	30	56	1.74	0		0.007200
2	7	6	0	93	60	0	97	60	60	21.90	0		0.018800
2	12	75	0	93	60	60	90	60	60	15.01	0		0.013900
2	13	75	0	93	60	120	90	60	60	15.01	0		0.013900
2	10	63	0	58	0	120	53	58	32	3.83	0		0.006200
2	8	19	1	55	120	135	26	51	49	4.14	0		0.015600
2	14	95	0	0	0	166	54	47	24	3.13	0		0.006200
2	9	51	1	55	151	85	21	24	45	1.26	0		0.012500
2	11	68	0	58	0	152	28	28	21	2.63	0		0.016800
9	53	4	0	111	0	0	105	60	60	4.05	0		0.003200
9	54	37	0	111	0	60	113	60	60	15.31	1		0.002300
13	73	16	0	190	60	0	119	60	60	12.74	0		0.008900
13	76	66	0	183	60	60	100	60	60	10.31	0		0.008600
13	75	60	0	183	60	120	82	60	60	6.04	0		0.006100
13	77	70	0	106	120	0	40	30	56	1.74	0		0.007200
13	79	89	0	106	120	56	36	40	42	4.55	0		0.015800
13	74	40	0	146	120	0	56	45	22	4.15	0		0.008200
13	78	78	0	111	0	120	72	60	60	17.55	1		0.004100


