Name:				31_Manual_n50_m400_bt10_1_1848
Problem:			3L-VRPTW
Number_of_used_Vehicles:	1
Total_Travel_Distance:		66.31
Calculation_Time:		13.48
Total_Iterations:		1
ConstraintSet:			P1

-------------------------------------------------------------------------------------------------------------------
Tour_Id:			1
No_of_Customers:		10
No_of_Items:			98
Customer_Sequence:		16 1 13 17 5 18 9 21 3 20 

CustId	Id	TypeId	Rotated	x	y	z	Length	Width	Height	mass	Fragility	LoadBearingStrength
1	12	10	0	0	0	0	35	55	55	1.65	0		0.004300
3	25	10	0	0	55	0	35	55	55	1.65	0		0.004300
3	26	10	0	0	110	0	35	55	55	1.65	0		0.004300
3	27	10	0	0	0	55	35	55	55	1.65	0		0.004300
17	140	10	0	0	55	55	35	55	55	1.65	0		0.004300
21	169	10	0	0	110	55	35	55	55	1.65	0		0.004300
16	126	10	0	0	0	110	35	55	55	1.65	0		0.004300
20	161	10	0	0	55	110	35	55	55	1.65	0		0.004300
20	162	10	0	0	110	110	35	55	55	1.65	0		0.004300
17	138	10	0	35	0	0	35	55	55	1.65	0		0.004300
17	139	10	0	35	55	0	35	55	55	1.65	0		0.004300
1	13	10	0	35	110	0	35	55	55	1.65	0		0.004300
9	69	4	0	70	0	0	49	54	35	3.49	0		0.006600
5	40	4	0	70	54	0	49	54	35	3.49	0		0.006600
20	156	4	0	70	108	0	49	54	35	3.49	0		0.006600
20	157	4	0	70	0	35	49	54	35	3.49	0		0.006600
20	158	4	0	70	54	35	49	54	35	3.49	0		0.006600
16	122	4	0	70	108	35	49	54	35	3.49	0		0.006600
13	96	4	0	70	0	70	49	54	35	3.49	0		0.006600
13	95	4	0	70	54	70	49	54	35	3.49	0		0.006600
5	41	4	0	70	108	70	49	54	35	3.49	0		0.006600
1	7	4	0	70	0	105	49	54	35	3.49	0		0.006600
1	5	4	0	70	54	105	49	54	35	3.49	0		0.006600
9	68	4	0	70	108	105	49	54	35	3.49	0		0.006600
1	6	4	0	70	0	140	49	54	35	3.49	0		0.006600
9	70	4	0	70	54	140	49	54	35	3.49	0		0.006600
9	71	4	0	70	108	140	49	54	35	3.49	0		0.006600
1	4	4	0	119	0	0	49	54	35	3.49	0		0.006600
1	3	4	0	119	54	0	49	54	35	3.49	0		0.006600
5	39	4	0	119	108	0	49	54	35	3.49	0		0.006600
16	121	2	0	119	0	35	27	60	49	4.30	0		0.013300
16	120	2	0	119	60	35	27	60	49	4.30	0		0.013300
1	2	2	1	119	120	35	27	60	49	4.30	0		0.013300
17	128	2	0	119	0	84	27	60	49	4.30	0		0.013300
21	165	2	0	119	60	84	27	60	49	4.30	0		0.013300
21	164	2	1	119	120	84	27	60	49	4.30	0		0.013300
21	166	2	0	119	0	133	27	60	49	4.30	0		0.013300
17	127	2	0	119	60	133	27	60	49	4.30	0		0.013300
1	1	2	1	119	120	133	27	60	49	4.30	0		0.013300
5	35	2	0	146	0	35	27	60	49	4.30	0		0.013300
5	36	2	0	146	60	35	27	60	49	4.30	0		0.013300
21	163	2	0	146	0	84	27	60	49	4.30	0		0.013300
3	22	2	0	146	60	84	27	60	49	4.30	0		0.013300
5	34	2	0	146	0	133	27	60	49	4.30	0		0.013300
16	124	7	1	168	0	0	53	41	29	2.22	0		0.005100
17	136	7	0	209	0	0	53	41	29	2.22	0		0.005100
9	73	7	0	209	41	0	53	41	29	2.22	0		0.005100
9	74	7	0	179	82	0	53	41	29	2.22	0		0.005100
5	45	7	0	179	123	0	53	41	29	2.22	0		0.005100
13	100	7	0	179	82	29	53	41	29	2.22	0		0.005100
5	46	7	0	179	123	29	53	41	29	2.22	0		0.005100
17	135	7	0	179	82	58	53	41	29	2.22	0		0.005100
13	101	7	0	179	123	58	53	41	29	2.22	0		0.005100
1	8	7	0	179	82	87	53	41	29	2.22	0		0.005100
5	47	8	0	179	123	87	29	27	56	4.40	0		0.028100
18	145	8	0	179	82	116	29	27	56	4.40	0		0.028100
13	102	8	0	208	123	87	29	27	56	4.40	0		0.028100
18	144	8	0	208	82	116	29	27	56	4.40	0		0.028100
21	168	8	0	146	60	133	29	27	56	4.40	0		0.028100
1	9	8	0	209	0	29	29	27	56	4.40	0		0.028100
16	125	8	0	209	27	29	29	27	56	4.40	0		0.028100
5	33	1	0	209	54	29	21	27	54	2.27	0		0.020100
5	32	1	0	209	54	83	21	27	54	2.27	0		0.020100
20	154	1	0	35	0	55	21	27	54	2.27	0		0.020100
16	119	1	0	209	0	85	21	27	54	2.27	0		0.020100
3	21	1	0	146	87	133	21	27	54	2.27	0		0.020100
17	134	6	0	179	123	143	44	20	27	3.49	0		0.019800
17	133	6	0	232	82	0	44	20	27	3.49	0		0.019800
9	72	6	0	119	147	35	44	20	27	3.49	0		0.019800
13	99	6	0	232	102	0	44	20	27	3.49	0		0.019800
5	44	6	0	119	147	62	44	20	27	3.49	0		0.019800
13	98	6	0	232	82	27	44	20	27	3.49	0		0.019800
17	130	5	1	209	27	85	25	28	27	2.33	0		0.016600
17	131	5	1	209	27	112	25	28	27	2.33	0		0.016600
17	132	5	0	209	54	137	25	28	27	2.33	0		0.016600
18	143	5	1	119	147	89	25	28	27	2.33	0		0.016600
5	42	5	1	119	147	116	25	28	27	2.33	0		0.016600
13	97	5	0	209	0	139	25	28	27	2.33	0		0.016600
18	142	5	1	119	147	143	25	28	27	2.33	0		0.016600
18	141	5	1	209	28	139	25	28	27	2.33	0		0.016600
5	43	5	0	230	54	29	25	28	27	2.33	0		0.016600
20	159	5	0	35	27	55	25	28	27	2.33	0		0.016600
16	123	5	0	230	54	56	25	28	27	2.33	0		0.016600
21	167	3	1	230	54	83	21	29	31	1.95	0		0.016000
5	37	3	0	232	122	0	21	29	31	1.95	0		0.016000
13	93	3	1	232	151	0	21	29	31	1.95	0		0.016000
13	94	3	1	232	150	31	21	29	31	1.95	0		0.016000
20	155	3	0	35	55	55	21	29	31	1.95	0		0.016000
17	129	3	1	232	82	54	21	29	31	1.95	0		0.016000
5	38	3	1	232	150	62	21	29	31	1.95	0		0.016000
17	137	9	0	232	82	85	22	28	29	4.23	0		0.034300
13	103	9	1	232	150	93	22	28	29	4.23	0		0.034300
1	11	9	1	232	150	122	22	28	29	4.23	0		0.034300
1	10	9	1	232	150	151	22	28	29	4.23	0		0.034300
3	24	9	0	238	0	29	22	28	29	4.23	0		0.034300
18	146	9	1	238	28	29	22	28	29	4.23	0		0.034300
3	23	9	0	238	0	58	22	28	29	4.23	0		0.034300
20	160	9	0	35	84	55	22	28	29	4.23	0		0.034300


