Name:				35_Manual_n50_m400_bt10_5_1053
Problem:			3L-VRPTW
Number_of_used_Vehicles:	1
Total_Travel_Distance:		21.85
Calculation_Time:		0.97
Total_Iterations:		1
ConstraintSet:			P1

-------------------------------------------------------------------------------------------------------------------
Tour_Id:			1
No_of_Customers:		3
No_of_Items:			40
Customer_Sequence:		43 50 23 

CustId	Id	TypeId	Rotated	x	y	z	Length	Width	Height	mass	Fragility	LoadBearingStrength
23	163	2	0	0	0	0	85	60	60	19.06	0		0.018700
23	164	4	0	0	60	0	72	60	60	9.43	0		0.010900
23	165	4	0	0	0	60	72	60	60	9.43	0		0.010900
23	166	4	0	0	60	60	72	60	60	9.43	0		0.010900
23	168	6	0	0	0	120	71	60	60	11.76	0		0.013800
23	169	6	0	0	60	120	71	60	60	11.76	0		0.013800
23	172	8	0	72	60	0	65	60	60	6.03	0		0.007700
23	167	5	1	0	120	0	50	57	22	2.66	0		0.004700
23	162	1	0	0	120	22	45	24	48	3.96	0		0.018300
23	170	7	0	0	144	22	40	22	21	3.23	0		0.018300
23	171	7	0	0	144	43	40	22	21	3.23	0		0.018300
50	392	2	0	72	60	60	85	60	60	19.06	0		0.018700
50	395	4	0	71	60	120	72	60	60	9.43	0		0.010900
50	398	8	0	85	0	0	65	60	60	6.03	0		0.007700
50	399	8	0	72	0	60	65	60	60	6.03	0		0.007700
50	393	3	0	0	120	70	56	23	50	3.61	0		0.014000
50	394	3	0	0	120	120	56	23	50	3.61	0		0.014000
50	396	5	1	57	120	0	50	57	22	2.66	0		0.004700
50	397	5	1	45	120	22	50	57	22	2.66	0		0.004700
50	389	1	0	0	144	64	45	24	48	3.96	0		0.018300
50	390	1	0	0	143	112	45	24	48	3.96	0		0.018300
50	391	1	0	45	143	44	45	24	48	3.96	0		0.018300
50	400	10	0	71	0	120	41	58	29	2.62	1		0.001100
43	326	2	0	150	0	0	85	60	60	19.06	0		0.018700
43	327	2	0	137	0	60	85	60	60	19.06	0		0.018700
43	328	2	0	112	0	120	85	60	60	19.06	0		0.018700
43	329	4	0	235	0	0	72	60	60	9.43	0		0.010900
43	331	6	0	157	60	0	71	60	60	11.76	0		0.013800
43	332	6	0	157	60	60	71	60	60	11.76	0		0.013800
43	330	5	1	114	120	0	50	57	22	2.66	0		0.004700
43	337	9	0	102	120	22	58	49	20	1.96	0		0.003500
43	323	1	0	45	143	92	45	24	48	3.96	0		0.018300
43	324	1	0	45	143	140	45	24	48	3.96	0		0.018300
43	325	1	0	102	120	42	45	24	48	3.96	0		0.018300
43	333	7	0	102	144	42	40	22	21	3.23	0		0.018300
43	334	7	0	102	144	63	40	22	21	3.23	0		0.018300
43	335	7	0	102	144	84	40	22	21	3.23	0		0.018300
43	336	7	0	102	120	90	40	22	21	3.23	0		0.018300
43	338	10	0	71	0	149	41	58	29	2.62	1		0.001100
43	339	10	0	143	60	120	41	58	29	2.62	1		0.001100


