Name:				35_Manual_n50_m400_bt10_5_1836
Problem:			3L-VRPTW
Number_of_used_Vehicles:	1
Total_Travel_Distance:		20.89
Calculation_Time:		0.91
Total_Iterations:		1
ConstraintSet:			P1

-------------------------------------------------------------------------------------------------------------------
Tour_Id:			1
No_of_Customers:		4
No_of_Items:			36
Customer_Sequence:		24 23 19 7 

CustId	Id	TypeId	Rotated	x	y	z	Length	Width	Height	mass	Fragility	LoadBearingStrength
7	35	2	0	0	0	0	85	60	60	19.06	0		0.018700
24	176	2	0	0	60	0	85	60	60	19.06	0		0.018700
23	163	2	0	0	0	60	85	60	60	19.06	0		0.018700
7	36	4	0	0	60	60	72	60	60	9.43	0		0.010900
19	127	4	0	0	0	120	72	60	60	9.43	0		0.010900
23	165	4	0	0	60	120	72	60	60	9.43	0		0.010900
23	166	4	0	85	0	0	72	60	60	9.43	0		0.010900
23	164	4	0	85	60	0	72	60	60	9.43	0		0.010900
7	37	6	0	72	60	60	71	60	60	11.76	0		0.013800
19	128	6	0	72	60	120	71	60	60	11.76	0		0.013800
19	129	6	0	85	0	60	71	60	60	11.76	0		0.013800
19	130	6	0	72	0	120	71	60	60	11.76	0		0.013800
23	168	6	0	157	0	0	71	60	60	11.76	0		0.013800
23	169	6	0	156	0	60	71	60	60	11.76	0		0.013800
7	39	8	0	143	0	120	65	60	60	6.03	0		0.007700
7	40	8	0	157	60	0	65	60	60	6.03	0		0.007700
19	131	8	0	143	60	60	65	60	60	6.03	0		0.007700
19	132	8	0	143	60	120	65	60	60	6.03	0		0.007700
23	172	8	0	222	60	0	65	60	60	6.03	0		0.007700
24	177	3	0	0	120	0	56	23	50	3.61	0		0.014000
24	178	3	0	0	143	0	56	23	50	3.61	0		0.014000
24	179	3	0	0	120	50	56	23	50	3.61	0		0.014000
23	167	5	1	56	120	0	50	57	22	2.66	0		0.004700
24	180	5	1	56	120	22	50	57	22	2.66	0		0.004700
24	181	5	1	56	120	44	50	57	22	2.66	0		0.004700
19	133	9	0	56	120	66	58	49	20	1.96	0		0.003500
19	134	9	0	56	120	86	58	49	20	1.96	0		0.003500
19	135	9	0	56	120	106	58	49	20	1.96	0		0.003500
24	173	1	0	56	120	126	45	24	48	3.96	0		0.018300
24	174	1	0	56	144	126	45	24	48	3.96	0		0.018300
24	175	1	0	114	120	0	45	24	48	3.96	0		0.018300
23	162	1	0	114	144	0	45	24	48	3.96	0		0.018300
7	38	7	0	0	143	50	40	22	21	3.23	0		0.018300
23	170	7	0	114	120	48	40	22	21	3.23	0		0.018300
23	171	7	0	114	142	48	40	22	21	3.23	0		0.018300
24	182	7	0	114	120	69	40	22	21	3.23	0		0.018300


