Name:				36_Manual_n50_m400_bt100_1_1239
Problem:			3L-VRPTW
Number_of_used_Vehicles:	1
Total_Travel_Distance:		23.02
Calculation_Time:		1.66
Total_Iterations:		1
ConstraintSet:			P1

-------------------------------------------------------------------------------------------------------------------
Tour_Id:			1
No_of_Customers:		3
No_of_Items:			33
Customer_Sequence:		25 32 20 

CustId	Id	TypeId	Rotated	x	y	z	Length	Width	Height	mass	Fragility	LoadBearingStrength
32	246	9	0	0	0	0	112	60	60	8.31	0		0.006200
32	247	16	0	0	60	0	101	60	60	15.88	0		0.013100
32	257	99	0	0	0	60	93	60	60	16.33	0		0.014600
20	147	11	0	0	60	60	92	60	60	15.63	0		0.014200
20	148	48	0	0	0	120	86	60	60	7.88	0		0.007600
25	196	48	0	0	60	120	86	60	60	7.88	0		0.007600
25	190	21	0	101	60	0	83	60	60	18.40	0		0.018500
25	193	27	0	92	60	60	75	60	60	14.89	0		0.016500
32	248	27	0	86	60	120	75	60	60	14.89	0		0.016500
25	194	32	0	112	0	0	72	60	60	17.76	0		0.020600
20	149	54	0	93	0	60	67	60	60	3.39	0		0.004200
20	146	6	0	86	0	120	60	60	60	17.13	0		0.023800
25	188	19	0	0	120	0	59	51	43	1.62	0		0.002700
32	254	84	0	0	120	43	57	51	42	1.36	0		0.002300
32	252	61	0	184	0	0	59	59	30	3.24	0		0.004700
25	195	44	0	0	120	85	40	39	60	4.04	0		0.012900
25	186	1	0	59	120	0	50	36	51	1.91	0		0.005300
32	250	49	1	57	120	51	44	48	39	3.88	0		0.009200
32	255	89	0	57	120	90	46	50	35	4.27	0		0.009300
32	251	57	1	57	120	125	39	59	33	1.55	0		0.003400
32	253	66	0	57	120	158	59	35	30	4.52	0		0.010900
25	191	22	0	116	120	0	44	23	60	3.08	0		0.015200
25	192	22	0	116	143	0	44	23	60	3.08	0		0.015200
32	249	46	0	116	120	60	56	24	43	4.52	0		0.016800
32	256	97	0	0	120	145	48	32	27	3.56	0		0.011600
25	187	10	0	116	144	60	46	26	30	1.04	0		0.004400
25	198	72	0	116	144	90	37	30	32	2.56	0		0.011500
20	151	63	0	116	144	122	28	30	38	3.56	0		0.021200
25	199	82	0	116	120	103	26	22	32	1.11	0		0.009700
20	150	59	0	184	59	0	92	60	60	11.14	1		0.002000
25	197	50	0	167	60	60	72	60	60	10.68	1		0.002500
25	189	20	0	160	120	0	39	54	35	4.76	1		0.002300
20	152	79	0	184	0	30	46	40	32	4.56	1		0.002500


