Name:				36_Manual_n50_m400_bt100_1_1768
Problem:			3L-VRPTW
Number_of_used_Vehicles:	1
Total_Travel_Distance:		16.03
Calculation_Time:		0.73
Total_Iterations:		1
ConstraintSet:			P1

-------------------------------------------------------------------------------------------------------------------
Tour_Id:			1
No_of_Customers:		3
No_of_Items:			30
Customer_Sequence:		13 36 42 

CustId	Id	TypeId	Rotated	x	y	z	Length	Width	Height	mass	Fragility	LoadBearingStrength
42	333	47	0	0	0	0	105	60	60	1.59	0		0.001300
42	337	83	0	0	60	0	79	60	60	10.48	0		0.011100
42	330	27	0	0	0	60	75	60	60	14.89	0		0.016500
42	332	46	0	0	120	0	56	24	43	4.52	0		0.016800
42	334	53	0	0	144	0	47	21	54	4.45	0		0.022600
42	335	59	0	0	60	60	92	60	60	11.14	1		0.002000
42	336	59	0	0	0	120	92	60	60	11.14	1		0.002000
42	338	90	0	0	60	120	88	60	60	18.63	1		0.003500
42	331	43	0	56	120	0	35	49	24	4.03	1		0.002300
36	280	36	0	92	60	0	118	60	60	3.54	0		0.002500
36	285	71	0	92	60	60	118	60	60	8.18	0		0.005800
36	286	75	0	92	60	120	93	60	60	16.14	0		0.014500
36	288	99	0	105	0	0	93	60	60	16.33	0		0.014600
36	281	48	0	92	0	60	86	60	60	7.88	0		0.007600
36	279	27	0	92	0	120	75	60	60	14.89	0		0.016500
36	283	64	0	91	120	0	57	49	35	1.60	0		0.002900
36	282	58	1	0	120	43	24	57	47	2.65	0		0.009700
36	287	95	0	91	120	35	46	41	33	3.32	0		0.008800
36	284	66	0	91	120	68	59	35	30	4.52	0		0.010900
36	277	22	0	0	144	54	44	23	60	3.08	0		0.015200
36	278	22	0	0	120	90	44	23	60	3.08	0		0.015200
36	276	10	0	0	144	114	46	26	30	1.04	0		0.004400
13	97	41	0	198	0	0	75	60	60	4.19	0		0.004700
13	100	70	0	178	0	60	65	60	60	8.54	0		0.011000
13	101	70	0	167	0	120	65	60	60	8.54	0		0.011000
13	98	49	1	91	120	98	44	48	39	3.88	0		0.009200
13	102	89	0	91	120	137	46	50	35	4.27	0		0.009300
13	96	33	0	150	120	0	43	43	35	2.37	0		0.006400
13	95	17	0	150	120	35	28	46	42	4.14	0		0.016100
13	99	50	0	210	60	0	72	60	60	10.68	1		0.002500


