Name:				36_Manual_n50_m400_bt100_1_1880
Problem:			3L-VRPTW
Number_of_used_Vehicles:	1
Total_Travel_Distance:		22.33
Calculation_Time:		0.69
Total_Iterations:		1
ConstraintSet:			P1

-------------------------------------------------------------------------------------------------------------------
Tour_Id:			1
No_of_Customers:		3
No_of_Items:			29
Customer_Sequence:		21 9 49 

CustId	Id	TypeId	Rotated	x	y	z	Length	Width	Height	mass	Fragility	LoadBearingStrength
49	391	85	0	0	0	0	102	60	60	8.50	0		0.006900
49	388	48	0	0	60	0	86	60	60	7.88	0		0.007600
49	386	39	0	0	0	60	71	60	60	21.31	0		0.025000
49	387	39	0	0	60	60	71	60	60	21.31	0		0.025000
49	383	14	0	0	120	0	60	46	55	1.44	0		0.002600
49	385	34	0	0	120	55	46	44	50	1.41	0		0.003500
49	389	53	0	0	120	105	47	21	54	4.45	0		0.022600
49	384	25	1	0	141	105	29	32	32	2.24	0		0.012100
49	392	87	0	0	141	137	26	28	35	1.49	0		0.010200
49	390	79	0	0	60	120	46	40	32	4.56	1		0.002500
9	63	60	0	86	60	0	99	60	60	2.48	0		0.002100
9	64	60	0	71	60	60	99	60	60	2.48	0		0.002100
9	66	75	0	0	0	120	93	60	60	16.14	0		0.014500
9	60	13	0	71	60	120	88	60	60	1.11	0		0.001100
9	67	77	0	102	0	0	87	60	60	10.32	0		0.009900
9	59	2	0	93	0	60	61	60	60	13.80	0		0.018800
9	65	69	0	60	120	0	57	39	41	1.43	0		0.003200
9	62	33	0	60	120	41	43	43	35	2.37	0		0.006400
9	68	92	0	46	60	120	25	51	21	3.72	0		0.014600
9	61	20	1	0	60	152	39	54	35	4.76	1		0.002300
21	153	3	0	185	60	0	118	60	60	2.73	0		0.001900
21	157	60	0	170	60	60	99	60	60	2.48	0		0.002100
21	159	69	0	60	120	76	57	39	41	1.43	0		0.003200
21	160	69	0	47	120	117	57	39	41	1.43	0		0.003200
21	154	8	1	93	0	120	44	49	37	4.46	0		0.010300
21	158	66	0	47	120	158	59	35	30	4.52	0		0.010900
21	156	59	0	170	60	120	92	60	60	11.14	1		0.002000
21	155	50	0	189	0	0	72	60	60	10.68	1		0.002500
21	161	74	0	154	0	60	65	60	60	11.73	1		0.003000


