Name:				37_Manual_n50_m400_bt100_2_1371
Problem:			3L-VRPTW
Number_of_used_Vehicles:	1
Total_Travel_Distance:		21.79
Calculation_Time:		1.77
Total_Iterations:		1
ConstraintSet:			P1

-------------------------------------------------------------------------------------------------------------------
Tour_Id:			1
No_of_Customers:		4
No_of_Items:			33
Customer_Sequence:		15 6 7 11 

CustId	Id	TypeId	Rotated	x	y	z	Length	Width	Height	mass	Fragility	LoadBearingStrength
11	67	6	0	0	0	0	120	60	60	4.02	0		0.002800
11	69	37	0	0	60	0	113	60	60	20.27	0		0.015000
11	70	51	0	0	120	0	55	38	35	4.83	0		0.011500
11	68	12	0	0	120	35	26	35	59	4.81	0		0.026500
11	72	99	0	55	120	0	53	47	20	1.76	0		0.003500
11	71	62	0	0	120	94	28	30	46	1.02	0		0.006100
7	47	37	0	0	0	60	113	60	60	20.27	0		0.015000
7	49	59	0	0	60	60	78	60	60	2.77	0		0.003000
7	51	98	0	0	60	120	65	60	60	2.21	0		0.002800
7	46	4	0	65	0	120	60	60	60	5.44	0		0.007600
7	45	3	1	28	120	35	41	31	39	3.84	0		0.015100
7	48	56	0	28	120	74	36	34	28	2.33	0		0.009500
7	50	64	0	113	60	0	83	60	60	8.99	1		0.001800
6	39	9	0	125	0	0	120	60	60	3.30	0		0.002300
6	41	18	0	125	0	60	84	60	60	1.26	0		0.001300
6	38	2	0	64	120	20	41	43	56	4.98	0		0.014100
6	44	40	0	28	120	102	35	43	54	4.66	0		0.015500
6	43	30	0	64	120	76	30	28	44	2.21	0		0.013100
6	42	19	1	28	120	156	23	33	29	3.69	0		0.024300
6	40	13	0	108	120	0	33	45	29	1.90	1		0.001300
15	96	21	1	245	0	0	119	60	60	18.84	0		0.013200
15	101	58	0	125	0	120	95	60	60	5.37	0		0.004700
15	94	1	0	209	0	60	70	60	60	8.57	0		0.010200
15	102	63	1	141	120	0	45	56	60	4.57	0		0.009100
15	103	79	0	141	120	60	38	42	51	1.79	0		0.005600
15	97	40	0	141	120	111	35	43	54	4.66	0		0.015500
15	98	40	0	196	60	0	35	43	54	4.66	0		0.015500
15	106	99	0	197	119	0	53	47	20	1.76	0		0.003500
15	104	81	0	196	60	54	31	46	26	2.06	0		0.007200
15	100	56	0	196	60	80	36	34	28	2.33	0		0.009500
15	105	88	0	78	60	60	108	60	60	20.09	1		0.003100
15	99	46	0	125	60	120	39	46	44	1.26	1		0.000700
15	95	7	1	105	120	29	40	36	44	3.26	1		0.002300


