Name:				38_Manual_n50_m400_bt100_3_1721
Problem:			3L-VRPTW
Number_of_used_Vehicles:	1
Total_Travel_Distance:		20.38
Calculation_Time:		3.47
Total_Iterations:		1
ConstraintSet:			P1

-------------------------------------------------------------------------------------------------------------------
Tour_Id:			1
No_of_Customers:		4
No_of_Items:			46
Customer_Sequence:		16 10 8 30 

CustId	Id	TypeId	Rotated	x	y	z	Length	Width	Height	mass	Fragility	LoadBearingStrength
30	243	24	0	0	0	0	107	60	60	21.18	0		0.016500
30	247	71	0	0	60	0	105	60	60	11.70	0		0.009300
30	246	62	0	0	0	60	102	60	60	2.47	0		0.002000
30	242	22	0	0	60	60	74	60	60	19.28	0		0.021700
30	244	31	0	0	0	120	62	60	60	14.84	0		0.019900
30	241	13	0	0	60	120	60	60	60	9.03	0		0.012500
30	249	79	0	0	120	0	57	37	57	4.66	0		0.011000
30	251	92	1	0	120	57	42	59	21	1.43	0		0.002900
30	248	75	0	0	120	78	43	34	33	4.89	0		0.016700
30	250	81	0	0	120	111	51	24	32	3.26	0		0.013300
30	245	50	0	57	120	0	42	44	20	1.28	0		0.003500
8	60	15	0	105	60	0	95	60	60	12.48	0		0.010900
8	62	28	0	0	120	143	57	22	41	3.70	0		0.014800
8	67	75	0	62	0	120	43	34	33	4.89	0		0.016700
8	70	99	0	99	120	0	57	36	21	4.40	0		0.010700
8	66	39	1	74	60	60	60	28	25	2.32	0		0.006900
8	69	81	0	62	34	120	51	24	32	3.26	0		0.013300
8	65	32	0	62	34	152	37	30	33	3.86	0		0.017400
8	59	3	0	62	0	153	28	24	32	4.17	0		0.031100
8	61	21	0	74	60	85	21	32	32	1.85	0		0.013700
8	71	100	0	74	92	85	20	34	30	1.38	0		0.010100
8	63	29	1	99	120	21	44	50	54	4.13	1		0.001900
8	64	29	0	99	120	75	44	50	54	4.13	1		0.001900
8	68	80	0	99	120	129	45	46	51	3.60	1		0.001700
10	84	35	0	102	60	60	83	60	60	1.38	0		0.001400
10	91	93	0	102	60	120	79	60	60	13.49	0		0.014200
10	90	90	0	113	0	0	76	60	60	19.85	0		0.021800
10	89	86	0	113	0	60	61	60	60	12.24	0		0.016700
10	81	19	0	113	0	120	54	43	59	2.46	0		0.005300
10	86	64	0	189	0	0	56	59	28	3	0		0.004500
10	79	4	0	156	120	0	35	41	43	3.86	0		0.013500
10	82	28	0	189	0	28	57	22	41	3.70	0		0.014800
10	88	83	0	149	120	43	38	42	29	1.47	0		0.004600
10	92	99	0	189	22	28	57	36	21	4.40	0		0.010700
10	83	32	0	149	120	72	37	30	33	3.86	0		0.017400
10	80	10	0	185	60	60	20	58	21	3.48	0		0.015000
10	87	80	0	191	120	0	45	46	51	3.60	1		0.001700
10	85	46	0	149	120	105	20	36	57	2.60	1		0.003600
16	133	5	0	205	59	0	80	60	60	8.77	0		0.009100
16	134	5	0	205	59	60	80	60	60	8.77	0		0.009100
16	140	89	0	189	22	49	56	36	46	1.70	0		0.004200
16	136	49	0	205	59	120	40	40	52	4.05	0		0.012600
16	138	72	1	189	22	95	29	42	41	3.93	0		0.016100
16	135	12	0	189	22	136	34	36	38	3.71	0		0.015200
16	137	61	0	236	120	0	32	44	28	1.44	0		0.005100
16	139	88	1	185	60	81	53	20	26	1	0		0.004700


