Name:				57_Manual_n100_m300_bt100_2_1695
Problem:			3L-VRPTW
Number_of_used_Vehicles:	1
Total_Travel_Distance:		34.20
Calculation_Time:		0.71
Total_Iterations:		1
ConstraintSet:			P1

-------------------------------------------------------------------------------------------------------------------
Tour_Id:			1
No_of_Customers:		6
No_of_Items:			29
Customer_Sequence:		2 16 26 6 17 10 

CustId	Id	TypeId	Rotated	x	y	z	Length	Width	Height	mass	Fragility	LoadBearingStrength
10	36	33	0	0	0	0	109	60	60	13.56	0		0.010400
10	35	8	0	0	60	0	105	60	60	5.11	0		0.004100
10	37	43	0	0	0	60	65	60	60	16.45	0		0.021100
10	39	81	0	0	120	0	46	50	53	3.88	0		0.008400
10	38	50	0	0	120	53	21	44	33	2.64	0		0.014300
10	40	84	1	0	120	86	43	21	21	1.20	0		0.006600
17	61	97	0	0	60	60	89	60	60	2.26	0		0.002100
17	60	92	0	0	0	120	68	60	60	3.11	0		0.003800
17	59	76	0	46	120	0	34	41	31	3.63	0		0.013000
17	57	67	1	21	120	53	34	33	31	4.10	0		0.018300
17	56	32	0	0	120	107	22	50	30	3.06	0		0.013900
17	58	74	0	0	120	137	23	33	52	1.88	1		0.002500
6	25	31	0	0	60	120	110	60	60	10.37	0		0.007900
6	24	3	0	105	60	0	102	60	60	13.23	0		0.010800
26	84	14	0	109	0	0	89	60	60	10.01	0		0.009400
26	85	17	0	89	0	60	74	60	60	16.66	0		0.018800
26	86	78	0	80	120	0	60	25	55	2.62	0		0.008700
16	53	57	0	198	0	0	113	60	60	8.36	0		0.006200
16	55	99	0	68	0	120	94	60	60	13.96	0		0.012400
16	51	44	0	198	0	60	88	60	60	13.78	0		0.013100
16	52	52	0	110	60	60	65	60	60	3.33	0		0.004300
16	54	82	0	110	60	120	60	60	60	7.95	0		0.011000
2	9	59	0	170	0	120	115	60	60	21.59	0		0.015600
2	11	75	0	207	60	0	77	60	60	17.17	0		0.018600
2	10	69	0	140	120	0	54	48	50	4.44	0		0.008600
2	12	94	0	140	120	50	58	39	33	4.20	0		0.009300
2	7	29	0	140	120	83	35	42	43	4.64	0		0.015800
2	8	45	0	80	145	0	54	27	20	3.43	0		0.011800
2	6	23	0	80	145	20	44	24	26	3.64	0		0.017200


