Name:				67_Manual_n100_m400_bt100_2_1317
Problem:			3L-VRPTW
Number_of_used_Vehicles:	1
Total_Travel_Distance:		39.90
Calculation_Time:		1.23
Total_Iterations:		1
ConstraintSet:			P1

-------------------------------------------------------------------------------------------------------------------
Tour_Id:			1
No_of_Customers:		7
No_of_Items:			27
Customer_Sequence:		1 19 12 2 6 13 9 

CustId	Id	TypeId	Rotated	x	y	z	Length	Width	Height	mass	Fragility	LoadBearingStrength
2	6	66	0	0	0	0	106	60	60	8.18	0		0.006400
6	17	19	0	0	60	0	102	60	60	2.05	0		0.001700
1	3	31	0	0	0	60	97	60	60	4.93	0		0.004200
13	40	76	0	0	60	60	94	60	60	19.36	0		0.017200
1	2	18	0	0	0	120	86	60	60	2.23	0		0.002200
1	1	14	0	0	60	120	79	60	60	8.36	0		0.008800
13	39	60	0	102	60	0	77	60	60	9.43	0		0.010200
19	65	60	0	94	60	60	77	60	60	9.43	0		0.010200
9	25	7	0	79	60	120	70	60	60	16.11	0		0.019200
6	19	78	0	0	120	0	60	47	48	4.35	0		0.007700
2	5	47	0	0	120	48	48	51	33	2.07	0		0.004200
2	4	24	0	0	120	81	52	26	58	3.85	0		0.014200
9	26	22	0	0	146	81	57	22	59	1.77	0		0.007100
9	27	37	0	60	120	0	51	38	33	1.90	0		0.004900
13	37	1	0	60	120	33	29	41	46	4.32	0		0.018200
19	64	53	0	60	120	79	33	35	44	4.43	0		0.019200
12	36	32	0	106	0	0	37	49	26	4.51	0		0.012400
13	38	54	0	57	120	123	42	32	31	4.83	0		0.018000
6	18	50	0	106	0	26	23	41	42	4.23	0		0.022400
6	20	100	0	143	0	0	109	60	60	16.53	1		0.002500
19	66	100	0	129	0	60	109	60	60	16.53	1		0.002500
9	29	82	0	129	0	120	95	60	60	20.20	1		0.003500
12	34	4	0	179	60	0	89	60	60	15.54	1		0.002900
19	63	4	0	171	60	60	89	60	60	15.54	1		0.002900
9	30	94	1	111	120	0	45	60	29	2.46	1		0.000900
12	35	29	1	111	120	29	49	59	22	4.24	1		0.001500
9	28	63	0	0	120	139	56	23	23	1.20	1		0.000900


