Name:				98_Manual_n150_m400_bt100_3_1221
Problem:			3L-VRPTW
Number_of_used_Vehicles:	1
Total_Travel_Distance:		48.82
Calculation_Time:		0.99
Total_Iterations:		1
ConstraintSet:			P1

-------------------------------------------------------------------------------------------------------------------
Tour_Id:			1
No_of_Customers:		7
No_of_Items:			29
Customer_Sequence:		15 2 13 18 3 8 4 

CustId	Id	TypeId	Rotated	x	y	z	Length	Width	Height	mass	Fragility	LoadBearingStrength
15	43	37	0	0	0	0	115	60	60	15.61	0		0.011300
15	44	59	0	0	60	0	110	60	60	2.52	0		0.001900
4	14	22	0	0	0	60	102	60	60	8.26	0		0.006700
18	50	22	0	0	60	60	102	60	60	8.26	0		0.006700
8	23	33	0	0	0	120	86	60	60	16.99	0		0.016500
8	27	87	0	0	60	120	86	60	60	10.93	0		0.010600
2	4	11	0	110	60	0	81	60	60	15.94	0		0.016400
3	8	57	0	102	60	60	79	60	60	15.98	0		0.016900
8	22	3	0	86	60	120	77	60	60	13.93	0		0.015100
2	3	8	0	115	0	0	74	60	60	19.98	0		0.022500
13	38	36	0	102	0	60	72	60	60	4.06	0		0.004700
4	16	28	1	0	120	0	53	57	58	1.78	0		0.002900
4	17	34	0	0	120	58	60	34	59	1.66	0		0.004100
8	26	86	0	0	120	117	56	38	56	2.58	0		0.006100
3	7	41	0	60	120	0	51	37	59	3.92	0		0.010400
3	10	60	1	60	120	59	36	52	53	3.22	0		0.008600
2	6	100	0	86	0	120	58	57	26	4.06	0		0.006100
4	15	27	0	86	0	146	53	59	26	1.24	0		0.002000
4	13	10	0	60	120	112	27	36	53	4.27	0		0.021900
8	25	77	0	111	120	0	51	22	34	3.99	0		0.017800
2	5	31	0	144	0	120	35	49	22	3.75	0		0.010900
8	24	42	1	87	120	112	40	25	28	1.21	0		0.006100
13	39	75	0	144	0	142	31	45	20	3.04	0		0.010900
18	51	96	0	87	120	140	28	26	36	4.15	0		0.028500
4	11	2	0	189	0	0	97	60	60	19.72	1		0.003400
4	12	2	0	179	0	60	97	60	60	19.72	1		0.003400
18	49	2	0	179	0	120	97	60	60	19.72	1		0.003400
3	9	58	0	162	120	0	44	45	20	3.58	1		0.001800
13	40	89	0	162	120	20	21	31	32	2.96	1		0.004600


