Name:				14_Manual_n50_m200_bt10_4_378
Problem:			3L-VRPTW
Number_of_used_Vehicles:	1
Total_Travel_Distance:		19.43
Calculation_Time:		0.55
Total_Iterations:		1
ConstraintSet:			P1

-------------------------------------------------------------------------------------------------------------------
Tour_Id:			1
No_of_Customers:		4
No_of_Items:			21
Customer_Sequence:		11 5 27 26 

CustId	Id	TypeId	Rotated	x	y	z	Length	Width	Height	mass	Fragility	LoadBearingStrength
26	102	8	0	0	0	0	95	60	60	21.90	0		0.019200
26	104	10	0	0	60	0	36	60	59	2.09	0		0.004800
26	103	9	0	0	120	0	30	25	43	4.38	0		0.029200
27	107	2	0	0	0	60	115	60	60	8.75	0		0.006300
27	108	2	0	0	0	120	115	60	60	8.75	0		0.006300
27	109	8	0	36	60	0	95	60	60	21.90	0		0.019200
27	110	10	0	0	60	59	36	60	59	2.09	0		0.004800
27	105	1	0	30	120	0	56	41	54	3.29	0		0.007200
27	106	1	0	30	120	54	56	41	54	3.29	0		0.007200
5	23	2	0	36	60	60	115	60	60	8.75	0		0.006300
5	20	1	0	30	120	108	56	41	54	3.29	0		0.007200
5	21	1	0	86	120	0	56	41	54	3.29	0		0.007200
5	22	1	0	86	120	54	56	41	54	3.29	0		0.007200
5	24	3	0	86	120	108	50	49	30	1.42	0		0.002900
5	25	3	0	86	120	138	50	49	30	1.42	0		0.002900
11	47	2	0	36	60	120	115	60	60	8.75	0		0.006300
11	51	8	0	115	0	0	95	60	60	21.90	0		0.019200
11	48	4	0	115	0	60	73	60	60	3.46	0		0.003900
11	49	4	0	115	0	120	73	60	60	3.46	0		0.003900
11	46	1	0	142	120	0	56	41	54	3.29	0		0.007200
11	50	5	1	142	120	54	22	59	23	2.60	0		0.010000


