Name:				18_Manual_n50_m200_bt100_3_742
Problem:			3L-VRPTW
Number_of_used_Vehicles:	1
Total_Travel_Distance:		31.90
Calculation_Time:		0.56
Total_Iterations:		1
ConstraintSet:			P1

-------------------------------------------------------------------------------------------------------------------
Tour_Id:			1
No_of_Customers:		5
No_of_Items:			25
Customer_Sequence:		11 5 31 21 34 

CustId	Id	TypeId	Rotated	x	y	z	Length	Width	Height	mass	Fragility	LoadBearingStrength
34	134	52	0	0	0	0	102	60	60	16.49	0		0.013500
34	130	13	0	0	60	0	86	60	60	7.10	0		0.006900
34	131	18	0	0	120	0	54	33	41	2.74	0		0.007700
34	133	43	0	0	120	41	29	35	57	4.66	0		0.023000
34	135	79	0	0	60	60	49	38	25	4.67	0		0.012500
34	132	35	0	0	60	85	43	24	41	2.79	0		0.013500
21	89	19	0	0	0	60	102	60	60	13.18	0		0.010800
21	90	73	0	0	120	98	27	31	34	3.01	0		0.018000
21	88	4	0	0	120	132	21	28	47	1.43	0		0.012100
21	91	100	0	0	0	120	96	60	60	21.81	1		0.003800
31	126	85	0	86	60	0	115	60	60	6.56	0		0.004800
31	123	17	0	49	60	60	113	60	60	9.91	0		0.007300
31	125	81	1	54	120	0	36	60	27	1.09	0		0.002500
31	124	59	0	54	120	27	50	27	30	1.64	0		0.006100
5	24	74	0	43	60	120	115	60	60	20.46	0		0.014800
5	23	39	0	102	0	0	103	60	60	8.98	0		0.007300
5	20	16	0	102	0	60	57	46	38	4.37	0		0.008300
5	21	21	0	102	0	98	57	50	29	2.21	0		0.003900
5	22	35	0	54	120	57	43	24	41	2.79	0		0.013500
5	19	5	1	54	120	98	23	36	22	4.94	0		0.029800
11	48	58	0	201	60	0	85	60	60	21.58	0		0.021200
11	49	58	0	162	60	60	85	60	60	21.58	0		0.021200
11	47	16	0	102	0	127	57	46	38	4.37	0		0.008300
11	46	5	1	54	120	120	23	36	22	4.94	0		0.029800
11	50	94	0	158	50	120	95	60	60	7.04	1		0.001200


