Name:				20_Manual_n50_m200_bt100_5_732
Problem:			3L-VRPTW
Number_of_used_Vehicles:	1
Total_Travel_Distance:		21.43
Calculation_Time:		2.26
Total_Iterations:		1
ConstraintSet:			P1

-------------------------------------------------------------------------------------------------------------------
Tour_Id:			1
No_of_Customers:		4
No_of_Items:			25
Customer_Sequence:		12 24 37 17 

CustId	Id	TypeId	Rotated	x	y	z	Length	Width	Height	mass	Fragility	LoadBearingStrength
17	66	39	0	0	0	0	93	60	60	5.13	0		0.004600
17	67	39	0	0	60	0	93	60	60	5.13	0		0.004600
17	65	36	0	0	0	60	72	60	60	3.44	0		0.004000
17	68	87	0	0	120	0	47	54	39	1.76	0		0.003500
24	98	63	0	0	120	39	53	37	28	4.91	0		0.012500
17	64	13	0	0	60	60	97	60	60	12.47	1		0.002100
37	151	97	0	0	0	120	46	46	58	1.79	0		0.004200
37	147	21	0	93	0	0	53	40	44	4.03	0		0.009500
37	149	68	0	46	0	120	32	54	36	3.49	0		0.010100
37	148	61	1	46	0	156	50	31	28	3.52	0		0.011400
37	150	79	0	0	54	120	103	60	60	4.30	1		0.000700
24	99	69	0	103	40	0	96	60	60	3.66	0		0.003200
24	95	39	0	103	100	0	93	60	60	5.13	0		0.004600
24	96	47	0	103	40	60	61	60	60	11.12	0		0.015200
24	97	58	0	103	100	60	87	60	60	10.35	0		0.009900
24	94	35	0	103	40	120	55	55	41	4.73	0		0.007800
17	69	99	0	47	120	0	54	40	32	4.15	0		0.009600
24	93	13	0	103	95	120	97	60	60	12.47	1		0.002100
24	92	6	1	0	120	67	26	59	54	1.89	1		0.001200
12	45	91	1	93	0	44	29	42	57	1.56	0		0.006400
12	46	92	0	93	0	101	42	25	24	2.38	0		0.011400
12	41	7	0	93	0	125	21	21	47	2.02	0		0.022900
12	42	62	1	146	0	0	37	59	46	3.33	1		0.001500
12	43	70	0	146	0	46	32	39	60	2.45	1		0.002000
12	44	80	1	205	0	0	117	60	60	8.13	0		0.005800


