Name:				31_Manual_n50_m400_bt10_1_782
Problem:			3L-VRPTW
Number_of_used_Vehicles:	1
Total_Travel_Distance:		52.18
Calculation_Time:		10.79
Total_Iterations:		1
ConstraintSet:			P1

-------------------------------------------------------------------------------------------------------------------
Tour_Id:			1
No_of_Customers:		8
No_of_Items:			83
Customer_Sequence:		13 8 5 17 3 20 1 11 

CustId	Id	TypeId	Rotated	x	y	z	Length	Width	Height	mass	Fragility	LoadBearingStrength
11	85	10	0	0	0	0	35	55	55	1.65	0		0.004300
11	81	2	0	0	55	0	27	60	49	4.30	0		0.013300
11	82	2	1	0	115	0	27	60	49	4.30	0		0.013300
11	79	1	0	0	142	0	21	27	54	2.27	0		0.020100
11	80	1	0	0	55	49	21	27	54	2.27	0		0.020100
11	84	5	0	0	82	49	25	28	27	2.33	0		0.016600
11	83	3	0	0	110	49	21	29	31	1.95	0		0.016000
1	12	10	0	0	0	55	35	55	55	1.65	0		0.004300
1	13	10	0	0	0	110	35	55	55	1.65	0		0.004300
1	3	4	0	27	55	0	49	54	35	3.49	0		0.006600
1	4	4	0	27	55	35	49	54	35	3.49	0		0.006600
1	5	4	0	25	55	70	49	54	35	3.49	0		0.006600
1	6	4	0	25	55	105	49	54	35	3.49	0		0.006600
1	7	4	0	25	55	140	49	54	35	3.49	0		0.006600
1	1	2	1	21	142	0	27	60	49	4.30	0		0.013300
1	2	2	0	21	110	49	27	60	49	4.30	0		0.013300
1	8	7	0	35	0	0	53	41	29	2.22	0		0.005100
1	9	8	0	21	110	98	29	27	56	4.40	0		0.028100
1	10	9	0	0	82	76	22	28	29	4.23	0		0.034300
1	11	9	0	0	82	105	22	28	29	4.23	0		0.034300
20	161	10	1	35	0	29	35	55	55	1.65	0		0.004300
20	162	10	1	35	0	84	35	55	55	1.65	0		0.004300
20	156	4	0	76	55	0	49	54	35	3.49	0		0.006600
20	157	4	0	76	55	35	49	54	35	3.49	0		0.006600
20	158	4	0	74	55	70	49	54	35	3.49	0		0.006600
20	154	1	0	21	137	98	21	27	54	2.27	0		0.020100
20	159	5	0	21	137	152	25	28	27	2.33	0		0.016600
20	155	3	1	21	110	154	21	29	31	1.95	0		0.016000
20	160	9	0	35	0	139	22	28	29	4.23	0		0.034300
3	25	10	0	74	55	105	35	55	55	1.65	0		0.004300
3	26	10	0	90	0	0	35	55	55	1.65	0		0.004300
3	27	10	0	90	0	55	35	55	55	1.65	0		0.004300
3	22	2	1	60	109	0	27	60	49	4.30	0		0.013300
3	21	1	0	50	109	49	21	27	54	2.27	0		0.020100
3	23	9	0	50	136	49	22	28	29	4.23	0		0.034300
3	24	9	0	50	136	78	22	28	29	4.23	0		0.034300
17	138	10	0	90	0	110	35	55	55	1.65	0		0.004300
17	139	10	0	120	109	0	35	55	55	1.65	0		0.004300
17	140	10	0	120	109	55	35	55	55	1.65	0		0.004300
17	127	2	0	120	109	110	27	60	49	4.30	0		0.013300
17	128	2	0	125	0	0	27	60	49	4.30	0		0.013300
17	135	7	1	74	55	160	53	41	29	2.22	0		0.005100
17	136	7	0	125	60	0	53	41	29	2.22	0		0.005100
17	133	6	1	57	0	139	44	20	27	3.49	0		0.019800
17	134	6	0	72	110	49	44	20	27	3.49	0		0.019800
17	130	5	0	50	136	107	25	28	27	2.33	0		0.016600
17	131	5	0	50	136	134	25	28	27	2.33	0		0.016600
17	132	5	0	50	136	161	25	28	27	2.33	0		0.016600
17	129	3	1	71	110	76	21	29	31	1.95	0		0.016000
17	137	9	1	71	110	107	22	28	29	4.23	0		0.034300
5	39	4	1	125	60	29	49	54	35	3.49	0		0.006600
5	40	4	1	125	60	64	49	54	35	3.49	0		0.006600
5	41	4	0	123	55	99	49	54	35	3.49	0		0.006600
5	34	2	1	123	55	134	27	60	49	4.30	0		0.013300
5	35	2	1	115	82	134	27	60	49	4.30	0		0.013300
5	36	2	0	125	0	49	27	60	49	4.30	0		0.013300
5	45	7	0	152	0	0	53	41	29	2.22	0		0.005100
5	46	7	0	152	0	29	53	41	29	2.22	0		0.005100
5	47	8	0	152	0	58	29	27	56	4.40	0		0.028100
5	32	1	0	152	0	114	21	27	54	2.27	0		0.020100
5	33	1	0	155	109	0	21	27	54	2.27	0		0.020100
5	44	6	1	120	109	159	44	20	27	3.49	0		0.019800
5	42	5	0	125	0	98	25	28	27	2.33	0		0.016600
5	43	5	0	125	0	125	25	28	27	2.33	0		0.016600
5	37	3	0	125	0	152	21	29	31	1.95	0		0.016000
5	38	3	0	155	136	0	21	29	31	1.95	0		0.016000
8	67	10	0	176	109	0	35	55	55	1.65	0		0.004300
8	63	4	0	205	0	0	49	54	35	3.49	0		0.006600
8	64	4	0	183	54	0	49	54	35	3.49	0		0.006600
8	66	7	1	176	109	55	53	41	29	2.22	0		0.005100
8	65	6	0	176	109	84	44	20	27	3.49	0		0.019800
8	62	3	0	155	136	31	21	29	31	1.95	0		0.016000
13	95	4	0	183	54	35	49	54	35	3.49	0		0.006600
13	96	4	0	183	54	70	49	54	35	3.49	0		0.006600
13	100	7	0	183	54	105	53	41	29	2.22	0		0.005100
13	101	7	0	183	54	134	53	41	29	2.22	0		0.005100
13	102	8	0	176	129	84	29	27	56	4.40	0		0.028100
13	98	6	0	176	109	111	44	20	27	3.49	0		0.019800
13	99	6	0	176	109	138	44	20	27	3.49	0		0.019800
13	97	5	0	176	129	140	25	28	27	2.33	0		0.016600
13	93	3	1	181	0	58	21	29	31	1.95	0		0.016000
13	94	3	1	181	21	58	21	29	31	1.95	0		0.016000
13	103	9	1	181	0	89	22	28	29	4.23	0		0.034300


