Name:				31_Manual_n50_m400_bt10_1_974
Problem:			3L-VRPTW
Number_of_used_Vehicles:	1
Total_Travel_Distance:		42.16
Calculation_Time:		12.99
Total_Iterations:		1
ConstraintSet:			P1

-------------------------------------------------------------------------------------------------------------------
Tour_Id:			1
No_of_Customers:		8
No_of_Items:			82
Customer_Sequence:		5 4 13 20 16 1 11 17 

CustId	Id	TypeId	Rotated	x	y	z	Length	Width	Height	mass	Fragility	LoadBearingStrength
17	138	10	0	0	0	0	35	55	55	1.65	0		0.004300
17	139	10	0	0	55	0	35	55	55	1.65	0		0.004300
17	140	10	0	0	110	0	35	55	55	1.65	0		0.004300
17	127	2	0	0	0	55	27	60	49	4.30	0		0.013300
17	128	2	0	0	60	55	27	60	49	4.30	0		0.013300
17	135	7	0	35	0	0	53	41	29	2.22	0		0.005100
17	136	7	0	35	41	0	53	41	29	2.22	0		0.005100
17	133	6	0	0	120	55	44	20	27	3.49	0		0.019800
17	134	6	0	0	140	55	44	20	27	3.49	0		0.019800
17	130	5	0	0	120	82	25	28	27	2.33	0		0.016600
17	131	5	0	0	0	104	25	28	27	2.33	0		0.016600
17	132	5	0	0	28	104	25	28	27	2.33	0		0.016600
17	129	3	0	0	56	104	21	29	31	1.95	0		0.016000
17	137	9	0	0	85	104	22	28	29	4.23	0		0.034300
11	85	10	1	35	82	0	35	55	55	1.65	0		0.004300
11	81	2	0	35	0	29	27	60	49	4.30	0		0.013300
11	82	2	1	35	82	55	27	60	49	4.30	0		0.013300
11	79	1	0	0	120	109	21	27	54	2.27	0		0.020100
11	80	1	0	0	85	133	21	27	54	2.27	0		0.020100
11	84	5	0	0	120	163	25	28	27	2.33	0		0.016600
11	83	3	0	25	120	82	21	29	31	1.95	0		0.016000
1	12	10	0	27	0	78	35	55	55	1.65	0		0.004300
1	13	10	0	21	0	133	35	55	55	1.65	0		0.004300
1	3	4	0	46	117	0	49	54	35	3.49	0		0.006600
1	4	4	0	46	117	35	49	54	35	3.49	0		0.006600
1	5	4	0	46	117	70	49	54	35	3.49	0		0.006600
1	6	4	0	46	117	105	49	54	35	3.49	0		0.006600
1	7	4	0	46	117	140	49	54	35	3.49	0		0.006600
1	1	2	1	22	85	104	27	60	49	4.30	0		0.013300
1	2	2	0	62	0	29	27	60	49	4.30	0		0.013300
1	8	7	0	88	0	0	53	41	29	2.22	0		0.005100
1	9	8	0	62	0	78	29	27	56	4.40	0		0.028100
1	10	9	1	22	85	153	22	28	29	4.23	0		0.034300
1	11	9	1	35	60	29	22	28	29	4.23	0		0.034300
16	126	10	1	91	0	29	35	55	55	1.65	0		0.004300
16	122	4	0	95	117	0	49	54	35	3.49	0		0.006600
16	120	2	1	91	0	84	27	60	49	4.30	0		0.013300
16	121	2	1	91	0	133	27	60	49	4.30	0		0.013300
16	124	7	0	95	117	35	53	41	29	2.22	0		0.005100
16	125	8	0	62	27	78	29	27	56	4.40	0		0.028100
16	119	1	1	35	60	58	21	27	54	2.27	0		0.020100
16	123	5	1	35	60	112	25	28	27	2.33	0		0.016600
20	161	10	1	95	117	64	35	55	55	1.65	0		0.004300
20	162	10	1	95	117	119	35	55	55	1.65	0		0.004300
20	156	4	0	144	35	0	49	54	35	3.49	0		0.006600
20	157	4	0	144	35	35	49	54	35	3.49	0		0.006600
20	158	4	0	144	35	70	49	54	35	3.49	0		0.006600
20	154	1	1	63	60	29	21	27	54	2.27	0		0.020100
20	159	5	1	35	60	139	25	28	27	2.33	0		0.016600
20	155	3	0	50	85	153	21	29	31	1.95	0		0.016000
20	160	9	1	63	60	83	22	28	29	4.23	0		0.034300
13	95	4	0	144	35	105	49	54	35	3.49	0		0.006600
13	96	4	0	144	35	140	49	54	35	3.49	0		0.006600
13	100	7	0	193	0	0	53	41	29	2.22	0		0.005100
13	101	7	0	193	41	0	53	41	29	2.22	0		0.005100
13	102	8	0	95	89	0	29	27	56	4.40	0		0.028100
13	98	6	0	124	89	0	44	20	27	3.49	0		0.019800
13	99	6	0	124	89	27	44	20	27	3.49	0		0.019800
13	97	5	0	95	89	56	25	28	27	2.33	0		0.016600
13	93	3	1	95	89	83	21	29	31	1.95	0		0.016000
13	94	3	1	95	89	114	21	29	31	1.95	0		0.016000
13	103	9	0	95	89	145	22	28	29	4.23	0		0.034300
4	30	10	0	168	89	0	35	55	55	1.65	0		0.004300
4	31	10	0	168	89	55	35	55	55	1.65	0		0.004300
4	29	6	0	124	89	54	44	20	27	3.49	0		0.019800
4	28	3	1	124	89	81	21	29	31	1.95	0		0.016000
5	39	4	0	193	0	29	49	54	35	3.49	0		0.006600
5	40	4	0	193	0	64	49	54	35	3.49	0		0.006600
5	41	4	0	193	0	99	49	54	35	3.49	0		0.006600
5	34	2	1	150	144	0	27	60	49	4.30	0		0.013300
5	35	2	1	150	144	49	27	60	49	4.30	0		0.013300
5	36	2	1	150	144	98	27	60	49	4.30	0		0.013300
5	45	7	1	168	89	110	53	41	29	2.22	0		0.005100
5	46	7	0	168	89	139	53	41	29	2.22	0		0.005100
5	47	8	0	124	89	112	29	27	56	4.40	0		0.028100
5	32	1	0	193	54	29	21	27	54	2.27	0		0.020100
5	33	1	0	193	54	83	21	27	54	2.27	0		0.020100
5	44	6	0	150	144	147	44	20	27	3.49	0		0.019800
5	42	5	0	193	0	134	25	28	27	2.33	0		0.016600
5	43	5	1	193	28	134	25	28	27	2.33	0		0.016600
5	37	3	0	193	54	137	21	29	31	1.95	0		0.016000
5	38	3	0	203	82	0	21	29	31	1.95	0		0.016000


