Name:				37_Manual_n50_m400_bt100_2_815
Problem:			3L-VRPTW
Number_of_used_Vehicles:	1
Total_Travel_Distance:		23.55
Calculation_Time:		0.99
Total_Iterations:		1
ConstraintSet:			P1

-------------------------------------------------------------------------------------------------------------------
Tour_Id:			1
No_of_Customers:		3
No_of_Items:			31
Customer_Sequence:		15 39 31 

CustId	Id	TypeId	Rotated	x	y	z	Length	Width	Height	mass	Fragility	LoadBearingStrength
31	239	94	0	0	0	0	96	60	60	8.65	0		0.007500
31	235	58	0	0	60	0	95	60	60	5.37	0		0.004700
31	230	18	0	0	0	60	84	60	60	1.26	0		0.001300
31	238	68	0	0	60	60	74	60	60	16.34	0		0.018400
31	240	98	0	0	0	120	65	60	60	2.21	0		0.002800
31	241	98	0	0	60	120	65	60	60	2.21	0		0.002800
31	236	63	1	0	120	0	45	56	60	4.57	0		0.009100
31	232	36	0	0	120	60	33	36	49	1.04	0		0.004400
31	231	35	0	0	120	109	33	29	56	4.90	0		0.025600
31	237	65	1	33	120	60	47	20	34	4.65	0		0.024700
31	233	41	0	33	120	94	22	24	40	4.05	0		0.038400
31	234	53	0	56	120	0	59	28	35	3.22	1		0.001900
39	295	23	0	95	60	0	34	57	44	2.08	0		0.005400
39	294	14	0	95	60	44	37	42	53	3.68	0		0.011800
39	293	11	0	95	60	97	34	51	45	4.93	0		0.014200
39	297	65	0	56	148	0	47	20	34	4.65	0		0.024700
39	298	77	0	96	0	0	55	58	58	4.44	1		0.001400
39	296	26	0	56	120	35	57	22	47	1.62	1		0.001300
15	96	21	0	151	0	0	119	60	60	18.84	0		0.013200
15	101	58	0	132	60	0	95	60	60	5.37	0		0.004700
15	94	1	0	132	60	60	70	60	60	8.57	0		0.010200
15	102	63	1	115	120	0	45	56	60	4.57	0		0.009100
15	103	79	0	113	120	60	38	42	51	1.79	0		0.005600
15	97	40	0	113	120	111	35	43	54	4.66	0		0.015500
15	98	40	0	171	120	0	35	43	54	4.66	0		0.015500
15	106	99	0	132	60	120	53	47	20	1.76	0		0.003500
15	104	81	0	95	60	142	31	46	26	2.06	0		0.007200
15	100	56	0	171	120	54	36	34	28	2.33	0		0.009500
15	105	88	0	151	0	60	108	60	60	20.09	1		0.003100
15	99	46	0	96	0	58	39	46	44	1.26	1		0.000700
15	95	7	0	96	0	102	40	36	44	3.26	1		0.002300


