Name:				38_Manual_n50_m400_bt100_3_963
Problem:			3L-VRPTW
Number_of_used_Vehicles:	1
Total_Travel_Distance:		27.31
Calculation_Time:		1.96
Total_Iterations:		1
ConstraintSet:			P1

-------------------------------------------------------------------------------------------------------------------
Tour_Id:			1
No_of_Customers:		4
No_of_Items:			33
Customer_Sequence:		15 2 12 11 

CustId	Id	TypeId	Rotated	x	y	z	Length	Width	Height	mass	Fragility	LoadBearingStrength
11	98	33	0	0	0	0	72	60	60	19.88	0		0.023000
11	93	2	0	0	60	0	33	58	56	2.62	0		0.006800
11	100	68	0	0	118	0	52	32	52	3.49	0		0.010500
11	96	25	1	0	118	52	34	43	59	1.76	0		0.006000
11	95	23	0	0	150	0	56	22	39	1.32	0		0.005300
11	99	47	1	0	60	56	51	23	30	4.76	0		0.020300
11	94	21	1	0	0	60	21	32	32	1.85	0		0.013700
11	97	29	0	32	0	60	44	50	54	4.13	1		0.001900
12	107	62	0	52	60	0	102	60	60	2.47	0		0.002000
12	103	35	0	43	50	60	83	60	60	1.38	0		0.001400
12	102	9	0	43	50	120	72	60	60	19.09	0		0.022100
12	108	65	0	76	0	0	64	60	60	14.67	0		0.019100
12	101	4	0	0	118	111	35	41	43	3.86	0		0.013500
12	106	50	0	0	118	154	42	44	20	1.28	0		0.003500
12	104	43	0	140	0	0	115	60	60	15.04	1		0.002200
12	105	43	0	126	0	60	115	60	60	15.04	1		0.002200
2	11	51	0	154	60	0	104	60	60	12.16	0		0.009700
2	12	59	0	56	120	0	38	47	56	3.81	0		0.010700
2	13	85	0	56	120	56	41	43	54	2.84	0		0.008000
2	14	89	0	94	120	0	56	36	46	1.70	0		0.004200
2	8	25	0	56	120	110	34	43	59	1.76	0		0.006000
2	9	27	0	150	120	0	36	34	28	1.26	0		0.005100
2	10	36	1	126	60	60	34	21	23	3.23	0		0.022600
15	123	5	0	147	60	60	80	60	60	8.77	0		0.009100
15	125	33	0	147	60	120	72	60	60	19.88	0		0.023000
15	128	56	0	97	120	46	43	46	55	2.79	0		0.007100
15	129	59	1	97	120	101	38	47	56	3.81	0		0.010700
15	124	16	0	186	120	0	44	39	58	4.18	0		0.012200
15	127	49	0	186	120	58	40	40	52	4.05	0		0.012600
15	126	45	0	90	120	157	57	27	23	4.81	0		0.015600
15	130	78	0	150	120	28	23	33	40	1.34	0		0.008800
15	131	82	0	150	120	68	22	23	41	3.33	0		0.032900
15	132	100	1	150	154	0	20	34	30	1.38	0		0.010100


