Name:				38_Manual_n50_m400_bt100_3_137
Problem:			3L-VRPTW
Number_of_used_Vehicles:	1
Total_Travel_Distance:		17.59
Calculation_Time:		1.31
Total_Iterations:		1
ConstraintSet:			P1

-------------------------------------------------------------------------------------------------------------------
Tour_Id:			1
No_of_Customers:		3
No_of_Items:			28
Customer_Sequence:		26 30 13 

CustId	Id	TypeId	Rotated	x	y	z	Length	Width	Height	mass	Fragility	LoadBearingStrength
13	113	38	0	0	0	0	115	60	60	10.24	0		0.007400
13	112	22	0	0	60	0	74	60	60	19.28	0		0.021700
13	110	19	0	0	120	0	54	43	59	2.46	0		0.005300
13	114	68	0	0	120	59	52	32	52	3.49	0		0.010500
13	109	8	0	0	60	60	38	33	52	3.66	0		0.014600
13	115	99	0	0	120	111	57	36	21	4.40	0		0.010700
13	111	21	1	0	93	60	21	32	32	1.85	0		0.013700
30	243	24	0	0	0	60	107	60	60	21.18	0		0.016500
30	247	71	0	0	0	120	105	60	60	11.70	0		0.009300
30	246	62	0	74	60	0	102	60	60	2.47	0		0.002000
30	242	22	0	74	60	60	74	60	60	19.28	0		0.021700
30	244	31	0	74	60	120	62	60	60	14.84	0		0.019900
30	241	13	0	115	0	0	60	60	60	9.03	0		0.012500
30	249	79	0	0	120	132	57	37	57	4.66	0		0.011000
30	251	92	1	57	120	0	42	59	21	1.43	0		0.002900
30	248	75	0	0	60	112	43	34	33	4.89	0		0.016700
30	250	81	0	0	60	145	51	24	32	3.26	0		0.013300
30	245	50	0	57	120	21	42	44	20	1.28	0		0.003500
26	215	38	0	175	0	0	115	60	60	10.24	0		0.007400
26	219	91	0	148	0	60	111	60	60	4.92	0		0.003700
26	211	15	0	148	0	120	95	60	60	12.48	0		0.010900
26	210	14	1	107	0	60	57	28	37	4.76	0		0.014900
26	217	57	0	57	120	41	23	47	54	4.26	0		0.019700
26	214	23	1	107	0	97	56	22	39	1.32	0		0.005300
26	212	18	1	116	120	0	31	56	22	3.88	0		0.011200
26	213	20	0	57	120	95	20	47	39	3.61	0		0.019200
26	218	82	0	57	120	134	22	23	41	3.33	0		0.032900
26	216	46	0	80	120	41	20	36	57	2.60	1		0.003600


