Name:				51_Manual_n100_m300_bt10_1_710
Problem:			3L-VRPTW
Number_of_used_Vehicles:	1
Total_Travel_Distance:		29.00
Calculation_Time:		0.71
Total_Iterations:		1
ConstraintSet:			P1

-------------------------------------------------------------------------------------------------------------------
Tour_Id:			1
No_of_Customers:		6
No_of_Items:			22
Customer_Sequence:		1 19 7 5 17 14 

CustId	Id	TypeId	Rotated	x	y	z	Length	Width	Height	mass	Fragility	LoadBearingStrength
14	54	8	0	0	0	0	114	60	60	21.03	0		0.015400
14	55	8	0	0	60	0	114	60	60	21.03	0		0.015400
14	56	8	0	0	0	60	114	60	60	21.03	0		0.015400
17	64	5	0	0	60	60	106	60	60	7.37	0		0.005800
17	65	5	0	0	0	120	106	60	60	7.37	0		0.005800
17	68	10	0	114	0	0	56	60	39	3.12	0		0.004600
17	69	10	0	114	60	0	56	60	39	3.12	0		0.004600
17	66	6	0	0	120	0	30	30	50	4.82	0		0.026800
17	67	6	0	0	120	50	30	30	50	4.82	0		0.026800
5	19	3	0	30	120	0	56	35	34	1.85	0		0.004700
5	20	4	0	30	120	34	58	38	26	2.91	0		0.006600
5	21	4	0	30	120	60	58	38	26	2.91	0		0.006600
5	22	6	0	0	120	100	30	30	50	4.82	0		0.026800
7	29	8	1	114	0	39	114	60	60	21.03	0		0.015400
7	30	10	0	114	0	99	56	60	39	3.12	0		0.004600
7	31	10	0	106	60	99	56	60	39	3.12	0		0.004600
7	28	3	0	30	120	86	56	35	34	1.85	0		0.004700
19	73	8	0	174	0	0	114	60	60	21.03	0		0.015400
19	72	3	0	30	120	120	56	35	34	1.85	0		0.004700
19	74	9	0	88	120	0	44	22	55	1	0		0.005200
1	1	8	0	174	60	0	114	60	60	21.03	0		0.015400
1	2	8	0	174	0	60	114	60	60	21.03	0		0.015400


