Name:				54_Manual_n100_m300_bt10_4_720
Problem:			3L-VRPTW
Number_of_used_Vehicles:	1
Total_Travel_Distance:		38.47
Calculation_Time:		0.99
Total_Iterations:		1
ConstraintSet:			P1

-------------------------------------------------------------------------------------------------------------------
Tour_Id:			1
No_of_Customers:		6
No_of_Items:			26
Customer_Sequence:		21 10 12 1 2 7 

CustId	Id	TypeId	Rotated	x	y	z	Length	Width	Height	mass	Fragility	LoadBearingStrength
7	15	1	0	0	0	0	48	45	50	1.40	0		0.003200
7	17	3	0	0	45	0	42	39	44	1.29	0		0.003900
7	18	10	0	0	84	0	30	30	55	1.15	0		0.006400
7	16	2	0	0	114	0	96	60	60	6.95	1		0.001200
2	4	2	0	0	114	60	96	60	60	6.95	1		0.001200
1	3	9	0	42	45	0	95	60	60	15.34	0		0.013500
1	1	6	0	42	45	60	58	59	26	1.68	0		0.002500
1	2	6	0	42	45	86	58	59	26	1.68	0		0.002500
12	35	9	0	96	114	0	95	60	60	15.34	0		0.013500
12	36	9	0	96	104	60	95	60	60	15.34	0		0.013500
12	37	9	0	96	104	120	95	60	60	15.34	0		0.013500
12	32	5	0	42	45	112	59	46	50	4.61	0		0.008500
12	33	5	1	100	45	60	59	46	50	4.61	0		0.008500
12	34	6	0	42	45	162	58	59	26	1.68	0		0.002500
10	26	5	0	146	0	0	59	46	50	4.61	0		0.008500
10	27	6	1	146	46	0	58	59	26	1.68	0		0.002500
10	28	6	1	146	46	26	58	59	26	1.68	0		0.002500
10	29	10	0	0	0	50	30	30	55	1.15	0		0.006400
10	25	2	0	191	114	0	96	60	60	6.95	1		0.001200
21	63	9	0	205	0	0	95	60	60	15.34	0		0.013500
21	60	6	1	146	46	52	58	59	26	1.68	0		0.002500
21	61	7	0	146	46	78	52	56	25	3.73	0		0.006400
21	62	8	0	137	0	50	49	26	55	4.02	0		0.015800
21	64	10	0	137	0	105	30	30	55	1.15	0		0.006400
21	58	2	0	191	104	60	96	60	60	6.95	1		0.001200
21	59	2	0	191	104	120	96	60	60	6.95	1		0.001200


