Name:				67_Manual_n100_m400_bt100_2_915
Problem:			3L-VRPTW
Number_of_used_Vehicles:	1
Total_Travel_Distance:		23.03
Calculation_Time:		0.86
Total_Iterations:		1
ConstraintSet:			P1

-------------------------------------------------------------------------------------------------------------------
Tour_Id:			1
No_of_Customers:		5
No_of_Items:			22
Customer_Sequence:		13 34 1 26 12 

CustId	Id	TypeId	Rotated	x	y	z	Length	Width	Height	mass	Fragility	LoadBearingStrength
26	94	31	0	0	0	0	97	60	60	4.93	0		0.004200
1	3	31	0	0	60	0	97	60	60	4.93	0		0.004200
34	133	55	0	0	0	60	94	60	60	21.52	0		0.019100
13	40	76	0	0	60	60	94	60	60	19.36	0		0.017200
26	92	18	0	0	0	120	86	60	60	2.23	0		0.002200
1	2	18	0	0	60	120	86	60	60	2.23	0		0.002200
34	132	18	0	97	0	0	86	60	60	2.23	0		0.002200
1	1	14	0	94	0	60	79	60	60	8.36	0		0.008800
13	39	60	0	86	0	120	77	60	60	9.43	0		0.010200
34	135	92	0	97	60	0	74	60	60	12.70	0		0.014300
34	129	10	0	94	60	60	63	60	60	7.08	0		0.009400
26	91	6	0	0	120	0	51	46	56	2.27	0		0.004800
34	130	12	0	0	120	56	60	51	30	1.71	0		0.002800
34	131	13	0	0	120	86	23	51	56	3.16	0		0.013500
13	37	1	0	0	120	142	29	41	46	4.32	0		0.018200
12	36	32	0	23	120	86	37	49	26	4.51	0		0.012400
13	38	54	0	60	120	0	42	32	31	4.83	0		0.018000
34	134	61	0	60	152	0	58	20	26	2.86	0		0.012300
34	136	100	0	171	60	0	109	60	60	16.53	1		0.002500
12	34	4	0	86	60	120	89	60	60	15.54	1		0.002900
26	93	23	0	60	120	31	44	33	59	4.67	1		0.003200
12	35	29	1	118	120	0	49	59	22	4.24	1		0.001500


