Name:				74_Manual_n150_m200_bt10_4_629
Problem:			3L-VRPTW
Number_of_used_Vehicles:	1
Total_Travel_Distance:		364.94
Calculation_Time:		16.90
Total_Iterations:		1
ConstraintSet:			P1

-------------------------------------------------------------------------------------------------------------------
Tour_Id:			1
No_of_Customers:		67
No_of_Items:			89
Customer_Sequence:		16 7 36 20 44 14 32 10 8 28 29 49 56 41 67 40 50 65 43 64 61 9 6 25 51 38 58 70 48 42 27 11 13 47 63 23 17 37 59 30 31 26 12 18 22 60 33 52 35 62 54 71 57 15 21 5 45 1 46 3 39 69 19 53 55 24 4 

CustId	Id	TypeId	Rotated	x	y	z	Length	Width	Height	mass	Fragility	LoadBearingStrength
4	5	7	0	0	0	0	23	30	45	2.35	0		0.017000
24	32	10	0	0	30	0	34	50	47	3.93	0		0.011500
24	31	2	0	0	80	0	50	21	57	1.63	0		0.007700
55	71	1	0	0	101	0	20	39	45	2.90	0		0.018600
53	68	4	0	0	140	0	45	33	56	3.45	0		0.011600
19	24	8	0	20	101	0	54	36	40	1.36	0		0.003500
69	89	2	1	0	30	47	50	21	57	1.63	0		0.007700
69	90	6	1	0	140	56	23	45	37	2.72	0		0.013100
39	50	1	1	0	80	57	20	39	45	2.90	0		0.018600
3	3	2	0	0	140	93	50	21	57	1.63	0		0.007700
3	4	3	1	0	80	102	22	32	22	4.19	0		0.029700
46	59	9	0	34	0	0	50	53	31	1.36	0		0.002600
1	1	2	0	34	0	31	50	21	57	1.63	0		0.007700
45	58	4	0	34	21	31	45	33	56	3.45	0		0.011600
5	6	8	0	34	21	87	54	36	40	1.36	0		0.003500
21	26	10	1	34	21	127	34	50	47	3.93	0		0.011500
15	20	8	0	50	137	0	54	36	40	1.36	0		0.003500
15	19	1	1	0	80	124	20	39	45	2.90	0		0.018600
57	73	1	1	34	0	88	20	39	45	2.90	0		0.018600
57	74	3	0	45	101	40	22	32	22	4.19	0		0.029700
57	75	3	0	45	101	62	22	32	22	4.19	0		0.029700
71	93	8	0	50	137	40	54	36	40	1.36	0		0.003500
54	69	2	0	50	80	0	50	21	57	1.63	0		0.007700
54	70	3	0	45	101	84	22	32	22	4.19	0		0.029700
62	81	4	0	50	137	80	45	33	56	3.45	0		0.011600
62	82	7	0	45	101	106	23	30	45	2.35	0		0.017000
35	45	6	1	50	137	136	23	45	37	2.72	0		0.013100
52	67	10	1	74	101	0	34	50	47	3.93	0		0.011500
33	43	8	0	74	101	47	54	36	40	1.36	0		0.003500
60	79	4	0	74	101	87	45	33	56	3.45	0		0.011600
22	27	9	0	88	0	0	50	53	31	1.36	0		0.002600
22	28	10	1	74	101	143	34	50	47	3.93	0		0.011500
18	23	6	1	88	53	0	23	45	37	2.72	0		0.013100
12	16	3	0	88	0	31	22	32	22	4.19	0		0.029700
26	34	6	1	88	53	37	23	45	37	2.72	0		0.013100
31	40	5	0	104	137	0	51	34	33	4.67	0		0.013500
31	41	6	1	88	53	74	23	45	37	2.72	0		0.013100
30	39	10	1	104	137	33	34	50	47	3.93	0		0.011500
59	77	4	0	95	137	80	45	33	56	3.45	0		0.011600
59	78	10	1	95	135	136	34	50	47	3.93	0		0.011500
37	48	9	0	133	53	0	50	53	31	1.36	0		0.002600
17	22	10	0	110	0	31	34	50	47	3.93	0		0.011500
23	30	8	0	133	53	31	54	36	40	1.36	0		0.003500
23	29	2	0	88	53	111	50	21	57	1.63	0		0.007700
63	83	1	0	110	0	78	20	39	45	2.90	0		0.018600
47	60	4	0	138	50	71	45	33	56	3.45	0		0.011600
47	61	10	1	138	50	127	34	50	47	3.93	0		0.011500
13	17	3	0	110	0	123	22	32	22	4.19	0		0.029700
11	15	7	0	110	0	145	23	30	45	2.35	0		0.017000
27	36	6	0	144	0	0	23	45	37	2.72	0		0.013100
27	35	3	1	133	106	0	22	32	22	4.19	0		0.029700
42	54	1	1	133	106	22	20	39	45	2.90	0		0.018600
42	55	1	1	133	106	67	20	39	45	2.90	0		0.018600
48	62	7	1	133	106	112	23	30	45	2.35	0		0.017000
48	63	7	0	144	0	37	23	30	45	2.35	0		0.017000
70	91	4	0	155	137	0	45	33	56	3.45	0		0.011600
70	92	5	0	155	137	56	51	34	33	4.67	0		0.013500
58	76	1	0	144	0	82	20	39	45	2.90	0		0.018600
38	49	1	0	144	0	127	20	39	45	2.90	0		0.018600
51	66	7	0	155	137	89	23	30	45	2.35	0		0.017000
25	33	1	0	167	0	0	20	39	45	2.90	0		0.018600
6	8	8	0	187	0	0	54	36	40	1.36	0		0.003500
6	7	3	1	133	106	157	22	32	22	4.19	0		0.029700
9	12	5	0	187	0	40	51	34	33	4.67	0		0.013500
61	80	2	0	172	106	0	50	21	57	1.63	0		0.007700
64	84	10	1	187	0	73	34	50	47	3.93	0		0.011500
43	56	6	1	172	106	57	23	45	37	2.72	0		0.013100
65	85	1	1	172	106	94	20	39	45	2.90	0		0.018600
50	65	10	1	187	0	120	34	50	47	3.93	0		0.011500
40	52	6	1	172	106	139	23	45	37	2.72	0		0.013100
40	51	3	0	155	137	134	22	32	22	4.19	0		0.029700
67	87	1	0	222	36	0	20	39	45	2.90	0		0.018600
41	53	4	0	222	75	0	45	33	56	3.45	0		0.011600
56	72	3	0	155	137	156	22	32	22	4.19	0		0.029700
49	64	5	0	222	108	0	51	34	33	4.67	0		0.013500
29	38	3	0	187	0	167	22	32	22	4.19	0		0.029700
28	37	7	0	206	142	0	23	30	45	2.35	0		0.017000
8	11	7	0	206	142	45	23	30	45	2.35	0		0.017000
10	14	8	0	222	75	56	54	36	40	1.36	0		0.003500
10	13	2	0	222	111	33	50	21	57	1.63	0		0.007700
32	42	3	0	206	142	90	22	32	22	4.19	0		0.029700
14	18	5	0	222	75	96	51	34	33	4.67	0		0.013500
44	57	9	0	242	0	0	50	53	31	1.36	0		0.002600
20	25	2	0	217	111	90	50	21	57	1.63	0		0.007700
36	47	9	0	242	0	31	50	53	31	1.36	0		0.002600
36	46	8	0	222	75	129	54	36	40	1.36	0		0.003500
7	9	1	1	229	142	0	20	39	45	2.90	0		0.018600
7	10	1	1	229	142	45	20	39	45	2.90	0		0.018600
16	21	6	1	217	111	147	23	45	37	2.72	0		0.013100


