Name:				74_Manual_n150_m200_bt10_4_695
Problem:			3L-VRPTW
Number_of_used_Vehicles:	1
Total_Travel_Distance:		361.52
Calculation_Time:		14.51
Total_Iterations:		1
ConstraintSet:			P1

-------------------------------------------------------------------------------------------------------------------
Tour_Id:			1
No_of_Customers:		67
No_of_Items:			89
Customer_Sequence:		34 50 42 21 23 53 29 28 19 52 6 15 30 51 13 24 14 62 38 61 18 47 37 64 71 58 20 7 59 26 55 12 66 11 60 40 57 17 44 35 69 16 33 10 46 45 31 9 2 67 70 36 25 8 3 22 49 27 39 5 65 1 48 4 54 41 43 

CustId	Id	TypeId	Rotated	x	y	z	Length	Width	Height	mass	Fragility	LoadBearingStrength
43	56	6	0	0	0	0	23	45	37	2.72	0		0.013100
41	53	4	0	0	45	0	45	33	56	3.45	0		0.011600
54	69	2	0	0	78	0	50	21	57	1.63	0		0.007700
54	70	3	0	0	99	0	22	32	22	4.19	0		0.029700
4	5	7	0	0	131	0	23	30	45	2.35	0		0.017000
48	62	7	0	0	99	22	23	30	45	2.35	0		0.017000
48	63	7	0	0	0	37	23	30	45	2.35	0		0.017000
1	1	2	0	0	45	56	50	21	57	1.63	0		0.007700
65	85	1	0	0	131	45	20	39	45	2.90	0		0.018600
5	6	8	0	23	0	0	54	36	40	1.36	0		0.003500
39	50	1	1	0	78	57	20	39	45	2.90	0		0.018600
27	36	6	1	0	78	102	23	45	37	2.72	0		0.013100
27	35	3	0	0	99	67	22	32	22	4.19	0		0.029700
49	64	5	0	23	131	0	51	34	33	4.67	0		0.013500
22	27	9	0	50	78	0	50	53	31	1.36	0		0.002600
22	28	10	1	23	131	33	34	50	47	3.93	0		0.011500
3	3	2	0	0	45	113	50	21	57	1.63	0		0.007700
3	4	3	0	20	131	80	22	32	22	4.19	0		0.029700
8	11	7	1	0	0	82	23	30	45	2.35	0		0.017000
25	33	1	1	0	0	127	20	39	45	2.90	0		0.018600
36	47	9	0	50	78	31	50	53	31	1.36	0		0.002600
36	46	8	0	50	36	0	54	36	40	1.36	0		0.003500
70	91	4	0	39	0	40	45	33	56	3.45	0		0.011600
70	92	5	0	39	0	96	51	34	33	4.67	0		0.013500
67	87	1	0	20	131	102	20	39	45	2.90	0		0.018600
2	2	3	0	20	131	147	22	32	22	4.19	0		0.029700
9	12	5	0	39	0	129	51	34	33	4.67	0		0.013500
31	40	5	0	50	36	40	51	34	33	4.67	0		0.013500
31	41	6	0	50	78	62	23	45	37	2.72	0		0.013100
45	58	4	0	50	34	73	45	33	56	3.45	0		0.011600
46	59	9	0	100	78	0	50	53	31	1.36	0		0.002600
10	14	8	0	50	34	129	54	36	40	1.36	0		0.003500
10	13	2	0	74	131	0	50	21	57	1.63	0		0.007700
33	43	8	0	100	72	31	54	36	40	1.36	0		0.003500
16	21	6	1	73	131	57	23	45	37	2.72	0		0.013100
69	89	2	0	73	131	94	50	21	57	1.63	0		0.007700
69	90	6	1	73	131	151	23	45	37	2.72	0		0.013100
35	45	6	1	90	0	0	23	45	37	2.72	0		0.013100
44	57	9	0	135	0	0	50	53	31	1.36	0		0.002600
17	22	10	1	100	72	71	34	50	47	3.93	0		0.011500
57	73	1	1	100	108	31	20	39	45	2.90	0		0.018600
57	74	3	1	100	108	76	22	32	22	4.19	0		0.029700
57	75	3	1	100	108	98	22	32	22	4.19	0		0.029700
40	52	6	1	90	0	37	23	45	37	2.72	0		0.013100
40	51	3	0	100	72	118	22	32	22	4.19	0		0.029700
60	79	4	0	124	131	0	45	33	56	3.45	0		0.011600
11	15	7	1	100	108	120	23	30	45	2.35	0		0.017000
66	86	3	0	100	72	140	22	32	22	4.19	0		0.029700
12	16	3	0	100	72	162	22	32	22	4.19	0		0.029700
55	71	1	0	124	131	56	20	39	45	2.90	0		0.018600
26	34	6	1	90	0	74	23	45	37	2.72	0		0.013100
59	77	4	0	135	0	31	45	33	56	3.45	0		0.011600
59	78	10	1	135	0	87	34	50	47	3.93	0		0.011500
7	9	1	0	123	131	101	20	39	45	2.90	0		0.018600
7	10	1	1	135	0	134	20	39	45	2.90	0		0.018600
20	25	2	0	169	53	0	50	21	57	1.63	0		0.007700
58	76	1	0	144	131	56	20	39	45	2.90	0		0.018600
71	93	8	0	169	74	0	54	36	40	1.36	0		0.003500
64	84	10	0	169	110	0	34	50	47	3.93	0		0.011500
37	48	9	0	185	0	0	50	53	31	1.36	0		0.002600
47	60	4	0	169	74	40	45	33	56	3.45	0		0.011600
47	61	10	0	169	110	47	34	50	47	3.93	0		0.011500
18	23	6	0	169	110	94	23	45	37	2.72	0		0.013100
61	80	2	0	169	53	57	50	21	57	1.63	0		0.007700
38	49	1	1	169	74	96	20	39	45	2.90	0		0.018600
62	81	4	0	185	0	31	45	33	56	3.45	0		0.011600
62	82	7	0	169	110	131	23	30	45	2.35	0		0.017000
14	18	5	0	185	0	87	51	34	33	4.67	0		0.013500
24	32	10	1	185	0	120	34	50	47	3.93	0		0.011500
24	31	2	0	169	53	114	50	21	57	1.63	0		0.007700
13	17	3	1	169	74	141	22	32	22	4.19	0		0.029700
51	66	7	0	203	110	0	23	30	45	2.35	0		0.017000
30	39	10	1	203	140	0	34	50	47	3.93	0		0.011500
15	20	8	0	223	74	0	54	36	40	1.36	0		0.003500
15	19	1	1	203	140	47	20	39	45	2.90	0		0.018600
6	8	8	0	214	74	40	54	36	40	1.36	0		0.003500
6	7	3	0	185	0	167	22	32	22	4.19	0		0.029700
52	67	10	1	214	74	80	34	50	47	3.93	0		0.011500
19	24	8	0	208	74	127	54	36	40	1.36	0		0.003500
28	37	7	0	203	110	45	23	30	45	2.35	0		0.017000
29	38	3	1	203	140	92	22	32	22	4.19	0		0.029700
53	68	4	0	236	0	0	45	33	56	3.45	0		0.011600
23	30	8	0	236	33	0	54	36	40	1.36	0		0.003500
23	29	2	0	226	110	0	50	21	57	1.63	0		0.007700
21	26	10	1	236	33	40	34	50	47	3.93	0		0.011500
42	54	1	1	203	140	114	20	39	45	2.90	0		0.018600
42	55	1	1	226	110	57	20	39	45	2.90	0		0.018600
50	65	10	1	236	33	87	34	50	47	3.93	0		0.011500
34	44	7	1	226	110	102	23	30	45	2.35	0		0.017000


