Name:				016_n020_m200_bt3_113
Problem:			3L-VRPTW
Number_of_used_Vehicles:	1
Total_Travel_Distance:		517.89
Calculation_Time:		46.62
Total_Iterations:		1
ConstraintSet:			P1

-------------------------------------------------------------------------------------------------------------------
Tour_Id:			1
No_of_Customers:		11
No_of_Items:			117
Customer_Sequence:		10 12 11 2 15 4 7 5 1 8 3 

CustId	Id	TypeId	Rotated	x	y	z	Length	Width	Height	mass	Fragility	LoadBearingStrength
3	30	2	0	0	0	0	8	6	8	183.43	0		18.851499
3	31	2	0	0	6	0	8	6	8	183.43	0		18.851499
3	32	2	0	0	12	0	8	6	8	183.43	0		18.851499
3	27	1	0	0	18	0	13	3	6	73.34	0		6.327247
3	28	1	0	0	21	0	13	3	6	73.34	0		6.327247
3	29	1	0	0	18	6	13	3	6	73.34	0		6.327247
3	33	3	0	0	21	6	15	3	7	166.59	1		5.637457
3	34	3	1	0	0	8	15	3	7	166.59	1		5.637457
8	78	2	1	3	0	8	8	6	8	183.43	0		18.851499
8	79	2	1	3	8	8	8	6	8	183.43	0		18.851499
8	75	1	0	0	18	12	13	3	6	73.34	0		6.327247
8	76	1	0	0	18	18	13	3	6	73.34	0		6.327247
8	77	1	0	0	18	24	13	3	6	73.34	0		6.327247
8	80	3	0	0	21	13	15	3	7	166.59	1		5.637457
8	81	3	1	0	0	15	15	3	7	166.59	1		5.637457
8	82	3	0	0	21	20	15	3	7	166.59	1		5.637457
1	9	2	0	3	0	16	8	6	8	183.43	0		18.851499
1	10	2	0	3	6	16	8	6	8	183.43	0		18.851499
1	11	2	0	9	0	0	8	6	8	183.43	0		18.851499
1	1	1	1	3	0	24	13	3	6	73.34	0		6.327247
1	2	1	1	6	0	24	13	3	6	73.34	0		6.327247
1	3	1	0	9	6	0	13	3	6	73.34	0		6.327247
1	4	1	0	9	9	0	13	3	6	73.34	0		6.327247
1	5	1	0	9	12	0	13	3	6	73.34	0		6.327247
1	6	1	0	9	15	0	13	3	6	73.34	0		6.327247
1	7	1	0	9	6	6	13	3	6	73.34	0		6.327247
1	8	1	0	9	9	6	13	3	6	73.34	0		6.327247
1	12	3	1	0	0	22	15	3	7	166.59	1		5.637457
1	13	3	0	9	12	6	15	3	7	166.59	1		5.637457
7	65	1	0	9	15	6	13	3	6	73.34	0		6.327247
1	15	3	0	9	12	13	15	3	7	166.59	1		5.637457
5	50	2	0	11	0	8	8	6	8	183.43	0		18.851499
5	51	2	0	11	0	16	8	6	8	183.43	0		18.851499
5	52	2	0	11	6	12	8	6	8	183.43	0		18.851499
5	46	1	0	9	0	24	13	3	6	73.34	0		6.327247
5	47	1	0	9	3	24	13	3	6	73.34	0		6.327247
5	48	1	0	13	18	0	13	3	6	73.34	0		6.327247
5	49	1	0	13	18	6	13	3	6	73.34	0		6.327247
5	53	3	0	9	12	20	15	3	7	166.59	1		5.637457
5	54	3	0	13	18	12	15	3	7	166.59	1		5.637457
5	55	3	0	13	18	19	15	3	7	166.59	1		5.637457
5	56	3	0	15	21	0	15	3	7	166.59	1		5.637457
5	57	3	0	15	21	7	15	3	7	166.59	1		5.637457
7	68	2	0	11	6	20	8	6	8	183.43	0		18.851499
7	69	2	0	22	0	0	8	6	8	183.43	0		18.851499
7	70	2	0	22	6	0	8	6	8	183.43	0		18.851499
7	71	2	0	22	0	8	8	6	8	183.43	0		18.851499
1	14	3	0	24	12	0	15	3	7	166.59	1		5.637457
7	66	1	0	9	15	12	13	3	6	73.34	0		6.327247
7	67	1	0	9	15	18	13	3	6	73.34	0		6.327247
7	72	3	0	15	21	14	15	3	7	166.59	1		5.637457
7	73	3	0	15	21	21	15	3	7	166.59	1		5.637457
7	74	3	0	22	15	0	15	3	7	166.59	1		5.637457
4	37	2	0	22	6	8	8	6	8	183.43	0		18.851499
4	38	2	0	22	0	16	8	6	8	183.43	0		18.851499
4	39	2	0	22	6	16	8	6	8	183.43	0		18.851499
4	40	2	0	30	0	0	8	6	8	183.43	0		18.851499
4	35	1	0	9	15	24	13	3	6	73.34	0		6.327247
4	36	1	0	28	18	0	13	3	6	73.34	0		6.327247
4	41	3	0	22	15	7	15	3	7	166.59	1		5.637457
4	42	3	0	22	15	14	15	3	7	166.59	1		5.637457
4	43	3	0	22	15	21	15	3	7	166.59	1		5.637457
4	44	3	0	24	12	7	15	3	7	166.59	1		5.637457
4	45	3	0	24	12	14	15	3	7	166.59	1		5.637457
15	146	2	0	30	6	0	8	6	8	183.43	0		18.851499
15	147	2	0	30	0	8	8	6	8	183.43	0		18.851499
15	148	2	0	30	6	8	8	6	8	183.43	0		18.851499
15	144	1	0	28	18	6	13	3	6	73.34	0		6.327247
15	145	1	0	28	18	12	13	3	6	73.34	0		6.327247
15	149	3	0	24	12	21	15	3	7	166.59	1		5.637457
15	150	3	0	28	18	18	15	3	7	166.59	1		5.637457
15	151	3	0	30	21	0	15	3	7	166.59	1		5.637457
15	152	3	0	30	21	7	15	3	7	166.59	1		5.637457
2	20	2	0	30	0	16	8	6	8	183.43	0		18.851499
2	21	2	0	30	6	16	8	6	8	183.43	0		18.851499
2	22	2	0	38	0	0	8	6	8	183.43	0		18.851499
2	16	1	0	22	0	24	13	3	6	73.34	0		6.327247
2	17	1	0	22	3	24	13	3	6	73.34	0		6.327247
2	18	1	0	19	6	24	13	3	6	73.34	0		6.327247
2	19	1	0	19	9	24	13	3	6	73.34	0		6.327247
2	23	3	0	30	21	14	15	3	7	166.59	1		5.637457
2	24	3	0	30	21	21	15	3	7	166.59	1		5.637457
2	25	3	0	37	15	0	15	3	7	166.59	1		5.637457
2	26	3	0	37	15	7	15	3	7	166.59	1		5.637457
11	104	2	0	38	6	0	8	6	8	183.43	0		18.851499
11	105	2	0	38	0	8	8	6	8	183.43	0		18.851499
11	106	2	0	38	6	8	8	6	8	183.43	0		18.851499
11	107	2	0	38	0	16	8	6	8	183.43	0		18.851499
11	102	1	0	35	0	24	13	3	6	73.34	0		6.327247
11	103	1	0	35	3	24	13	3	6	73.34	0		6.327247
11	108	3	0	37	15	14	15	3	7	166.59	1		5.637457
11	109	3	0	37	15	21	15	3	7	166.59	1		5.637457
11	110	3	0	39	12	0	15	3	7	166.59	1		5.637457
11	111	3	0	39	12	7	15	3	7	166.59	1		5.637457
11	112	3	0	39	12	14	15	3	7	166.59	1		5.637457
12	116	2	0	38	6	16	8	6	8	183.43	0		18.851499
12	117	2	0	46	6	0	8	6	8	183.43	0		18.851499
12	113	1	0	32	6	24	13	3	6	73.34	0		6.327247
12	114	1	0	32	9	24	13	3	6	73.34	0		6.327247
12	115	1	0	43	18	0	13	3	6	73.34	0		6.327247
12	118	3	0	39	12	21	15	3	7	166.59	1		5.637457
12	119	3	0	43	18	6	15	3	7	166.59	1		5.637457
12	120	3	0	43	18	13	15	3	7	166.59	1		5.637457
12	121	3	0	43	18	20	15	3	7	166.59	1		5.637457
12	122	3	0	45	21	0	15	3	7	166.59	1		5.637457
10	92	2	0	46	6	8	8	6	8	183.43	0		18.851499
10	93	2	0	46	6	16	8	6	8	183.43	0		18.851499
10	94	2	1	54	0	0	8	6	8	183.43	0		18.851499
10	95	2	1	54	8	0	8	6	8	183.43	0		18.851499
10	96	2	1	54	0	8	8	6	8	183.43	0		18.851499
10	97	2	1	54	8	8	8	6	8	183.43	0		18.851499
10	98	2	1	54	0	16	8	6	8	183.43	0		18.851499
10	99	2	1	54	8	16	8	6	8	183.43	0		18.851499
10	90	1	0	45	6	24	13	3	6	73.34	0		6.327247
10	91	1	0	45	9	24	13	3	6	73.34	0		6.327247
10	100	3	0	45	21	7	15	3	7	166.59	1		5.637457
10	101	3	0	45	21	14	15	3	7	166.59	1		5.637457


