Name:				196_n100_m200_bt3_1229
Problem:			3L-VRPTW
Number_of_used_Vehicles:	1
Total_Travel_Distance:		2032.96
Calculation_Time:		77.60
Total_Iterations:		1
ConstraintSet:			P1

-------------------------------------------------------------------------------------------------------------------
Tour_Id:			1
No_of_Customers:		51
No_of_Items:			107
Customer_Sequence:		5 41 18 46 28 54 14 3 8 10 4 34 36 16 13 19 1 23 42 15 40 26 21 9 52 48 22 29 38 17 47 7 44 6 43 11 25 31 30 45 20 32 53 35 2 49 50 37 27 24 51 

CustId	Id	TypeId	Rotated	x	y	z	Length	Width	Height	mass	Fragility	LoadBearingStrength
51	104	3	0	0	0	0	10	5	6	276.12	0		30.030408
51	103	2	0	0	5	0	12	3	7	160.63	0		22.010597
24	46	2	0	0	8	0	12	3	7	160.63	0		22.010597
24	45	1	0	0	11	0	13	7	5	640.40	1		51.587458
27	53	3	0	0	18	0	10	5	6	276.12	0		30.030408
27	52	2	0	0	0	6	12	3	7	160.63	0		22.010597
37	76	3	0	0	18	6	10	5	6	276.12	0		30.030408
37	74	2	0	0	5	7	12	3	7	160.63	0		22.010597
37	75	2	0	0	8	7	12	3	7	160.63	0		22.010597
50	102	3	0	0	18	12	10	5	6	276.12	0		30.030408
50	101	1	0	0	11	5	13	7	5	640.40	1		51.587458
49	100	3	0	0	5	14	10	5	6	276.12	0		30.030408
49	98	1	0	0	11	10	13	7	5	640.40	1		51.587458
49	99	1	0	0	10	15	13	7	5	640.40	1		51.587458
2	3	1	0	0	5	20	13	7	5	640.40	1		51.587458
35	72	3	0	0	17	18	10	5	6	276.12	0		30.030408
35	71	2	0	0	0	13	12	3	7	160.63	0		22.010597
35	70	1	0	0	5	25	13	7	5	640.40	1		51.587458
53	107	1	0	10	18	0	13	7	5	640.40	1		51.587458
32	65	3	0	0	17	24	10	5	6	276.12	0		30.030408
32	63	1	0	10	18	5	13	7	5	640.40	1		51.587458
32	64	1	0	10	18	10	13	7	5	640.40	1		51.587458
20	38	3	0	12	0	0	10	5	6	276.12	0		30.030408
20	37	2	0	0	0	20	12	3	7	160.63	0		22.010597
45	89	3	0	12	0	6	10	5	6	276.12	0		30.030408
45	90	3	0	12	0	12	10	5	6	276.12	0		30.030408
45	88	2	0	12	0	18	12	3	7	160.63	0		22.010597
30	60	2	0	13	5	0	12	3	7	160.63	0		22.010597
30	58	1	0	10	17	15	13	7	5	640.40	1		51.587458
30	59	1	0	10	17	20	13	7	5	640.40	1		51.587458
31	62	2	0	13	8	0	12	3	7	160.63	0		22.010597
31	61	1	0	10	17	25	13	7	5	640.40	1		51.587458
25	47	3	0	13	11	0	10	5	6	276.12	0		30.030408
25	48	3	0	13	11	6	10	5	6	276.12	0		30.030408
11	20	1	0	23	11	0	13	7	5	640.40	1		51.587458
43	86	3	0	13	5	7	10	5	6	276.12	0		30.030408
47	95	3	0	13	10	12	10	5	6	276.12	0		30.030408
6	11	1	0	23	18	0	13	7	5	640.40	1		51.587458
44	87	1	0	23	11	5	13	7	5	640.40	1		51.587458
7	12	3	0	13	5	13	10	5	6	276.12	0		30.030408
7	13	3	0	13	5	19	10	5	6	276.12	0		30.030408
43	85	2	0	24	0	0	12	3	7	160.63	0		22.010597
47	96	3	0	13	10	18	10	5	6	276.12	0		30.030408
47	94	2	0	24	0	7	12	3	7	160.63	0		22.010597
17	32	3	0	13	10	24	10	5	6	276.12	0		30.030408
17	33	3	0	25	3	0	10	5	6	276.12	0		30.030408
38	77	3	0	25	3	6	10	5	6	276.12	0		30.030408
29	57	2	0	23	3	12	12	3	7	160.63	0		22.010597
29	56	1	0	23	18	5	13	7	5	640.40	1		51.587458
22	43	2	0	23	3	19	12	3	7	160.63	0		22.010597
22	41	1	0	23	11	10	13	7	5	640.40	1		51.587458
22	42	1	0	23	18	10	13	7	5	640.40	1		51.587458
48	97	3	0	35	3	0	10	5	6	276.12	0		30.030408
52	106	3	0	35	3	6	10	5	6	276.12	0		30.030408
52	105	2	0	24	0	14	12	3	7	160.63	0		22.010597
9	17	2	0	24	0	21	12	3	7	160.63	0		22.010597
9	16	1	0	23	11	15	13	7	5	640.40	1		51.587458
21	40	3	0	35	3	12	10	5	6	276.12	0		30.030408
21	39	1	0	23	18	15	13	7	5	640.40	1		51.587458
26	51	3	0	35	3	18	10	5	6	276.12	0		30.030408
26	50	2	0	25	8	0	12	3	7	160.63	0		22.010597
26	49	1	0	23	11	20	13	7	5	640.40	1		51.587458
40	81	3	0	35	3	24	10	5	6	276.12	0		30.030408
40	79	2	0	23	8	7	12	3	7	160.63	0		22.010597
40	80	2	0	23	8	14	12	3	7	160.63	0		22.010597
15	27	1	0	23	18	20	13	7	5	640.40	1		51.587458
15	28	1	0	23	11	25	13	7	5	640.40	1		51.587458
42	84	2	0	23	8	21	12	3	7	160.63	0		22.010597
42	83	1	0	23	18	25	13	7	5	640.40	1		51.587458
23	44	1	0	36	11	0	13	7	5	640.40	1		51.587458
1	2	2	0	36	0	0	12	3	7	160.63	0		22.010597
1	1	1	0	36	18	0	13	7	5	640.40	1		51.587458
19	36	2	0	36	0	7	12	3	7	160.63	0		22.010597
19	35	1	0	36	11	5	13	7	5	640.40	1		51.587458
13	23	3	0	45	3	0	10	5	6	276.12	0		30.030408
13	22	1	0	36	18	5	13	7	5	640.40	1		51.587458
16	31	3	0	45	3	6	10	5	6	276.12	0		30.030408
16	30	2	0	36	0	14	12	3	7	160.63	0		22.010597
16	29	1	0	36	11	10	13	7	5	640.40	1		51.587458
36	73	2	0	36	0	21	12	3	7	160.63	0		22.010597
34	69	3	0	45	3	12	10	5	6	276.12	0		30.030408
34	67	2	0	37	8	0	12	3	7	160.63	0		22.010597
34	68	2	0	35	8	7	12	3	7	160.63	0		22.010597
4	8	2	0	35	8	14	12	3	7	160.63	0		22.010597
4	6	1	0	36	18	10	13	7	5	640.40	1		51.587458
4	7	1	0	36	11	15	13	7	5	640.40	1		51.587458
10	19	3	0	45	3	18	10	5	6	276.12	0		30.030408
10	18	1	0	36	18	15	13	7	5	640.40	1		51.587458
8	14	3	0	45	3	24	10	5	6	276.12	0		30.030408
8	15	3	0	49	8	0	10	5	6	276.12	0		30.030408
3	5	3	0	49	13	0	10	5	6	276.12	0		30.030408
3	4	2	0	35	8	21	12	3	7	160.63	0		22.010597
14	25	3	0	49	18	0	10	5	6	276.12	0		30.030408
14	26	3	0	49	8	6	10	5	6	276.12	0		30.030408
14	24	1	0	36	11	20	13	7	5	640.40	1		51.587458
54	109	2	0	47	8	12	12	3	7	160.63	0		22.010597
54	110	2	0	47	8	19	12	3	7	160.63	0		22.010597
54	108	1	0	36	18	20	13	7	5	640.40	1		51.587458
28	55	3	0	49	13	6	10	5	6	276.12	0		30.030408
28	54	1	0	36	11	25	13	7	5	640.40	1		51.587458
46	93	3	0	49	18	6	10	5	6	276.12	0		30.030408
46	92	2	0	48	0	0	12	3	7	160.63	0		22.010597
46	91	1	0	36	18	25	13	7	5	640.40	1		51.587458
18	34	2	0	48	0	7	12	3	7	160.63	0		22.010597
41	82	3	0	49	11	12	10	5	6	276.12	0		30.030408
5	10	3	0	49	16	12	10	5	6	276.12	0		30.030408
5	9	1	1	49	11	18	13	7	5	640.40	1		51.587458


