Name:				008_n020_m200_bt10_835
Problem:			3L-VRPTW
Number_of_used_Vehicles:	1
Total_Travel_Distance:		425.20
Calculation_Time:		215.53
Total_Iterations:		1
ConstraintSet:			P1

-------------------------------------------------------------------------------------------------------------------
Tour_Id:			1
No_of_Customers:		11
No_of_Items:			116
Customer_Sequence:		16 10 12 4 9 8 6 3 14 11 13 

CustId	Id	TypeId	Rotated	x	y	z	Length	Width	Height	mass	Fragility	LoadBearingStrength
13	118	3	0	0	0	0	6	5	8	55.09	0		10.928803
13	127	9	0	0	5	0	14	3	4	112.24	0		17.564025
13	119	4	0	0	8	0	12	4	3	41.03	0		7.757519
13	120	5	0	0	12	0	12	3	4	68.63	0		29.568598
13	121	5	0	0	15	0	12	3	4	68.63	0		29.568598
13	122	5	0	0	18	0	12	3	4	68.63	0		29.568598
13	123	5	0	0	21	0	12	3	4	68.63	0		29.568598
13	124	8	0	0	8	3	8	4	3	68.22	0		14.293865
14	135	6	0	0	5	4	17	3	4	40.12	0		3.076361
13	126	8	0	0	12	4	8	4	3	68.22	0		14.293865
11	102	3	0	0	16	4	6	5	8	55.09	0		10.928803
11	104	6	0	6	0	0	17	3	4	40.12	0		3.076361
11	103	5	0	0	21	4	12	3	4	68.63	0		29.568598
11	101	1	0	12	8	0	12	5	4	36.30	1		0.969557
11	105	7	0	0	8	6	9	3	8	103.09	1		9.040069
11	106	7	0	0	12	7	9	3	8	103.09	1		9.040069
11	107	7	0	0	21	8	9	3	8	103.09	1		9.040069
13	125	8	0	12	13	0	8	4	3	68.22	0		14.293865
14	129	2	0	0	5	8	17	3	8	48.09	0		4.651403
14	130	2	0	0	5	16	17	3	8	48.09	0		4.651403
14	131	3	0	0	0	8	6	5	8	55.09	0		10.928803
14	132	3	0	0	16	12	6	5	8	55.09	0		10.928803
14	128	2	0	6	0	4	17	3	8	48.09	0		4.651403
14	137	9	0	0	5	24	14	3	4	112.24	0		17.564025
14	138	9	0	6	0	12	14	3	4	112.24	0		17.564025
14	133	4	0	0	0	16	12	4	3	41.03	0		7.757519
14	134	5	0	0	0	19	12	3	4	68.63	0		29.568598
14	139	10	0	0	0	23	9	4	3	72.73	0		30.221439
14	140	10	0	0	0	26	9	4	3	72.73	0		30.221439
14	141	10	0	12	17	0	9	4	3	72.73	0		30.221439
14	136	7	0	0	8	14	9	3	8	103.09	1		9.040069
3	23	2	0	12	21	0	17	3	8	48.09	0		4.651403
3	24	2	0	9	21	8	17	3	8	48.09	0		4.651403
3	25	3	0	0	16	20	6	5	8	55.09	0		10.928803
3	28	6	0	9	21	16	17	3	4	40.12	0		3.076361
8	77	8	0	6	16	4	8	4	3	68.22	0		14.293865
3	27	5	0	9	21	20	12	3	4	68.63	0		29.568598
3	21	1	0	12	8	4	12	5	4	36.30	1		0.969557
3	26	4	0	9	21	24	12	4	3	41.03	0		7.757519
3	29	7	0	0	12	15	9	3	8	103.09	1		9.040069
3	30	7	0	0	21	16	9	3	8	103.09	1		9.040069
6	48	2	0	20	13	0	17	3	8	48.09	0		4.651403
6	49	3	0	23	0	0	6	5	8	55.09	0		10.928803
6	57	9	0	20	13	8	14	3	4	112.24	0		17.564025
6	50	5	0	20	13	12	12	3	4	68.63	0		29.568598
6	51	5	0	20	13	16	12	3	4	68.63	0		29.568598
6	58	10	0	9	21	27	9	4	3	72.73	0		30.221439
6	56	8	0	12	0	16	8	4	3	68.22	0		14.293865
6	47	1	0	12	8	8	12	5	4	36.30	1		0.969557
6	52	7	0	0	8	22	9	3	8	103.09	1		9.040069
6	53	7	0	12	8	12	9	3	8	103.09	1		9.040069
6	54	7	0	12	0	19	9	3	8	103.09	1		9.040069
6	55	7	0	12	8	20	9	3	8	103.09	1		9.040069
8	70	2	0	21	17	0	17	3	8	48.09	0		4.651403
8	71	3	0	6	16	7	6	5	8	55.09	0		10.928803
3	22	1	0	24	8	0	12	5	4	36.30	1		0.969557
8	72	4	0	20	13	20	12	4	3	41.03	0		7.757519
8	73	5	0	20	13	23	12	3	4	68.63	0		29.568598
8	78	10	0	20	13	27	9	4	3	72.73	0		30.221439
8	74	6	0	21	17	8	17	3	4	40.12	0		3.076361
8	68	1	0	24	8	4	12	5	4	36.30	1		0.969557
8	69	1	0	24	8	8	12	5	4	36.30	1		0.969557
8	75	7	0	21	8	12	9	3	8	103.09	1		9.040069
8	76	7	0	21	17	12	9	3	8	103.09	1		9.040069
9	80	2	0	23	5	0	17	3	8	48.09	0		4.651403
9	86	6	0	23	5	8	17	3	4	40.12	0		3.076361
9	81	4	0	29	0	0	12	4	3	41.03	0		7.757519
9	82	4	0	29	21	0	12	4	3	41.03	0		7.757519
9	83	4	0	29	0	3	12	4	3	41.03	0		7.757519
9	84	4	0	29	21	3	12	4	3	41.03	0		7.757519
9	85	5	0	23	5	12	12	3	4	68.63	0		29.568598
9	89	10	0	29	0	6	9	4	3	72.73	0		30.221439
10	94	6	0	36	8	0	17	3	4	40.12	0		3.076361
9	79	1	0	41	0	0	12	5	4	36.30	1		0.969557
9	87	7	0	20	17	20	9	3	8	103.09	1		9.040069
4	31	2	0	37	13	0	17	3	8	48.09	0		4.651403
12	114	8	0	29	21	6	8	4	3	68.22	0		14.293865
4	33	2	0	34	13	8	17	3	8	48.09	0		4.651403
16	155	5	0	23	5	16	12	3	4	68.63	0		29.568598
12	117	8	0	29	0	9	8	4	3	68.22	0		14.293865
4	34	4	0	34	13	16	12	4	3	41.03	0		7.757519
4	35	5	0	34	13	19	12	3	4	68.63	0		29.568598
4	37	7	0	21	8	20	9	3	8	103.09	1		9.040069
12	111	3	0	29	0	12	6	5	8	55.09	0		10.928803
12	113	6	0	38	17	0	17	3	4	40.12	0		3.076361
12	112	4	0	34	13	23	12	4	3	41.03	0		7.757519
4	32	2	0	40	5	0	17	3	8	48.09	0		4.651403
12	115	8	0	29	21	9	8	4	3	68.22	0		14.293865
12	116	8	0	29	21	12	8	4	3	68.22	0		14.293865
4	38	9	0	40	5	8	14	3	4	112.24	0		17.564025
12	108	1	0	34	13	26	12	5	4	36.30	1		0.969557
12	109	1	0	41	0	4	12	5	4	36.30	1		0.969557
12	110	1	0	41	0	8	12	5	4	36.30	1		0.969557
9	88	8	0	30	17	12	8	4	3	68.22	0		14.293865
10	98	9	0	35	5	12	14	3	4	112.24	0		17.564025
10	99	9	0	36	8	4	14	3	4	112.24	0		17.564025
10	91	4	0	36	8	8	12	4	3	41.03	0		7.757519
10	92	5	0	36	8	11	12	3	4	68.63	0		29.568598
10	93	5	0	36	8	15	12	3	4	68.63	0		29.568598
10	100	10	0	29	21	15	9	4	3	72.73	0		30.221439
10	96	8	0	29	21	18	8	4	3	68.22	0		14.293865
10	97	8	0	29	0	20	8	4	3	68.22	0		14.293865
10	90	1	0	41	0	12	12	5	4	36.30	1		0.969557
10	95	7	0	29	21	21	9	3	8	103.09	1		9.040069
16	151	2	0	35	5	16	17	3	8	48.09	0		4.651403
16	152	3	0	53	0	0	6	5	8	55.09	0		10.928803
16	156	6	0	35	5	24	17	3	4	40.12	0		3.076361
16	162	9	0	36	8	19	14	3	4	112.24	0		17.564025
16	153	4	0	36	8	23	12	4	3	41.03	0		7.757519
16	154	4	0	36	8	26	12	4	3	41.03	0		7.757519
4	36	6	0	41	21	0	17	3	4	40.12	0		3.076361
16	158	8	0	29	0	23	8	4	3	68.22	0		14.293865
16	159	8	0	29	0	26	8	4	3	68.22	0		14.293865
16	160	8	0	41	21	4	8	4	3	68.22	0		14.293865
16	161	8	0	41	21	7	8	4	3	68.22	0		14.293865
16	157	7	0	23	5	20	9	3	8	103.09	1		9.040069


