Name:				020_n020_m200_bt3_1867
Problem:			3L-VRPTW
Number_of_used_Vehicles:	1
Total_Travel_Distance:		318.77
Calculation_Time:		16.31
Total_Iterations:		1
ConstraintSet:			P1

-------------------------------------------------------------------------------------------------------------------
Tour_Id:			1
No_of_Customers:		7
No_of_Items:			76
Customer_Sequence:		2 15 1 9 11 7 4 

CustId	Id	TypeId	Rotated	x	y	z	Length	Width	Height	mass	Fragility	LoadBearingStrength
4	42	3	0	0	0	0	11	5	8	114.82	0		10.430041
4	43	3	0	0	5	0	11	5	8	114.82	0		10.430041
4	44	3	0	0	10	0	11	5	8	114.82	0		10.430041
4	33	1	0	0	15	0	14	3	6	34.60	0		5.512208
4	34	1	0	0	18	0	14	3	6	34.60	0		5.512208
4	35	1	0	0	21	0	14	3	6	34.60	0		5.512208
4	36	1	0	0	15	6	14	3	6	34.60	0		5.512208
4	37	2	0	0	18	6	13	3	5	28.58	1		1.717962
4	38	2	0	0	21	6	13	3	5	28.58	1		1.717962
2	13	1	0	0	0	8	14	3	6	34.60	0		5.512208
4	40	2	0	0	3	8	13	3	5	28.58	1		1.717962
4	41	2	0	0	6	8	13	3	5	28.58	1		1.717962
7	70	3	0	0	9	8	11	5	8	114.82	0		10.430041
7	71	3	0	0	9	16	11	5	8	114.82	0		10.430041
7	72	3	0	11	10	0	11	5	8	114.82	0		10.430041
7	73	3	0	11	9	8	11	5	8	114.82	0		10.430041
7	63	1	0	0	15	12	14	3	6	34.60	0		5.512208
7	64	1	0	0	15	18	14	3	6	34.60	0		5.512208
7	65	1	0	0	9	24	14	3	6	34.60	0		5.512208
7	66	1	0	0	15	24	14	3	6	34.60	0		5.512208
7	67	2	0	0	18	11	13	3	5	28.58	1		1.717962
7	68	2	0	0	21	11	13	3	5	28.58	1		1.717962
7	69	2	0	0	3	13	13	3	5	28.58	1		1.717962
11	106	3	0	14	15	0	11	5	8	114.82	0		10.430041
11	107	3	0	14	20	0	11	5	8	114.82	0		10.430041
11	102	1	0	11	0	0	14	3	6	34.60	0		5.512208
11	103	1	0	14	15	8	14	3	6	34.60	0		5.512208
11	104	1	0	14	18	8	14	3	6	34.60	0		5.512208
11	105	2	0	0	6	13	13	3	5	28.58	1		1.717962
9	92	3	0	14	15	14	11	5	8	114.82	0		10.430041
9	93	3	0	14	15	22	11	5	8	114.82	0		10.430041
9	94	3	0	22	10	0	11	5	8	114.82	0		10.430041
9	85	1	0	14	21	8	14	3	6	34.60	0		5.512208
9	86	1	0	14	20	14	14	3	6	34.60	0		5.512208
9	87	1	0	14	20	20	14	3	6	34.60	0		5.512208
9	88	1	0	22	10	8	14	3	6	34.60	0		5.512208
9	89	2	0	0	18	16	13	3	5	28.58	1		1.717962
9	90	2	0	0	21	16	13	3	5	28.58	1		1.717962
9	91	2	0	0	3	18	13	3	5	28.58	1		1.717962
1	8	3	0	25	0	0	11	5	8	114.82	0		10.430041
1	9	3	0	25	5	0	11	5	8	114.82	0		10.430041
1	10	3	0	25	5	8	11	5	8	114.82	0		10.430041
1	11	3	0	25	5	16	11	5	8	114.82	0		10.430041
1	12	3	0	36	0	0	11	5	8	114.82	0		10.430041
1	1	1	0	22	10	14	14	3	6	34.60	0		5.512208
1	2	1	0	22	10	20	14	3	6	34.60	0		5.512208
1	3	1	0	25	5	24	14	3	6	34.60	0		5.512208
1	4	2	0	0	6	18	13	3	5	28.58	1		1.717962
1	5	2	0	0	3	23	13	3	5	28.58	1		1.717962
1	6	2	0	0	6	23	13	3	5	28.58	1		1.717962
1	7	2	0	36	5	0	13	3	5	28.58	1		1.717962
15	151	3	0	36	8	0	11	5	8	114.82	0		10.430041
15	152	3	0	36	13	0	11	5	8	114.82	0		10.430041
15	138	1	0	36	18	0	14	3	6	34.60	0		5.512208
15	139	1	0	36	21	0	14	3	6	34.60	0		5.512208
15	140	1	0	36	18	6	14	3	6	34.60	0		5.512208
15	141	1	0	36	21	6	14	3	6	34.60	0		5.512208
15	142	1	0	36	8	8	14	3	6	34.60	0		5.512208
15	143	1	0	36	11	8	14	3	6	34.60	0		5.512208
15	144	1	0	36	14	8	14	3	6	34.60	0		5.512208
15	145	1	0	36	18	12	14	3	6	34.60	0		5.512208
15	146	1	0	36	21	12	14	3	6	34.60	0		5.512208
15	147	2	0	36	8	14	13	3	5	28.58	1		1.717962
15	148	2	0	36	11	14	13	3	5	28.58	1		1.717962
15	149	2	0	36	14	14	13	3	5	28.58	1		1.717962
15	150	2	0	36	18	18	13	3	5	28.58	1		1.717962
2	17	3	0	25	0	8	11	5	8	114.82	0		10.430041
2	18	3	0	25	0	16	11	5	8	114.82	0		10.430041
2	19	3	0	36	0	8	11	5	8	114.82	0		10.430041
2	20	3	0	36	0	16	11	5	8	114.82	0		10.430041
2	21	3	0	47	0	0	11	5	8	114.82	0		10.430041
2	22	3	0	47	0	8	11	5	8	114.82	0		10.430041
4	39	2	0	11	3	0	13	3	5	28.58	1		1.717962
2	14	1	0	0	0	14	14	3	6	34.60	0		5.512208
2	15	2	0	0	0	20	13	3	5	28.58	1		1.717962
2	16	2	0	0	0	25	13	3	5	28.58	1		1.717962


