Name:				025_n020_m200_bt10_2323
Problem:			3L-VRPTW
Number_of_used_Vehicles:	1
Total_Travel_Distance:		356.95
Calculation_Time:		195.44
Total_Iterations:		1
ConstraintSet:			P1

-------------------------------------------------------------------------------------------------------------------
Tour_Id:			1
No_of_Customers:		9
No_of_Items:			98
Customer_Sequence:		13 9 4 11 2 7 8 17 1 

CustId	Id	TypeId	Rotated	x	y	z	Length	Width	Height	mass	Fragility	LoadBearingStrength
1	5	8	0	0	0	0	11	5	6	230.89	0		9.347021
1	6	8	0	0	5	0	11	5	6	230.89	0		9.347021
1	3	7	0	0	10	0	14	3	6	91.64	0		12.714478
1	4	7	0	0	13	0	14	3	6	91.64	0		12.714478
1	1	3	0	0	16	0	8	5	5	152.30	0		55.796351
1	7	9	0	0	21	0	15	3	4	49.49	0		8.375666
1	2	5	0	0	21	4	8	2	4	80.59	0		88.533864
1	8	10	0	0	16	5	8	5	4	62.48	1		3.067262
17	169	8	0	0	0	6	11	5	6	230.89	0		9.347021
17	161	1	0	0	5	6	7	4	8	72.70	0		5.249431
17	164	3	0	0	9	6	8	5	5	152.30	0		55.796351
17	170	9	0	8	16	0	15	3	4	49.49	0		8.375666
17	171	9	0	8	16	4	15	3	4	49.49	0		8.375666
9	87	7	0	0	0	12	14	3	6	91.64	0		12.714478
17	167	6	0	0	9	11	6	3	7	85.57	0		9.590158
17	168	6	0	0	5	14	6	3	7	85.57	0		9.590158
17	162	2	0	8	21	4	9	3	4	87.82	0		157.163802
17	163	2	0	8	16	8	9	3	4	87.82	0		157.163802
17	165	5	0	0	14	6	8	2	4	80.59	0		88.533864
17	166	5	0	0	21	8	8	2	4	80.59	0		88.533864
8	74	8	0	11	0	0	11	5	6	230.89	0		9.347021
8	75	8	0	11	5	0	11	5	6	230.89	0		9.347021
8	71	7	0	7	5	6	14	3	6	91.64	0		12.714478
8	72	7	0	7	5	12	14	3	6	91.64	0		12.714478
8	73	7	0	7	5	18	14	3	6	91.64	0		12.714478
8	68	3	0	8	9	6	8	5	5	152.30	0		55.796351
8	76	9	0	7	5	24	15	3	4	49.49	0		8.375666
8	77	9	0	14	10	0	15	3	4	49.49	0		8.375666
8	70	6	0	0	9	18	6	3	7	85.57	0		9.590158
8	66	2	0	6	9	11	9	3	4	87.82	0		157.163802
8	67	2	0	6	9	15	9	3	4	87.82	0		157.163802
9	90	9	0	0	0	18	15	3	4	49.49	0		8.375666
7	64	7	0	11	0	6	14	3	6	91.64	0		12.714478
7	58	1	0	6	9	19	7	4	8	72.70	0		5.249431
2	16	5	0	0	14	10	8	2	4	80.59	0		88.533864
7	63	6	0	8	21	8	6	3	7	85.57	0		9.590158
7	59	2	0	8	16	12	9	3	4	87.82	0		157.163802
7	60	4	0	23	16	0	12	6	8	153.63	1		5.378795
7	61	4	0	17	16	8	12	6	8	153.63	1		5.378795
7	62	4	0	17	16	16	12	6	8	153.63	1		5.378795
2	20	8	0	22	5	0	11	5	6	230.89	0		9.347021
2	18	7	0	22	5	6	14	3	6	91.64	0		12.714478
2	19	7	0	22	5	12	14	3	6	91.64	0		12.714478
2	9	1	0	22	5	18	7	4	8	72.70	0		5.249431
11	107	6	0	23	22	0	6	3	7	85.57	0		9.590158
2	13	3	0	29	10	0	8	5	5	152.30	0		55.796351
2	14	3	0	29	10	5	8	5	5	152.30	0		55.796351
2	17	6	0	29	10	10	6	3	7	85.57	0		9.590158
2	11	2	0	22	5	26	9	3	4	87.82	0		157.163802
2	12	2	0	29	5	18	9	3	4	87.82	0		157.163802
7	65	9	0	22	0	0	15	3	4	49.49	0		8.375666
2	15	4	0	35	16	0	12	6	8	153.63	1		5.378795
11	108	8	0	37	0	0	11	5	6	230.89	0		9.347021
11	104	1	0	37	10	0	7	4	8	72.70	0		5.249431
11	109	9	0	29	22	0	15	3	4	49.49	0		8.375666
11	110	9	0	29	22	4	15	3	4	49.49	0		8.375666
2	10	1	0	37	5	0	7	4	8	72.70	0		5.249431
11	105	4	0	29	16	8	12	6	8	153.63	1		5.378795
11	106	4	0	29	16	16	12	6	8	153.63	1		5.378795
11	111	10	0	17	16	24	8	5	4	62.48	1		3.067262
4	36	8	0	37	0	6	11	5	6	230.89	0		9.347021
4	28	1	0	37	10	8	7	4	8	72.70	0		5.249431
4	29	1	0	37	10	16	7	4	8	72.70	0		5.249431
4	32	3	0	44	5	0	8	5	5	152.30	0		55.796351
4	35	6	0	29	22	8	6	3	7	85.57	0		9.590158
4	30	2	0	35	22	8	9	3	4	87.82	0		157.163802
4	31	2	0	35	22	12	9	3	4	87.82	0		157.163802
4	34	5	0	0	3	12	8	2	4	80.59	0		88.533864
4	33	4	0	44	10	0	12	6	8	153.63	1		5.378795
17	172	9	0	14	13	0	15	3	4	49.49	0		8.375666
9	88	7	0	0	0	22	14	3	6	91.64	0		12.714478
9	78	1	0	37	0	12	7	4	8	72.70	0		5.249431
9	82	3	0	44	5	5	8	5	5	152.30	0		55.796351
9	92	10	0	25	16	24	8	5	4	62.48	1		3.067262
8	69	5	0	0	12	11	8	2	4	80.59	0		88.533864
9	79	2	0	14	0	12	9	3	4	87.82	0		157.163802
9	80	2	0	35	22	16	9	3	4	87.82	0		157.163802
9	81	2	0	35	22	20	9	3	4	87.82	0		157.163802
9	86	5	0	0	14	14	8	2	4	80.59	0		88.533864
9	83	4	0	44	10	8	12	6	8	153.63	1		5.378795
9	84	4	0	44	10	16	12	6	8	153.63	1		5.378795
9	85	4	0	47	16	0	12	6	8	153.63	1		5.378795
9	91	10	0	33	16	24	8	5	4	62.48	1		3.067262
9	89	9	0	44	22	0	15	3	4	49.49	0		8.375666
13	129	8	0	48	0	0	11	5	6	230.89	0		9.347021
13	128	7	0	44	22	4	14	3	6	91.64	0		12.714478
13	118	1	0	37	0	20	7	4	8	72.70	0		5.249431
13	119	3	0	44	5	10	8	5	5	152.30	0		55.796351
13	120	3	0	44	5	15	8	5	5	152.30	0		55.796351
13	121	3	0	44	5	20	8	5	5	152.30	0		55.796351
13	126	6	0	44	22	10	6	3	7	85.57	0		9.590158
13	127	6	0	44	22	17	6	3	7	85.57	0		9.590158
13	124	5	0	35	22	24	8	2	4	80.59	0		88.533864
13	125	5	0	43	22	24	8	2	4	80.59	0		88.533864
13	122	4	0	41	16	8	12	6	8	153.63	1		5.378795
13	123	4	0	41	16	16	12	6	8	153.63	1		5.378795
13	130	10	0	37	10	24	8	5	4	62.48	1		3.067262
13	131	10	0	41	16	24	8	5	4	62.48	1		3.067262


