Name:				032_n020_m200_bt3_2998
Problem:			3L-VRPTW
Number_of_used_Vehicles:	1
Total_Travel_Distance:		320.14
Calculation_Time:		58.19
Total_Iterations:		1
ConstraintSet:			P1

-------------------------------------------------------------------------------------------------------------------
Tour_Id:			1
No_of_Customers:		5
No_of_Items:			54
Customer_Sequence:		11 14 10 1 9 

CustId	Id	TypeId	Rotated	x	y	z	Length	Width	Height	mass	Fragility	LoadBearingStrength
9	77	1	0	0	0	0	15	3	8	46.79	0		2.102335
11	107	3	0	0	3	0	17	5	7	96.36	1		2.905919
9	79	1	0	0	8	0	15	3	8	46.79	0		2.102335
9	80	1	0	0	11	0	15	3	8	46.79	0		2.102335
1	3	2	0	0	14	0	9	6	5	124.55	0		15.886810
9	82	3	0	0	20	0	17	5	7	96.36	1		2.905919
9	83	3	0	0	20	7	17	5	7	96.36	1		2.905919
1	5	2	0	0	14	5	9	6	5	124.55	0		15.886810
9	84	3	0	0	8	8	17	5	7	96.36	1		2.905919
9	86	3	0	0	20	14	17	5	7	96.36	1		2.905919
10	95	2	0	0	14	10	9	6	5	124.55	0		15.886810
10	91	1	0	0	0	8	15	3	8	46.79	0		2.102335
14	139	3	0	0	8	15	17	5	7	96.36	1		2.905919
1	4	2	0	9	14	0	9	6	5	124.55	0		15.886810
9	85	3	0	0	20	21	17	5	7	96.36	1		2.905919
11	103	2	0	0	13	15	9	6	5	124.55	0		15.886810
1	7	2	0	9	14	5	9	6	5	124.55	0		15.886810
1	8	2	0	18	14	0	9	6	5	124.55	0		15.886810
1	9	2	0	18	14	5	9	6	5	124.55	0		15.886810
1	10	3	0	17	20	0	17	5	7	96.36	1		2.905919
1	11	3	0	17	20	7	17	5	7	96.36	1		2.905919
10	99	3	0	17	20	14	17	5	7	96.36	1		2.905919
10	88	1	0	0	0	16	15	3	8	46.79	0		2.102335
10	89	1	0	15	0	0	15	3	8	46.79	0		2.102335
10	92	2	0	9	14	10	9	6	5	124.55	0		15.886810
10	97	3	0	17	20	21	17	5	7	96.36	1		2.905919
10	90	1	0	15	0	8	15	3	8	46.79	0		2.102335
10	93	2	0	18	14	10	9	6	5	124.55	0		15.886810
14	135	1	0	15	0	16	15	3	8	46.79	0		2.102335
1	1	1	0	27	14	0	15	3	8	46.79	0		2.102335
10	100	3	0	34	20	0	17	5	7	96.36	1		2.905919
1	2	1	0	27	17	0	15	3	8	46.79	0		2.102335
10	98	3	0	27	14	8	17	5	7	96.36	1		2.905919
10	87	1	0	30	0	0	15	3	8	46.79	0		2.102335
1	6	2	0	42	14	0	9	6	5	124.55	0		15.886810
14	133	1	0	30	0	8	15	3	8	46.79	0		2.102335
11	104	2	0	0	13	20	9	6	5	124.55	0		15.886810
10	94	2	0	51	14	0	9	6	5	124.55	0		15.886810
14	136	2	0	51	14	5	9	6	5	124.55	0		15.886810
14	137	2	0	51	14	10	9	6	5	124.55	0		15.886810
14	138	3	0	0	8	22	17	5	7	96.36	1		2.905919
11	108	3	0	0	3	7	17	5	7	96.36	1		2.905919
11	101	1	0	9	14	15	15	3	8	46.79	0		2.102335
11	102	1	0	9	17	15	15	3	8	46.79	0		2.102335
10	96	3	0	34	20	7	17	5	7	96.36	1		2.905919
14	134	1	0	30	0	16	15	3	8	46.79	0		2.102335
11	105	2	0	0	13	25	9	6	5	124.55	0		15.886810
11	106	2	0	9	14	23	9	6	5	124.55	0		15.886810
9	81	2	0	15	8	0	9	6	5	124.55	0		15.886810
9	78	1	0	24	8	0	15	3	8	46.79	0		2.102335
11	109	3	0	0	3	14	17	5	7	96.36	1		2.905919
11	110	3	0	0	3	21	17	5	7	96.36	1		2.905919
11	111	3	0	17	3	0	17	5	7	96.36	1		2.905919
11	112	3	0	17	3	7	17	5	7	96.36	1		2.905919


