Name:				036_n020_m200_bt10_3371
Problem:			3L-VRPTW
Number_of_used_Vehicles:	1
Total_Travel_Distance:		212.31
Calculation_Time:		25.39
Total_Iterations:		1
ConstraintSet:			P1

-------------------------------------------------------------------------------------------------------------------
Tour_Id:			1
No_of_Customers:		6
No_of_Items:			67
Customer_Sequence:		1 13 5 6 19 10 

CustId	Id	TypeId	Rotated	x	y	z	Length	Width	Height	mass	Fragility	LoadBearingStrength
10	96	7	0	0	0	0	15	7	6	295.58	0		16.853969
19	187	8	0	0	7	0	17	7	6	98.47	0		5.579247
10	92	2	0	0	14	0	7	4	7	35.10	0		9.951351
10	93	2	0	0	18	0	7	4	7	35.10	0		9.951351
10	95	5	0	0	22	0	12	2	8	26.54	0		2.819692
10	91	1	0	0	0	6	8	4	5	23.63	0		2.541216
10	94	4	0	7	14	0	16	4	6	63.39	1		3.398677
10	98	10	0	0	4	6	10	3	3	30.49	1		3.235774
10	99	10	0	0	4	9	10	3	3	30.49	1		3.235774
19	186	8	0	0	7	6	17	7	6	98.47	0		5.579247
10	97	7	0	15	0	0	15	7	6	295.58	0		16.853969
19	188	8	0	0	7	12	17	7	6	98.47	0		5.579247
19	182	3	0	0	14	7	6	6	8	51.58	0		11.203636
19	183	3	0	0	14	15	6	6	8	51.58	0		11.203636
6	59	8	0	0	7	18	17	7	6	98.47	0		5.579247
19	180	1	0	0	0	11	8	4	5	23.63	0		2.541216
19	181	1	0	0	0	16	8	4	5	23.63	0		2.541216
19	184	4	0	7	18	0	16	4	6	63.39	1		3.398677
19	189	10	0	0	4	12	10	3	3	30.49	1		3.235774
6	58	8	0	0	7	24	17	7	6	98.47	0		5.579247
19	185	6	0	0	0	21	7	3	8	42.97	0		5.839145
6	60	8	0	15	0	6	17	7	6	98.47	0		5.579247
6	61	9	0	15	0	12	10	7	7	97.78	0		19.032427
6	53	3	0	15	0	19	6	6	8	51.58	0		11.203636
6	54	3	0	17	7	0	6	6	8	51.58	0		11.203636
6	55	3	0	17	7	8	6	6	8	51.58	0		11.203636
5	45	8	0	23	7	0	17	7	6	98.47	0		5.579247
6	51	2	0	0	14	23	7	4	7	35.10	0		9.951351
6	52	2	0	8	0	6	7	4	7	35.10	0		9.951351
6	57	5	0	0	22	8	12	2	8	26.54	0		2.819692
6	49	1	1	17	7	16	8	4	5	23.63	0		2.541216
6	56	4	0	7	14	6	16	4	6	63.39	1		3.398677
6	62	10	0	0	4	15	10	3	3	30.49	1		3.235774
6	63	10	0	0	4	18	10	3	3	30.49	1		3.235774
6	50	2	0	8	0	13	7	4	7	35.10	0		9.951351
5	46	8	0	23	14	0	17	7	6	98.47	0		5.579247
5	42	7	0	23	7	6	15	7	6	295.58	0		16.853969
5	43	7	0	23	14	6	15	7	6	295.58	0		16.853969
5	44	7	0	23	7	12	15	7	6	295.58	0		16.853969
5	47	9	0	23	14	12	10	7	7	97.78	0		19.032427
5	40	3	0	23	7	18	6	6	8	51.58	0		11.203636
5	38	2	1	17	7	21	7	4	7	35.10	0		9.951351
5	39	2	1	21	0	19	7	4	7	35.10	0		9.951351
5	41	5	0	0	22	16	12	2	8	26.54	0		2.819692
5	48	10	0	7	18	6	10	3	3	30.49	1		3.235774
13	127	8	0	40	7	0	17	7	6	98.47	0		5.579247
13	128	9	0	23	14	19	10	7	7	97.78	0		19.032427
13	121	3	0	25	0	12	6	6	8	51.58	0		11.203636
13	123	5	0	12	22	0	12	2	8	26.54	0		2.819692
13	124	5	0	12	22	8	12	2	8	26.54	0		2.819692
13	125	5	0	12	22	16	12	2	8	26.54	0		2.819692
13	126	6	0	24	22	0	7	3	8	42.97	0		5.839145
13	122	4	0	38	7	6	16	4	6	63.39	1		3.398677
13	129	10	1	21	0	26	10	3	3	30.49	1		3.235774
13	130	10	0	23	14	26	10	3	3	30.49	1		3.235774
13	131	10	0	23	17	26	10	3	3	30.49	1		3.235774
1	7	8	0	40	14	0	17	7	6	98.47	0		5.579247
1	8	8	0	38	11	6	17	7	6	98.47	0		5.579247
1	6	7	0	38	11	12	15	7	6	295.58	0		16.853969
1	9	9	0	29	7	18	10	7	7	97.78	0		19.032427
1	2	2	0	25	0	20	7	4	7	35.10	0		9.951351
1	3	5	0	31	22	0	12	2	8	26.54	0		2.819692
1	4	5	0	24	22	8	12	2	8	26.54	0		2.819692
1	5	6	1	33	14	12	7	3	8	42.97	0		5.839145
1	1	1	0	29	7	25	8	4	5	23.63	0		2.541216
1	10	10	0	29	11	25	10	3	3	30.49	1		3.235774
1	11	10	0	38	18	6	10	3	3	30.49	1		3.235774


