Name:				039_n020_m200_bt10_3723
Problem:			3L-VRPTW
Number_of_used_Vehicles:	1
Total_Travel_Distance:		298.47
Calculation_Time:		39.32
Total_Iterations:		1
ConstraintSet:			P1

-------------------------------------------------------------------------------------------------------------------
Tour_Id:			1
No_of_Customers:		5
No_of_Items:			61
Customer_Sequence:		18 14 16 8 3 

CustId	Id	TypeId	Rotated	x	y	z	Length	Width	Height	mass	Fragility	LoadBearingStrength
3	21	2	0	0	0	0	14	6	7	75.65	0		12.698704
3	22	3	0	0	6	0	16	4	7	53.76	0		16.570479
3	23	3	0	0	10	0	16	4	7	53.76	0		16.570479
3	24	3	0	0	14	0	16	4	7	53.76	0		16.570479
3	25	3	0	0	18	0	16	4	7	53.76	0		16.570479
8	69	2	0	0	0	7	14	6	7	75.65	0		12.698704
3	31	7	0	0	6	7	15	6	4	41.93	0		3.648753
3	33	10	0	0	12	7	12	6	5	77.07	0		6.821968
3	28	5	0	0	6	11	7	6	6	39.22	0		4.865047
3	29	6	0	0	22	0	15	2	8	38.33	0		3.616016
3	30	6	0	0	18	7	15	2	8	38.33	0		3.616016
3	27	4	0	0	12	12	9	4	5	25.83	0		10.780305
3	32	8	0	15	22	0	17	3	8	70.24	1		1.002659
8	68	2	0	0	0	14	14	6	7	75.65	0		12.698704
3	26	3	0	14	0	0	16	4	7	53.76	0		16.570479
8	70	2	0	0	0	21	14	6	7	75.65	0		12.698704
8	71	3	0	14	0	7	16	4	7	53.76	0		16.570479
8	76	9	0	0	6	17	9	7	7	51.14	0		5.140308
8	77	9	0	16	6	0	9	7	7	51.14	0		5.140308
16	157	8	0	14	0	14	17	3	8	70.24	1		1.002659
8	79	10	0	0	6	24	12	6	5	77.07	0		6.821968
8	80	10	0	15	6	7	12	6	5	77.07	0		6.821968
8	81	10	0	15	6	12	12	6	5	77.07	0		6.821968
8	73	4	0	0	13	17	9	4	5	25.83	0		10.780305
8	72	4	0	0	13	22	9	4	5	25.83	0		10.780305
8	74	5	0	7	6	11	7	6	6	39.22	0		4.865047
8	75	8	0	15	22	8	17	3	8	70.24	1		1.002659
16	152	2	0	15	6	17	14	6	7	75.65	0		12.698704
16	159	9	0	16	13	0	9	7	7	51.14	0		5.140308
16	160	10	0	12	12	7	12	6	5	77.07	0		6.821968
16	154	5	0	9	12	12	7	6	6	39.22	0		4.865047
16	155	5	0	9	12	18	7	6	6	39.22	0		4.865047
16	156	6	0	0	20	7	15	2	8	38.33	0		3.616016
16	153	4	0	0	18	15	9	4	5	25.83	0		10.780305
8	78	9	0	25	6	0	9	7	7	51.14	0		5.140308
16	158	8	0	14	0	22	17	3	8	70.24	1		1.002659
14	130	2	0	25	13	0	14	6	7	75.65	0		12.698704
14	131	3	0	24	12	7	16	4	7	53.76	0		16.570479
14	132	3	0	24	12	14	16	4	7	53.76	0		16.570479
14	137	7	0	12	6	24	15	6	4	41.93	0		3.648753
14	138	7	0	34	6	0	15	6	4	41.93	0		3.648753
18	175	6	0	14	4	0	15	2	8	38.33	0		3.616016
14	141	10	0	34	6	4	12	6	5	77.07	0		6.821968
14	134	5	0	9	12	24	7	6	6	39.22	0		4.865047
14	135	5	0	16	12	12	7	6	6	39.22	0		4.865047
14	136	5	0	16	12	18	7	6	6	39.22	0		4.865047
14	133	4	0	0	18	20	9	4	5	25.83	0		10.780305
14	129	1	0	15	22	16	17	3	8	51.61	1		0.833374
14	139	8	0	24	16	7	17	3	8	70.24	1		1.002659
18	170	2	0	34	6	9	14	6	7	75.65	0		12.698704
18	171	3	0	24	12	21	16	4	7	53.76	0		16.570479
18	172	3	0	34	6	16	16	4	7	53.76	0		16.570479
18	177	9	0	49	6	0	9	7	7	51.14	0		5.140308
18	178	10	1	49	13	0	12	6	5	77.07	0		6.821968
18	179	10	1	49	13	5	12	6	5	77.07	0		6.821968
18	180	10	1	49	13	10	12	6	5	77.07	0		6.821968
18	181	10	1	49	13	15	12	6	5	77.07	0		6.821968
14	140	10	1	39	13	0	12	6	5	77.07	0		6.821968
18	173	4	0	0	18	25	9	4	5	25.83	0		10.780305
18	174	4	0	34	6	23	9	4	5	25.83	0		10.780305
18	176	8	0	24	16	15	17	3	8	70.24	1		1.002659


