Name:				054_n020_m200_bt10_5172
Problem:			3L-VRPTW
Number_of_used_Vehicles:	1
Total_Travel_Distance:		338.92
Calculation_Time:		481.75
Total_Iterations:		1
ConstraintSet:			P1

-------------------------------------------------------------------------------------------------------------------
Tour_Id:			1
No_of_Customers:		8
No_of_Items:			90
Customer_Sequence:		12 5 13 2 7 6 3 4 

CustId	Id	TypeId	Rotated	x	y	z	Length	Width	Height	mass	Fragility	LoadBearingStrength
4	35	2	0	0	0	0	16	3	8	129.52	0		30.424783
4	37	4	0	0	3	0	15	6	3	35.21	0		3.303970
4	31	1	0	0	9	0	17	5	3	38.32	0		4.903730
3	22	2	0	0	14	0	16	3	8	129.52	0		30.424783
4	33	1	0	0	17	0	17	5	3	38.32	0		4.903730
4	34	1	0	0	3	3	17	5	3	38.32	0		4.903730
4	41	9	0	0	22	0	16	3	5	49.56	0		3.469752
4	42	9	0	0	8	3	16	3	5	49.56	0		3.469752
4	43	9	0	0	11	3	16	3	5	49.56	0		3.469752
4	36	3	0	0	17	3	12	3	6	36.65	0		5.086145
4	40	7	0	0	8	8	8	6	4	42.23	0		9.443542
4	44	10	0	0	8	12	8	6	3	28.79	0		6.533505
4	38	5	0	17	17	0	10	7	5	54.66	1		0.878650
4	39	6	0	27	17	0	14	6	4	36.50	1		0.720757
2	19	10	0	0	8	15	8	6	3	28.79	0		6.533505
4	32	1	0	0	3	6	17	5	3	38.32	0		4.903730
3	25	4	0	17	9	0	15	6	3	35.21	0		3.303970
3	20	1	0	0	3	9	17	5	3	38.32	0		4.903730
3	23	3	0	0	22	5	12	3	6	36.65	0		5.086145
3	24	3	0	0	0	8	12	3	6	36.65	0		5.086145
3	30	8	0	0	14	8	10	2	6	36.80	0		3.738420
3	26	5	0	16	8	3	10	7	5	54.66	1		0.878650
3	27	5	0	16	8	8	10	7	5	54.66	1		0.878650
3	28	5	0	17	17	5	10	7	5	54.66	1		0.878650
6	59	3	0	0	22	11	12	3	6	36.65	0		5.086145
3	29	6	0	27	17	4	14	6	4	36.50	1		0.720757
6	62	7	1	26	8	3	8	6	4	42.23	0		9.443542
6	63	7	0	26	8	7	8	6	4	42.23	0		9.443542
6	64	7	0	26	8	11	8	6	4	42.23	0		9.443542
6	61	5	0	17	17	10	10	7	5	54.66	1		0.878650
6	67	10	0	32	9	0	8	6	3	28.79	0		6.533505
6	66	8	0	0	3	12	10	2	6	36.80	0		3.738420
6	60	5	0	17	17	15	10	7	5	54.66	1		0.878650
7	70	2	0	0	5	12	16	3	8	129.52	0		30.424783
7	68	2	0	0	0	14	16	3	8	129.52	0		30.424783
7	69	2	0	0	5	20	16	3	8	129.52	0		30.424783
6	65	7	0	32	8	3	8	6	4	42.23	0		9.443542
7	72	4	0	40	9	0	15	6	3	35.21	0		3.303970
7	77	9	0	0	0	22	16	3	5	49.56	0		3.469752
7	78	9	0	16	0	0	16	3	5	49.56	0		3.469752
7	79	9	0	16	0	5	16	3	5	49.56	0		3.469752
7	71	3	0	16	0	10	12	3	6	36.65	0		5.086145
7	74	7	0	32	0	0	8	6	4	42.23	0		9.443542
7	75	8	0	0	14	14	10	2	6	36.80	0		3.738420
7	76	8	0	0	3	18	10	2	6	36.80	0		3.738420
2	18	9	0	16	0	16	16	3	5	49.56	0		3.469752
2	10	2	0	16	0	21	16	3	8	129.52	0		30.424783
2	9	1	0	40	0	0	17	5	3	38.32	0		4.903730
7	73	6	0	27	17	8	14	6	4	36.50	1		0.720757
2	11	3	0	40	5	0	12	3	6	36.65	0		5.086145
2	12	3	0	40	0	3	12	3	6	36.65	0		5.086145
2	16	7	0	0	8	18	8	6	4	42.23	0		9.443542
13	127	1	0	40	9	3	17	5	3	38.32	0		4.903730
2	17	8	0	0	14	20	10	2	6	36.80	0		3.738420
2	13	5	0	17	17	20	10	7	5	54.66	1		0.878650
2	14	5	0	17	17	25	10	7	5	54.66	1		0.878650
2	15	6	0	27	17	12	14	6	4	36.50	1		0.720757
13	132	7	0	0	8	22	8	6	4	42.23	0		9.443542
13	130	4	0	40	9	6	15	6	3	35.21	0		3.303970
3	21	2	0	0	17	9	16	3	8	129.52	0		30.424783
13	133	9	0	40	5	6	16	3	5	49.56	0		3.469752
13	134	9	0	40	0	9	16	3	5	49.56	0		3.469752
13	135	9	0	40	9	9	16	3	5	49.56	0		3.469752
13	129	3	0	40	12	9	12	3	6	36.65	0		5.086145
13	128	2	0	40	5	11	16	3	8	129.52	0		30.424783
13	131	6	0	27	17	16	14	6	4	36.50	1		0.720757
12	125	9	0	40	0	14	16	3	5	49.56	0		3.469752
5	46	1	0	41	17	0	17	5	3	38.32	0		4.903730
5	50	4	0	41	17	3	15	6	3	35.21	0		3.303970
5	55	9	0	40	9	14	16	3	5	49.56	0		3.469752
5	49	4	0	40	5	19	15	6	3	35.21	0		3.303970
5	47	1	0	40	5	22	17	5	3	38.32	0		4.903730
5	54	9	0	40	12	15	16	3	5	49.56	0		3.469752
5	45	1	0	40	5	25	17	5	3	38.32	0		4.903730
5	56	9	0	40	12	20	16	3	5	49.56	0		3.469752
5	51	6	0	27	17	20	14	6	4	36.50	1		0.720757
5	57	10	0	0	8	26	8	6	3	28.79	0		6.533505
5	58	10	0	26	8	15	8	6	3	28.79	0		6.533505
5	53	8	0	0	3	24	10	2	6	36.80	0		3.738420
5	52	7	0	26	8	18	8	6	4	42.23	0		9.443542
12	119	2	0	40	0	19	16	3	8	129.52	0		30.424783
12	120	4	0	41	17	6	15	6	3	35.21	0		3.303970
12	121	4	0	41	17	9	15	6	3	35.21	0		3.303970
12	117	1	0	41	17	12	17	5	3	38.32	0		4.903730
12	118	1	0	41	17	15	17	5	3	38.32	0		4.903730
12	123	9	0	40	12	25	16	3	5	49.56	0		3.469752
12	124	9	0	41	17	18	16	3	5	49.56	0		3.469752
5	48	2	1	57	0	0	16	3	8	129.52	0		30.424783
12	126	9	0	41	17	23	16	3	5	49.56	0		3.469752
12	122	5	0	27	17	24	10	7	5	54.66	1		0.878650


