Name:				307_n020_m400_bt10_23934
Problem:			3L-VRPTW
Number_of_used_Vehicles:	1
Total_Travel_Distance:		99.78
Calculation_Time:		8.16
Total_Iterations:		1
ConstraintSet:			P1

-------------------------------------------------------------------------------------------------------------------
Tour_Id:			1
No_of_Customers:		3
No_of_Items:			67
Customer_Sequence:		18 9 1 

CustId	Id	TypeId	Rotated	x	y	z	Length	Width	Height	mass	Fragility	LoadBearingStrength
1	9	4	0	0	0	0	16	5	8	79.29	0		6.593456
1	10	4	0	0	5	0	16	5	8	79.29	0		6.593456
1	14	5	0	0	10	0	14	6	6	55.01	0		2.281090
1	13	5	0	0	16	0	14	6	6	55.01	0		2.281090
1	12	5	0	0	10	6	14	6	6	55.01	0		2.281090
1	11	5	0	0	16	6	14	6	6	55.01	0		2.281090
1	4	2	0	0	0	8	15	5	6	49.05	0		5.780876
1	5	2	0	0	5	8	15	5	6	49.05	0		5.780876
1	6	2	0	0	10	12	15	5	6	49.05	0		5.780876
1	7	2	0	0	15	12	15	5	6	49.05	0		5.780876
1	21	9	0	0	0	14	8	5	7	51.93	0		4.362510
1	3	1	0	0	5	14	7	5	4	23.99	0		3.829605
1	2	1	0	0	5	18	7	5	4	23.99	0		3.829605
1	1	1	0	0	10	18	7	5	4	23.99	0		3.829605
1	8	3	0	0	22	0	10	2	5	15.71	0		12.216775
1	18	7	0	0	22	5	6	2	7	10.15	0		8.904260
1	15	6	0	0	5	22	8	7	5	31.86	1		2.284583
1	16	6	0	8	0	14	8	7	5	31.86	1		2.284583
1	17	6	0	8	0	19	8	7	5	31.86	1		2.284583
1	19	8	0	0	15	18	14	5	3	33.09	1		0.830445
1	20	8	0	0	15	21	14	5	3	33.09	1		0.830445
9	180	10	0	16	0	0	17	5	8	125.31	0		5.554391
9	179	10	0	16	5	0	17	5	8	125.31	0		5.554391
9	178	10	0	16	10	0	17	5	8	125.31	0		5.554391
9	177	10	0	16	15	0	17	5	8	125.31	0		5.554391
9	176	10	0	16	20	0	17	5	8	125.31	0		5.554391
9	165	4	0	16	0	8	16	5	8	79.29	0		6.593456
9	166	4	0	16	5	8	16	5	8	79.29	0		6.593456
9	163	2	0	16	10	8	15	5	6	49.05	0		5.780876
9	164	2	0	16	15	8	15	5	6	49.05	0		5.780876
9	175	9	0	16	20	8	8	5	7	51.93	0		4.362510
9	174	9	0	16	10	14	8	5	7	51.93	0		4.362510
9	173	9	0	16	15	14	8	5	7	51.93	0		4.362510
9	162	1	0	16	20	15	7	5	4	23.99	0		3.829605
9	161	1	0	16	0	16	7	5	4	23.99	0		3.829605
9	172	7	0	0	20	12	6	2	7	10.15	0		8.904260
9	171	6	0	8	0	24	8	7	5	31.86	1		2.284583
9	170	6	0	16	10	21	8	7	5	31.86	1		2.284583
9	169	6	0	23	0	16	8	7	5	31.86	1		2.284583
9	168	6	0	23	0	21	8	7	5	31.86	1		2.284583
9	167	6	0	24	10	14	8	7	5	31.86	1		2.284583
18	362	10	0	33	0	0	17	5	8	125.31	0		5.554391
18	349	4	0	32	0	8	16	5	8	79.29	0		6.593456
18	348	4	0	31	0	16	16	5	8	79.29	0		6.593456
18	347	4	0	33	5	0	16	5	8	79.29	0		6.593456
18	350	5	0	31	0	24	14	6	6	55.01	0		2.281090
18	352	5	0	32	5	8	14	6	6	55.01	0		2.281090
18	351	5	0	32	5	14	14	6	6	55.01	0		2.281090
18	361	9	0	16	20	19	8	5	7	51.93	0		4.362510
18	360	9	0	24	20	8	8	5	7	51.93	0		4.362510
18	338	1	0	16	20	26	7	5	4	23.99	0		3.829605
18	342	1	0	23	20	15	7	5	4	23.99	0		3.829605
18	341	1	0	24	20	19	7	5	4	23.99	0		3.829605
18	337	1	0	24	20	23	7	5	4	23.99	0		3.829605
18	340	1	0	32	5	20	7	5	4	23.99	0		3.829605
18	339	1	0	33	10	0	7	5	4	23.99	0		3.829605
18	345	3	0	16	17	21	10	2	5	15.71	0		12.216775
18	343	3	0	33	15	0	10	2	5	15.71	0		12.216775
18	346	3	0	33	17	0	10	2	5	15.71	0		12.216775
18	344	3	0	33	19	0	10	2	5	15.71	0		12.216775
18	355	7	0	0	20	19	6	2	7	10.15	0		8.904260
18	356	7	0	23	7	16	6	2	7	10.15	0		8.904260
18	353	6	0	24	10	19	8	7	5	31.86	1		2.284583
18	354	6	0	24	10	24	8	7	5	31.86	1		2.284583
18	357	8	0	40	10	0	14	5	3	33.09	1		0.830445
18	358	8	0	40	10	3	14	5	3	33.09	1		0.830445
18	359	8	0	43	15	0	14	5	3	33.09	1		0.830445


