Name:				308_n020_m400_bt10_24005
Problem:			3L-VRPTW
Number_of_used_Vehicles:	1
Total_Travel_Distance:		147.71
Calculation_Time:		69.61
Total_Iterations:		1
ConstraintSet:			P1

-------------------------------------------------------------------------------------------------------------------
Tour_Id:			1
No_of_Customers:		4
No_of_Items:			85
Customer_Sequence:		2 13 6 3 

CustId	Id	TypeId	Rotated	x	y	z	Length	Width	Height	mass	Fragility	LoadBearingStrength
3	56	7	0	0	0	0	14	5	8	65.39	0		3.760167
3	55	7	0	0	5	0	14	5	8	65.39	0		3.760167
3	54	7	0	0	10	0	14	5	8	65.39	0		3.760167
3	46	3	0	0	15	0	15	7	3	48.04	0		14.818376
3	47	3	0	0	15	3	15	7	3	48.04	0		14.818376
3	59	9	0	0	15	6	17	6	3	40.57	0		5.719009
3	58	9	0	0	0	8	17	6	3	40.57	0		5.719009
3	52	5	0	0	6	8	14	4	5	68.71	0		20.927774
6	94	1	0	0	22	0	7	3	6	23.75	0		3.095759
3	51	5	0	0	10	8	14	4	5	68.71	0		20.927774
3	60	10	0	0	15	9	8	5	6	24.11	0		4.441233
13	252	6	0	0	0	11	11	6	7	104.90	1		5.310295
3	43	1	0	0	6	13	7	3	6	23.75	0		3.095759
3	42	1	0	0	9	13	7	3	6	23.75	0		3.095759
3	41	1	0	0	15	15	7	3	6	23.75	0		3.095759
3	48	4	0	0	6	19	7	3	3	15.62	0		6.601438
3	49	4	0	0	9	19	7	3	3	15.62	0		6.601438
3	57	8	0	0	12	13	14	2	3	16.61	0		3.145772
3	53	6	0	8	15	9	11	6	7	104.90	1		5.310295
3	45	2	0	8	15	16	12	3	8	41.56	1		4.369750
6	111	7	0	14	10	0	14	5	8	65.39	0		3.760167
6	110	7	0	14	10	8	14	5	8	65.39	0		3.760167
3	44	1	0	0	15	21	7	3	6	23.75	0		3.095759
6	114	9	0	28	10	0	17	6	3	40.57	0		5.719009
6	105	5	0	14	10	16	14	4	5	68.71	0		20.927774
6	104	5	0	14	10	21	14	4	5	68.71	0		20.927774
6	115	10	0	0	6	22	8	5	6	24.11	0		4.441233
6	96	2	0	7	22	0	12	3	8	41.56	1		4.369750
6	112	8	0	0	12	16	14	2	3	16.61	0		3.145772
6	113	8	0	0	12	19	14	2	3	16.61	0		3.145772
6	101	4	0	0	21	6	7	3	3	15.62	0		6.601438
6	102	4	0	0	21	9	7	3	3	15.62	0		6.601438
13	259	9	0	28	16	0	17	6	3	40.57	0		5.719009
6	100	4	0	0	21	12	7	3	3	15.62	0		6.601438
6	99	4	0	0	21	15	7	3	3	15.62	0		6.601438
6	106	6	0	28	10	3	11	6	7	104.90	1		5.310295
6	107	6	0	28	10	10	11	6	7	104.90	1		5.310295
13	262	10	0	11	0	11	8	5	6	24.11	0		4.441233
6	98	2	0	0	11	22	12	3	8	41.56	1		4.369750
6	97	2	0	7	22	8	12	3	8	41.56	1		4.369750
3	50	5	0	14	0	0	14	4	5	68.71	0		20.927774
6	95	2	0	7	22	16	12	3	8	41.56	1		4.369750
13	257	7	0	28	0	0	14	5	8	65.39	0		3.760167
13	256	7	0	28	5	0	14	5	8	65.39	0		3.760167
13	245	3	0	28	16	3	15	7	3	48.04	0		14.818376
13	246	3	0	28	16	6	15	7	3	48.04	0		14.818376
6	103	4	0	0	21	18	7	3	3	15.62	0		6.601438
13	251	5	0	28	0	8	14	4	5	68.71	0		20.927774
13	248	5	0	28	4	8	14	4	5	68.71	0		20.927774
13	249	5	0	28	16	9	14	4	5	68.71	0		20.927774
13	250	5	0	28	20	9	14	4	5	68.71	0		20.927774
6	108	6	0	28	10	17	11	6	7	104.90	1		5.310295
13	261	10	0	11	0	17	8	5	6	24.11	0		4.441233
13	260	10	0	11	0	23	8	5	6	24.11	0		4.441233
13	241	1	0	19	22	0	7	3	6	23.75	0		3.095759
13	240	1	0	19	22	6	7	3	6	23.75	0		3.095759
13	239	1	0	19	22	12	7	3	6	23.75	0		3.095759
13	258	8	0	14	10	26	14	2	3	16.61	0		3.145772
13	247	4	0	0	15	27	7	3	3	15.62	0		6.601438
6	109	7	0	45	10	0	14	5	8	65.39	0		3.760167
13	253	6	0	0	0	18	11	6	7	104.90	1		5.310295
2	22	1	0	19	22	18	7	3	6	23.75	0		3.095759
13	255	6	0	28	0	13	11	6	7	104.90	1		5.310295
13	244	2	0	8	18	16	12	3	8	41.56	1		4.369750
13	243	2	0	28	16	14	12	3	8	41.56	1		4.369750
13	242	2	0	28	19	14	12	3	8	41.56	1		4.369750
2	33	7	0	42	0	0	14	5	8	65.39	0		3.760167
2	31	7	0	42	5	0	14	5	8	65.39	0		3.760167
2	32	7	0	42	0	8	14	5	8	65.39	0		3.760167
2	26	3	0	42	5	8	15	7	3	48.04	0		14.818376
2	37	9	0	42	5	11	17	6	3	40.57	0		5.719009
2	27	5	0	42	5	14	14	4	5	68.71	0		20.927774
2	28	5	0	42	0	16	14	4	5	68.71	0		20.927774
2	29	5	0	42	5	19	14	4	5	68.71	0		20.927774
2	40	10	0	42	0	21	8	5	6	24.11	0		4.441233
2	39	10	0	42	5	24	8	5	6	24.11	0		4.441233
2	38	10	0	45	15	0	8	5	6	24.11	0		4.441233
2	23	1	0	19	22	24	7	3	6	23.75	0		3.095759
13	254	6	0	28	0	20	11	6	7	104.90	1		5.310295
2	34	8	0	14	12	26	14	2	3	16.61	0		3.145772
2	35	8	0	28	8	8	14	2	3	16.61	0		3.145772
2	36	8	0	28	8	11	14	2	3	16.61	0		3.145772
2	30	6	0	28	16	22	11	6	7	104.90	1		5.310295
2	25	2	0	42	12	8	12	3	8	41.56	1		4.369750
2	24	2	0	42	12	16	12	3	8	41.56	1		4.369750


