Name:				313_n020_m400_bt100_24507
Problem:			3L-VRPTW
Number_of_used_Vehicles:	1
Total_Travel_Distance:		113.37
Calculation_Time:		71.04
Total_Iterations:		1
ConstraintSet:			P1

-------------------------------------------------------------------------------------------------------------------
Tour_Id:			1
No_of_Customers:		4
No_of_Items:			84
Customer_Sequence:		2 3 12 1 

CustId	Id	TypeId	Rotated	x	y	z	Length	Width	Height	mass	Fragility	LoadBearingStrength
1	5	31	0	0	0	0	17	7	8	70.13	0		1.646309
1	8	44	0	0	7	0	16	5	7	49.90	0		1.946368
1	11	56	0	0	12	0	17	5	5	48.65	0		20.065738
1	16	73	0	0	17	0	11	5	6	28.98	0		4.510876
1	12	59	0	0	12	5	8	5	7	17.18	0		5.867255
1	6	33	0	0	17	6	7	6	6	22.19	0		2.777600
1	14	63	0	0	22	0	17	3	4	10.21	0		3.098329
1	13	60	0	0	7	7	6	4	8	21.34	0		4.260449
1	3	7	0	0	0	8	11	2	5	5.62	0		13.635231
1	1	5	0	0	2	8	12	3	3	6.44	0		2.142439
1	2	6	0	0	2	11	8	4	3	13.77	0		3.418556
1	4	21	0	0	12	12	8	3	4	5.84	0		9.372482
1	19	85	0	0	15	12	6	4	3	10.12	0		22.696457
1	20	86	0	0	5	8	9	2	3	6.22	0		7.596817
1	21	86	0	0	19	12	9	2	3	6.22	0		7.596817
3	53	33	0	0	15	15	7	6	6	22.19	0		2.777600
1	17	76	0	11	17	0	14	4	8	22.53	1		2.453926
1	9	51	0	6	7	7	13	4	8	20.17	1		1.284869
1	7	41	0	17	0	0	14	6	4	18.86	1		0.566318
12	236	79	0	0	0	13	14	2	8	15.57	0		1.528031
1	10	54	0	17	6	0	7	6	7	29.09	1		1.650246
12	232	68	0	24	6	0	16	7	6	73.09	0		14.955792
12	237	81	0	24	6	6	15	6	5	48.90	0		5.386906
3	51	32	0	0	7	15	11	4	7	17.96	1		1.459583
12	229	42	0	8	12	5	9	5	8	26.41	0		4.935928
12	223	18	0	24	13	0	17	4	5	22.52	0		7.176639
12	243	99	0	25	17	0	11	5	6	30.63	0		2.477016
12	224	19	0	24	6	11	15	7	3	15.50	0		0.970768
12	222	15	0	25	17	6	9	6	5	17.12	0		5.099471
12	241	97	0	0	2	14	10	3	8	24.71	0		3.235539
1	15	67	0	17	0	4	9	6	6	20.43	1		1.729440
12	230	45	0	0	2	22	8	4	7	14.67	0		3.685154
12	231	61	0	17	12	0	7	5	6	23.24	0		3.994613
12	240	88	0	0	0	21	13	2	8	29.48	0		6.115324
12	233	69	0	17	12	6	7	4	7	22.97	0		6.107041
12	234	72	0	25	17	11	7	5	4	12.19	0		3.145604
12	228	40	0	8	12	13	11	3	4	6.38	0		2.333439
12	227	25	0	31	0	0	6	5	4	16	0		4.546553
12	226	25	0	31	0	4	6	5	4	16	0		4.546553
12	225	21	0	0	12	16	8	3	4	5.84	0		9.372482
12	238	86	0	0	21	12	9	2	3	6.22	0		7.596817
12	239	87	0	24	13	5	16	4	6	29.91	1		1.423676
3	57	63	0	24	6	14	17	3	4	10.21	0		3.098329
3	58	68	0	36	17	0	16	7	6	73.09	0		14.955792
3	55	55	0	24	9	14	15	5	6	33.83	0		12.188645
3	47	19	0	34	17	6	15	7	3	15.50	0		0.970768
12	235	74	0	0	12	20	9	3	8	29.32	1		1.106982
12	242	98	0	37	0	0	11	6	6	20.84	0		10.327924
3	43	3	0	24	9	20	15	5	3	27.21	0		5.271222
1	18	77	1	7	17	6	6	3	3	6.22	0		15.532618
3	56	63	0	24	6	18	17	3	4	10.21	0		3.098329
3	52	32	0	0	6	22	11	4	7	17.96	1		1.459583
3	50	30	0	0	15	21	8	5	4	9.66	0		1.802924
3	60	71	0	0	15	25	7	5	3	7.02	0		2.488960
3	44	6	0	24	9	23	8	4	3	13.77	0		3.418556
3	62	92	0	17	22	0	6	3	3	5.40	0		14.700517
3	54	38	0	17	0	10	10	6	6	37.56	1		2.140672
3	46	14	0	8	15	13	16	2	5	19.87	0		5.220092
3	45	9	0	25	17	15	7	5	7	15.48	0		6.243891
3	59	70	0	17	0	16	9	5	5	26.87	1		1.572541
3	49	23	0	11	7	15	9	4	6	21.72	1		0.863269
3	48	23	0	11	7	21	9	4	6	21.72	1		0.863269
3	61	90	0	24	6	22	17	3	4	12.68	1		0.495568
2	24	31	0	34	17	9	17	7	8	70.13	0		1.646309
2	31	64	0	34	17	17	11	5	7	47.94	0		11.992106
2	22	4	1	48	0	0	17	7	3	38.22	0		4.659474
2	26	37	0	37	0	6	10	4	8	21.34	0		6.441261
2	37	75	0	37	0	14	11	4	7	42.34	0		30.181308
2	27	46	1	48	0	3	14	7	3	23.25	0		3.939643
2	23	13	0	45	17	17	7	7	6	19.03	0		8.636223
2	32	65	1	47	0	6	16	5	3	30.54	0		5.903491
2	33	65	1	47	0	9	16	5	3	30.54	0		5.903491
2	39	79	0	8	15	18	14	2	8	15.57	0		1.528031
2	40	88	0	37	0	21	13	2	8	29.48	0		6.115324
2	30	63	1	52	0	6	17	3	4	10.21	0		3.098329
2	35	69	0	25	17	22	7	4	7	22.97	0		6.107041
2	36	72	0	24	9	26	7	5	4	12.19	0		3.145604
2	42	92	0	31	0	8	6	3	3	5.40	0		14.700517
2	38	76	1	52	0	10	14	4	8	22.53	1		2.453926
2	28	49	1	52	0	18	14	4	7	19.16	1		0.427201
2	34	67	0	17	0	21	9	6	6	20.43	1		1.729440
2	25	32	1	55	0	0	11	4	7	17.96	1		1.459583
2	29	54	0	32	9	23	7	6	7	29.09	1		1.650246
2	41	90	0	24	6	26	17	3	4	12.68	1		0.495568


