Name:				316_n020_m400_bt3_24897
Problem:			3L-VRPTW
Number_of_used_Vehicles:	1
Total_Travel_Distance:		204.97
Calculation_Time:		13.22
Total_Iterations:		1
ConstraintSet:			P1

-------------------------------------------------------------------------------------------------------------------
Tour_Id:			1
No_of_Customers:		4
No_of_Items:			77
Customer_Sequence:		1 9 5 2 

CustId	Id	TypeId	Rotated	x	y	z	Length	Width	Height	mass	Fragility	LoadBearingStrength
2	32	2	0	0	0	0	14	7	6	193.83	0		31.674814
2	34	3	0	0	7	0	7	3	4	38.82	1		2.340428
2	30	2	0	0	10	0	14	7	6	193.83	0		31.674814
2	24	2	0	0	17	0	14	7	6	193.83	0		31.674814
2	25	2	0	0	0	6	14	7	6	193.83	0		31.674814
2	26	2	1	0	7	6	14	7	6	193.83	0		31.674814
2	27	2	0	0	0	12	14	7	6	193.83	0		31.674814
2	28	2	1	0	7	12	14	7	6	193.83	0		31.674814
2	29	2	0	0	0	18	14	7	6	193.83	0		31.674814
2	21	1	0	0	7	18	8	6	7	121.10	0		8.636178
2	23	1	0	0	13	18	8	6	7	121.10	0		8.636178
2	22	1	0	14	0	0	8	6	7	121.10	0		8.636178
2	20	1	0	14	6	0	8	6	7	121.10	0		8.636178
2	33	3	0	0	21	6	7	3	4	38.82	1		2.340428
2	31	2	0	0	0	24	14	7	6	193.83	0		31.674814
2	35	3	0	0	21	10	7	3	4	38.82	1		2.340428
2	36	3	0	0	21	14	7	3	4	38.82	1		2.340428
2	37	3	0	0	19	18	7	3	4	38.82	1		2.340428
2	38	3	0	0	19	22	7	3	4	38.82	1		2.340428
2	39	3	0	0	7	25	7	3	4	38.82	1		2.340428
2	40	3	0	0	10	25	7	3	4	38.82	1		2.340428
2	41	3	0	0	13	25	7	3	4	38.82	1		2.340428
2	42	3	0	0	16	25	7	3	4	38.82	1		2.340428
5	88	2	0	14	12	0	14	7	6	193.83	0		31.674814
5	89	2	0	14	12	6	14	7	6	193.83	0		31.674814
5	90	2	0	14	12	12	14	7	6	193.83	0		31.674814
5	85	1	0	14	19	0	8	6	7	121.10	0		8.636178
5	86	1	0	14	0	7	8	6	7	121.10	0		8.636178
5	87	1	0	14	6	7	8	6	7	121.10	0		8.636178
5	91	3	0	0	19	26	7	3	4	38.82	1		2.340428
5	92	3	0	7	21	6	7	3	4	38.82	1		2.340428
5	93	3	0	7	21	10	7	3	4	38.82	1		2.340428
5	94	3	0	7	21	14	7	3	4	38.82	1		2.340428
5	95	3	0	7	21	18	7	3	4	38.82	1		2.340428
5	96	3	0	7	21	22	7	3	4	38.82	1		2.340428
5	97	3	0	7	21	26	7	3	4	38.82	1		2.340428
5	98	3	0	14	19	7	7	3	4	38.82	1		2.340428
5	99	3	0	14	22	7	7	3	4	38.82	1		2.340428
5	100	3	0	14	19	11	7	3	4	38.82	1		2.340428
9	163	2	0	14	12	18	14	7	6	193.83	0		31.674814
9	162	2	0	14	12	24	14	7	6	193.83	0		31.674814
9	161	2	0	22	0	0	14	7	6	193.83	0		31.674814
9	160	2	0	22	0	6	14	7	6	193.83	0		31.674814
9	154	1	0	14	0	14	8	6	7	121.10	0		8.636178
9	159	1	0	14	6	14	8	6	7	121.10	0		8.636178
9	158	1	0	14	0	21	8	6	7	121.10	0		8.636178
9	157	1	0	14	6	21	8	6	7	121.10	0		8.636178
9	156	1	0	22	19	0	8	6	7	121.10	0		8.636178
9	155	1	0	21	19	7	8	6	7	121.10	0		8.636178
9	153	1	0	21	19	14	8	6	7	121.10	0		8.636178
9	164	3	0	14	22	11	7	3	4	38.82	1		2.340428
9	165	3	0	14	19	15	7	3	4	38.82	1		2.340428
9	166	3	0	14	22	15	7	3	4	38.82	1		2.340428
9	167	3	0	14	19	19	7	3	4	38.82	1		2.340428
9	168	3	0	14	22	19	7	3	4	38.82	1		2.340428
9	169	3	0	14	19	23	7	3	4	38.82	1		2.340428
9	170	3	0	14	22	23	7	3	4	38.82	1		2.340428
9	171	3	0	21	19	21	7	3	4	38.82	1		2.340428
1	16	2	0	22	0	12	14	7	6	193.83	0		31.674814
1	15	2	0	22	0	18	14	7	6	193.83	0		31.674814
1	14	2	0	22	0	24	14	7	6	193.83	0		31.674814
1	13	2	0	28	12	0	14	7	6	193.83	0		31.674814
1	12	2	0	28	12	6	14	7	6	193.83	0		31.674814
1	2	1	0	28	12	12	8	6	7	121.10	0		8.636178
1	11	1	0	28	12	19	8	6	7	121.10	0		8.636178
1	10	1	0	30	19	0	8	6	7	121.10	0		8.636178
1	9	1	0	29	19	7	8	6	7	121.10	0		8.636178
1	8	1	0	29	19	14	8	6	7	121.10	0		8.636178
1	7	1	0	28	19	21	8	6	7	121.10	0		8.636178
1	6	1	0	36	0	0	8	6	7	121.10	0		8.636178
1	5	1	0	36	6	0	8	6	7	121.10	0		8.636178
1	4	1	0	36	0	7	8	6	7	121.10	0		8.636178
1	3	1	0	36	6	7	8	6	7	121.10	0		8.636178
1	1	1	0	36	12	12	8	6	7	121.10	0		8.636178
1	17	3	0	21	22	21	7	3	4	38.82	1		2.340428
1	18	3	0	21	19	25	7	3	4	38.82	1		2.340428
1	19	3	0	21	22	25	7	3	4	38.82	1		2.340428


