Name:				320_n020_m400_bt3_25318
Problem:			3L-VRPTW
Number_of_used_Vehicles:	1
Total_Travel_Distance:		121.46
Calculation_Time:		15.98
Total_Iterations:		1
ConstraintSet:			P1

-------------------------------------------------------------------------------------------------------------------
Tour_Id:			1
No_of_Customers:		5
No_of_Items:			115
Customer_Sequence:		14 6 5 17 4 

CustId	Id	TypeId	Rotated	x	y	z	Length	Width	Height	mass	Fragility	LoadBearingStrength
4	83	2	0	0	0	0	12	4	5	120.42	0		25.776413
4	82	2	0	0	4	0	12	4	5	120.42	0		25.776413
4	81	2	0	0	8	0	12	4	5	120.42	0		25.776413
4	80	2	0	0	12	0	12	4	5	120.42	0		25.776413
4	79	2	0	0	16	0	12	4	5	120.42	0		25.776413
4	78	2	0	0	20	0	12	4	5	120.42	0		25.776413
4	77	2	0	0	0	5	12	4	5	120.42	0		25.776413
4	76	2	0	0	4	5	12	4	5	120.42	0		25.776413
4	74	2	0	0	8	5	12	4	5	120.42	0		25.776413
4	75	2	0	0	12	5	12	4	5	120.42	0		25.776413
4	66	1	0	0	16	5	9	5	4	63.57	0		22.202525
4	72	1	0	0	16	9	9	5	4	63.57	0		22.202525
4	71	1	0	0	0	10	9	5	4	63.57	0		22.202525
4	70	1	0	0	5	10	9	5	4	63.57	0		22.202525
4	69	1	0	0	10	10	9	5	4	63.57	0		22.202525
4	68	1	0	0	16	13	9	5	4	63.57	0		22.202525
4	67	1	0	0	0	14	9	5	4	63.57	0		22.202525
4	65	1	0	0	5	14	9	5	4	63.57	0		22.202525
4	73	1	0	0	10	14	9	5	4	63.57	0		22.202525
4	92	3	0	0	21	5	12	3	5	111.44	1		5.730568
4	91	3	0	0	21	10	12	3	5	111.44	1		5.730568
4	90	3	0	0	21	15	12	3	5	111.44	1		5.730568
4	89	3	0	0	16	17	12	3	5	111.44	1		5.730568
4	88	3	0	0	0	18	12	3	5	111.44	1		5.730568
4	87	3	0	0	3	18	12	3	5	111.44	1		5.730568
4	86	3	0	0	6	18	12	3	5	111.44	1		5.730568
4	85	3	0	0	9	18	12	3	5	111.44	1		5.730568
4	84	3	0	0	12	18	12	3	5	111.44	1		5.730568
17	341	2	0	12	0	0	12	4	5	120.42	0		25.776413
17	340	2	0	12	4	0	12	4	5	120.42	0		25.776413
17	339	2	0	12	8	0	12	4	5	120.42	0		25.776413
17	338	2	0	12	12	0	12	4	5	120.42	0		25.776413
17	337	2	0	12	16	0	12	4	5	120.42	0		25.776413
17	333	2	0	12	20	0	12	4	5	120.42	0		25.776413
17	334	2	0	12	0	5	12	4	5	120.42	0		25.776413
17	335	2	0	12	4	5	12	4	5	120.42	0		25.776413
17	336	2	0	12	8	5	12	4	5	120.42	0		25.776413
17	328	1	0	12	12	5	9	5	4	63.57	0		22.202525
17	332	1	0	12	17	5	9	5	4	63.57	0		22.202525
17	331	1	0	12	12	9	9	5	4	63.57	0		22.202525
17	330	1	0	12	17	9	9	5	4	63.57	0		22.202525
17	329	1	0	12	0	10	9	5	4	63.57	0		22.202525
17	327	1	0	12	5	10	9	5	4	63.57	0		22.202525
17	342	3	0	0	21	20	12	3	5	111.44	1		5.730568
17	343	3	0	0	16	22	12	3	5	111.44	1		5.730568
17	344	3	0	0	0	23	12	3	5	111.44	1		5.730568
17	345	3	0	0	3	23	12	3	5	111.44	1		5.730568
17	346	3	0	0	6	23	12	3	5	111.44	1		5.730568
17	347	3	0	0	9	23	12	3	5	111.44	1		5.730568
5	107	2	0	12	12	13	12	4	5	120.42	0		25.776413
5	106	2	0	12	16	13	12	4	5	120.42	0		25.776413
5	105	2	0	12	0	14	12	4	5	120.42	0		25.776413
5	104	2	0	12	4	14	12	4	5	120.42	0		25.776413
5	98	2	0	12	12	18	12	4	5	120.42	0		25.776413
5	99	2	0	12	16	18	12	4	5	120.42	0		25.776413
5	100	2	0	12	0	19	12	4	5	120.42	0		25.776413
5	101	2	0	12	4	19	12	4	5	120.42	0		25.776413
5	102	2	0	12	12	23	12	4	5	120.42	0		25.776413
5	103	2	0	12	16	23	12	4	5	120.42	0		25.776413
5	94	1	0	12	0	24	9	5	4	63.57	0		22.202525
5	97	1	0	24	0	0	9	5	4	63.57	0		22.202525
5	96	1	0	24	5	0	9	5	4	63.57	0		22.202525
5	95	1	0	24	10	0	9	5	4	63.57	0		22.202525
5	93	1	0	24	15	0	9	5	4	63.57	0		22.202525
5	108	3	0	0	12	23	12	3	5	111.44	1		5.730568
5	109	3	0	0	21	25	12	3	5	111.44	1		5.730568
5	110	3	0	12	5	24	12	3	5	111.44	1		5.730568
5	111	3	1	21	12	5	12	3	5	111.44	1		5.730568
5	112	3	0	24	20	0	12	3	5	111.44	1		5.730568
5	113	3	0	24	0	4	12	3	5	111.44	1		5.730568
5	114	3	0	24	3	4	12	3	5	111.44	1		5.730568
5	115	3	0	24	6	4	12	3	5	111.44	1		5.730568
6	132	2	0	24	9	4	12	4	5	120.42	0		25.776413
6	131	2	0	24	13	4	12	4	5	120.42	0		25.776413
6	130	2	0	24	9	9	12	4	5	120.42	0		25.776413
6	129	2	0	24	13	9	12	4	5	120.42	0		25.776413
6	117	1	0	24	9	14	9	5	4	63.57	0		22.202525
6	128	1	0	24	9	18	9	5	4	63.57	0		22.202525
6	127	1	0	24	9	22	9	5	4	63.57	0		22.202525
6	126	1	0	24	9	26	9	5	4	63.57	0		22.202525
6	125	1	0	33	10	0	9	5	4	63.57	0		22.202525
6	124	1	0	33	15	0	9	5	4	63.57	0		22.202525
6	123	1	0	36	20	0	9	5	4	63.57	0		22.202525
6	122	1	1	36	9	4	9	5	4	63.57	0		22.202525
6	121	1	0	36	18	4	9	5	4	63.57	0		22.202525
6	120	1	1	36	9	8	9	5	4	63.57	0		22.202525
6	119	1	0	36	18	8	9	5	4	63.57	0		22.202525
6	118	1	1	36	9	12	9	5	4	63.57	0		22.202525
6	116	1	0	36	18	12	9	5	4	63.57	0		22.202525
6	133	3	0	24	17	4	12	3	5	111.44	1		5.730568
6	134	3	0	24	20	5	12	3	5	111.44	1		5.730568
6	135	3	0	24	0	9	12	3	5	111.44	1		5.730568
6	136	3	0	24	3	9	12	3	5	111.44	1		5.730568
6	137	3	0	24	6	9	12	3	5	111.44	1		5.730568
6	138	3	0	24	17	9	12	3	5	111.44	1		5.730568
14	279	2	1	36	9	16	12	4	5	120.42	0		25.776413
14	278	2	1	36	9	21	12	4	5	120.42	0		25.776413
14	277	2	0	42	10	0	12	4	5	120.42	0		25.776413
14	267	1	1	36	9	26	9	5	4	63.57	0		22.202525
14	276	1	0	42	10	5	9	5	4	63.57	0		22.202525
14	275	1	0	42	10	9	9	5	4	63.57	0		22.202525
14	274	1	0	42	10	13	9	5	4	63.57	0		22.202525
14	273	1	0	42	10	17	9	5	4	63.57	0		22.202525
14	272	1	0	42	10	21	9	5	4	63.57	0		22.202525
14	271	1	0	42	10	25	9	5	4	63.57	0		22.202525
14	270	1	0	45	20	0	9	5	4	63.57	0		22.202525
14	269	1	0	45	20	4	9	5	4	63.57	0		22.202525
14	268	1	0	45	20	8	9	5	4	63.57	0		22.202525
14	266	1	0	45	20	12	9	5	4	63.57	0		22.202525
14	280	3	0	24	0	14	12	3	5	111.44	1		5.730568
14	281	3	0	24	3	14	12	3	5	111.44	1		5.730568
14	282	3	0	24	6	14	12	3	5	111.44	1		5.730568
14	283	3	0	24	0	19	12	3	5	111.44	1		5.730568
14	284	3	0	21	0	24	12	3	5	111.44	1		5.730568
14	285	3	0	24	3	19	12	3	5	111.44	1		5.730568


