Name:				321_n020_m400_bt10_25463
Problem:			3L-VRPTW
Number_of_used_Vehicles:	1
Total_Travel_Distance:		143.22
Calculation_Time:		4.42
Total_Iterations:		1
ConstraintSet:			P1

-------------------------------------------------------------------------------------------------------------------
Tour_Id:			1
No_of_Customers:		3
No_of_Items:			64
Customer_Sequence:		12 7 13 

CustId	Id	TypeId	Rotated	x	y	z	Length	Width	Height	mass	Fragility	LoadBearingStrength
13	253	2	0	0	0	0	16	7	8	98.64	0		9.874351
13	254	2	0	0	7	0	16	7	8	98.64	0		9.874351
13	255	2	0	0	14	0	16	7	8	98.64	0		9.874351
13	261	8	0	0	0	8	10	5	7	43.04	0		3.398651
13	262	8	0	0	5	8	10	5	7	43.04	0		3.398651
13	259	5	0	0	10	8	10	6	5	32.44	0		13.767275
13	263	10	0	0	21	0	10	4	6	42.10	0		4.910823
13	264	10	0	0	21	6	10	4	6	42.10	0		4.910823
13	265	10	0	0	16	8	10	4	6	42.10	0		4.910823
13	256	4	0	0	10	13	10	5	4	20.03	0		10.906988
13	257	4	0	0	16	14	10	5	4	20.03	0		10.906988
13	258	4	0	0	0	15	10	5	4	20.03	0		10.906988
13	260	7	0	0	21	12	7	2	8	21.35	0		16.824741
13	252	1	0	0	5	15	7	4	3	11.03	0		2.473601
7	124	2	1	10	0	8	16	7	8	98.64	0		9.874351
7	125	2	1	10	0	16	16	7	8	98.64	0		9.874351
7	126	2	0	16	0	0	16	7	8	98.64	0		9.874351
7	141	8	0	0	10	17	10	5	7	43.04	0		3.398651
7	140	8	0	0	16	18	10	5	7	43.04	0		3.398651
7	139	8	0	0	0	19	10	5	7	43.04	0		3.398651
7	136	6	0	10	21	0	11	4	7	38.82	0		4.681858
7	135	6	0	10	21	7	11	4	7	38.82	0		4.681858
7	134	5	0	0	10	24	10	6	5	32.44	0		13.767275
7	133	5	0	0	16	25	10	6	5	32.44	0		13.767275
7	144	10	0	10	21	14	10	4	6	42.10	0		4.910823
7	143	10	0	10	21	20	10	4	6	42.10	0		4.910823
7	132	4	0	0	0	26	10	5	4	20.03	0		10.906988
7	131	4	1	10	0	24	10	5	4	20.03	0		10.906988
7	130	4	0	16	7	0	10	5	4	20.03	0		10.906988
7	137	7	0	0	23	12	7	2	8	21.35	0		16.824741
7	138	7	0	0	5	18	7	2	8	21.35	0		16.824741
7	123	1	0	0	21	20	7	4	3	11.03	0		2.473601
7	122	1	0	10	16	8	7	4	3	11.03	0		2.473601
7	129	3	0	17	0	8	16	6	8	74.44	1		0.981683
7	128	3	0	17	0	16	16	6	8	74.44	1		0.981683
7	127	3	0	26	7	0	16	6	8	74.44	1		0.981683
7	142	9	0	21	21	0	11	3	8	42.72	1		4.036976
12	227	2	0	26	13	0	16	7	8	98.64	0		9.874351
12	245	8	0	26	13	8	10	5	7	43.04	0		3.398651
12	244	8	0	26	13	15	10	5	7	43.04	0		3.398651
12	241	6	0	26	13	22	11	4	7	38.82	0		4.681858
12	240	6	0	32	21	0	11	4	7	38.82	0		4.681858
12	239	5	0	42	7	0	10	6	5	32.44	0		13.767275
12	238	5	0	42	13	0	10	6	5	32.44	0		13.767275
12	251	10	0	32	21	7	10	4	6	42.10	0		4.910823
12	250	10	0	32	21	13	10	4	6	42.10	0		4.910823
12	235	4	0	42	7	5	10	5	4	20.03	0		10.906988
12	236	4	0	42	12	5	10	5	4	20.03	0		10.906988
12	237	4	0	42	7	9	10	5	4	20.03	0		10.906988
12	233	4	0	42	12	9	10	5	4	20.03	0		10.906988
12	232	4	0	42	7	13	10	5	4	20.03	0		10.906988
12	234	4	0	42	12	13	10	5	4	20.03	0		10.906988
12	243	7	0	10	16	11	7	2	8	21.35	0		16.824741
12	242	7	0	10	18	11	7	2	8	21.35	0		16.824741
12	226	1	0	10	16	19	7	4	3	11.03	0		2.473601
12	225	1	0	10	16	22	7	4	3	11.03	0		2.473601
12	230	3	0	26	7	8	16	6	8	74.44	1		0.981683
12	231	3	0	26	7	16	16	6	8	74.44	1		0.981683
12	229	3	1	52	7	0	16	6	8	74.44	1		0.981683
12	228	3	1	52	7	8	16	6	8	74.44	1		0.981683
12	246	9	0	21	21	8	11	3	8	42.72	1		4.036976
12	247	9	0	21	21	16	11	3	8	42.72	1		4.036976
12	248	9	0	32	21	19	11	3	8	42.72	1		4.036976
12	249	9	0	42	7	17	11	3	8	42.72	1		4.036976


