Name:				336_n020_m400_bt10_26836
Problem:			3L-VRPTW
Number_of_used_Vehicles:	1
Total_Travel_Distance:		151.15
Calculation_Time:		198.93
Total_Iterations:		1
ConstraintSet:			P1

-------------------------------------------------------------------------------------------------------------------
Tour_Id:			1
No_of_Customers:		4
No_of_Items:			76
Customer_Sequence:		1 12 7 6 

CustId	Id	TypeId	Rotated	x	y	z	Length	Width	Height	mass	Fragility	LoadBearingStrength
6	103	4	0	0	0	0	14	6	5	51.76	0		2.685742
6	104	4	0	0	6	0	14	6	5	51.76	0		2.685742
6	115	10	0	0	12	0	9	6	7	70.18	0		25.362738
6	109	6	0	0	18	0	15	4	6	55.88	0		3.445431
6	110	6	0	0	0	5	15	4	6	55.88	0		3.445431
6	100	2	0	0	22	0	10	2	5	18.55	0		4.574696
6	101	2	0	0	4	5	10	2	5	18.55	0		4.574696
7	118	1	0	0	6	5	10	4	5	22.22	0		1.675922
6	111	7	0	0	18	6	16	5	6	85.28	1		1.282945
6	112	7	0	0	0	11	16	5	6	85.28	1		1.282945
6	113	7	0	0	18	12	16	5	6	85.28	1		1.282945
6	114	7	0	0	0	17	16	5	6	85.28	1		1.282945
6	105	5	0	0	12	7	6	3	8	17.51	1		2.279339
6	106	5	0	0	15	7	6	3	8	17.51	1		2.279339
6	107	5	0	0	12	15	6	3	8	17.51	1		2.279339
6	108	5	0	0	15	15	6	3	8	17.51	1		2.279339
7	134	9	0	9	12	0	15	5	8	70.13	0		4.126155
12	225	3	0	0	6	10	7	4	3	11.41	0		3.774906
12	230	6	0	9	12	8	15	4	6	55.88	0		3.445431
7	127	4	0	14	6	0	14	6	5	51.76	0		2.685742
7	126	4	0	10	6	5	14	6	5	51.76	0		2.685742
7	129	6	0	24	12	0	15	4	6	55.88	0		3.445431
7	137	10	0	24	16	0	9	6	7	70.18	0		25.362738
7	136	10	0	24	16	7	9	6	7	70.18	0		25.362738
7	135	10	0	24	16	14	9	6	7	70.18	0		25.362738
7	125	4	0	28	6	0	14	6	5	51.76	0		2.685742
7	122	1	0	24	6	5	10	4	5	22.22	0		1.675922
7	121	1	0	24	16	21	10	4	5	22.22	0		1.675922
12	226	3	0	0	6	13	7	4	3	11.41	0		3.774906
7	119	1	0	33	16	0	10	4	5	22.22	0		1.675922
6	102	3	0	14	0	0	7	4	3	11.41	0		3.774906
12	239	10	0	7	6	10	9	6	7	70.18	0		25.362738
7	116	1	0	21	0	0	10	4	5	22.22	0		1.675922
7	124	2	0	0	10	5	10	2	5	18.55	0		4.574696
7	123	2	0	21	4	0	10	2	5	18.55	0		4.574696
7	131	7	0	0	18	18	16	5	6	85.28	1		1.282945
12	222	2	0	7	6	17	10	2	5	18.55	0		4.574696
7	128	5	1	6	12	7	6	3	8	17.51	1		2.279339
1	12	6	0	9	12	14	15	4	6	55.88	0		3.445431
12	237	9	0	31	0	0	15	5	8	70.13	0		4.126155
12	221	2	0	7	8	17	10	2	5	18.55	0		4.574696
1	13	6	0	9	12	20	15	4	6	55.88	0		3.445431
12	234	8	0	31	0	8	11	5	8	44.44	0		5.429560
12	240	10	0	16	6	10	9	6	7	70.18	0		25.362738
7	117	1	0	21	0	5	10	4	5	22.22	0		1.675922
1	10	5	0	7	6	22	6	3	8	17.51	1		2.279339
12	231	6	0	24	12	6	15	4	6	55.88	0		3.445431
1	3	2	0	7	10	17	10	2	5	18.55	0		4.574696
7	130	7	0	0	0	23	16	5	6	85.28	1		1.282945
7	132	8	0	33	20	0	11	5	8	44.44	0		5.429560
12	220	1	0	17	6	17	10	4	5	22.22	0		1.675922
7	120	1	0	21	0	10	10	4	5	22.22	0		1.675922
7	133	8	0	33	20	8	11	5	8	44.44	0		5.429560
12	227	3	0	0	6	16	7	4	3	11.41	0		3.774906
12	223	3	0	0	6	19	7	4	3	11.41	0		3.774906
12	232	7	0	42	6	0	16	5	6	85.28	1		1.282945
12	236	9	0	42	11	0	15	5	8	70.13	0		4.126155
12	229	5	0	0	6	22	6	3	8	17.51	1		2.279339
12	228	5	0	21	0	15	6	3	8	17.51	1		2.279339
1	9	4	0	13	6	22	14	6	5	51.76	0		2.685742
1	8	4	0	42	11	8	14	6	5	51.76	0		2.685742
1	15	7	0	42	6	6	16	5	6	85.28	1		1.282945
1	14	6	0	24	12	12	15	4	6	55.88	0		3.445431
1	17	10	0	31	0	16	9	6	7	70.18	0		25.362738
12	238	9	0	44	20	0	15	5	8	70.13	0		4.126155
12	235	8	0	33	20	16	11	5	8	44.44	0		5.429560
1	4	3	0	9	12	26	7	4	3	11.41	0		3.774906
1	1	1	0	24	12	18	10	4	5	22.22	0		1.675922
12	224	3	0	24	16	26	7	4	3	11.41	0		3.774906
1	2	2	0	17	10	17	10	2	5	18.55	0		4.574696
1	5	3	0	13	6	27	7	4	3	11.41	0		3.774906
1	6	4	0	42	11	13	14	6	5	51.76	0		2.685742
1	7	4	0	42	11	18	14	6	5	51.76	0		2.685742
1	16	7	0	42	6	12	16	5	6	85.28	1		1.282945
12	233	7	0	44	20	8	16	5	6	85.28	1		1.282945
1	11	5	0	7	9	22	6	3	8	17.51	1		2.279339


