Name:				337_n020_m400_bt10_26893
Problem:			3L-VRPTW
Number_of_used_Vehicles:	1
Total_Travel_Distance:		269.83
Calculation_Time:		126.32
Total_Iterations:		1
ConstraintSet:			P1

-------------------------------------------------------------------------------------------------------------------
Tour_Id:			1
No_of_Customers:		5
No_of_Items:			109
Customer_Sequence:		2 1 6 11 7 

CustId	Id	TypeId	Rotated	x	y	z	Length	Width	Height	mass	Fragility	LoadBearingStrength
7	129	2	0	0	0	0	13	3	8	41.94	0		6.357081
7	130	2	0	0	3	0	13	3	8	41.94	0		6.357081
7	143	8	0	0	6	0	11	4	7	39.18	0		1.647596
7	140	7	0	0	10	0	14	6	3	40.86	0		11.155341
7	141	7	0	0	16	0	14	6	3	40.86	0		11.155341
7	142	7	0	0	10	3	14	6	3	40.86	0		11.155341
7	144	9	0	0	16	3	6	5	6	61.76	0		6.571891
7	147	9	0	0	10	6	6	5	6	61.76	0		6.571891
7	146	9	0	0	0	8	6	5	6	61.76	0		6.571891
7	145	9	0	0	16	9	6	5	6	61.76	0		6.571891
7	131	3	0	0	22	0	15	2	4	13.97	0		3.645134
7	132	3	0	0	22	4	15	2	4	13.97	0		3.645134
7	133	3	0	0	22	8	15	2	4	13.97	0		3.645134
7	134	3	0	0	22	12	15	2	4	13.97	0		3.645134
7	135	3	0	0	22	16	15	2	4	13.97	0		3.645134
7	148	10	0	0	6	7	14	2	4	56.44	0		11.405893
7	149	10	0	0	8	7	14	2	4	56.44	0		11.405893
7	128	1	0	0	6	11	12	3	3	21.65	0		3.189078
7	127	1	0	0	6	14	12	3	3	21.65	0		3.189078
7	136	4	0	13	0	0	15	4	8	53.06	1		1.746280
7	139	6	0	0	6	17	10	3	7	40.07	1		1.068636
6	124	9	0	0	10	12	6	5	6	61.76	0		6.571891
7	137	6	0	6	16	3	10	3	7	40.07	1		1.068636
11	222	8	0	14	10	0	11	4	7	39.18	0		1.647596
11	221	8	0	25	10	0	11	4	7	39.18	0		1.647596
11	220	8	0	25	14	0	11	4	7	39.18	0		1.647596
11	219	8	0	25	18	0	11	4	7	39.18	0		1.647596
11	217	8	0	25	18	7	11	4	7	39.18	0		1.647596
11	218	8	0	25	18	14	11	4	7	39.18	0		1.647596
6	116	4	0	6	0	8	15	4	8	53.06	1		1.746280
11	213	5	0	15	22	0	15	3	6	28.48	0		4.924769
11	214	5	0	15	22	6	15	3	6	28.48	0		4.924769
11	215	7	0	25	10	7	14	6	3	40.86	0		11.155341
11	216	7	0	28	0	0	14	6	3	40.86	0		11.155341
11	225	9	0	0	0	14	6	5	6	61.76	0		6.571891
11	224	9	0	0	16	15	6	5	6	61.76	0		6.571891
11	223	9	0	0	0	20	6	5	6	61.76	0		6.571891
11	210	3	0	0	22	20	15	2	4	13.97	0		3.645134
11	209	3	0	0	22	24	15	2	4	13.97	0		3.645134
11	208	3	0	13	4	0	15	2	4	13.97	0		3.645134
11	227	10	0	13	4	4	14	2	4	56.44	0		11.405893
11	228	10	0	6	4	8	14	2	4	56.44	0		11.405893
11	229	10	0	6	4	12	14	2	4	56.44	0		11.405893
11	230	10	0	6	4	16	14	2	4	56.44	0		11.405893
11	226	10	0	6	4	20	14	2	4	56.44	0		11.405893
11	207	1	0	15	22	12	12	3	3	21.65	0		3.189078
11	206	1	0	15	22	15	12	3	3	21.65	0		3.189078
11	205	1	0	15	22	18	12	3	3	21.65	0		3.189078
11	211	4	0	28	6	0	15	4	8	53.06	1		1.746280
6	108	2	0	15	22	21	13	3	8	41.94	0		6.357081
6	122	8	0	25	10	10	11	4	7	39.18	0		1.647596
6	117	5	0	28	0	3	15	3	6	28.48	0		4.924769
6	118	5	0	28	3	3	15	3	6	28.48	0		4.924769
6	120	7	0	28	0	9	14	6	3	40.86	0		11.155341
6	121	7	0	28	0	12	14	6	3	40.86	0		11.155341
6	123	9	0	0	10	18	6	5	6	61.76	0		6.571891
7	138	6	0	6	19	3	10	3	7	40.07	1		1.068636
6	111	3	0	6	4	24	15	2	4	13.97	0		3.645134
6	112	3	0	25	14	10	15	2	4	13.97	0		3.645134
6	113	3	0	25	14	14	15	2	4	13.97	0		3.645134
6	110	3	0	25	14	18	15	2	4	13.97	0		3.645134
6	109	3	0	25	14	22	15	2	4	13.97	0		3.645134
6	125	10	0	25	16	7	14	2	4	56.44	0		11.405893
6	126	10	0	25	16	11	14	2	4	56.44	0		11.405893
6	107	1	0	25	10	17	12	3	3	21.65	0		3.189078
6	114	4	0	6	0	16	15	4	8	53.06	1		1.746280
6	115	4	0	28	6	8	15	4	8	53.06	1		1.746280
11	212	5	0	30	22	0	15	3	6	28.48	0		4.924769
6	119	6	0	25	10	20	10	3	7	40.07	1		1.068636
1	4	2	0	25	18	21	13	3	8	41.94	0		6.357081
1	5	2	0	28	0	15	13	3	8	41.94	0		6.357081
1	12	8	0	28	0	23	11	4	7	39.18	0		1.647596
1	13	8	0	36	18	0	11	4	7	39.18	0		1.647596
1	7	5	0	28	3	15	15	3	6	28.48	0		4.924769
1	8	5	0	30	22	6	15	3	6	28.48	0		4.924769
1	9	5	0	30	22	12	15	3	6	28.48	0		4.924769
1	10	7	0	43	6	0	14	6	3	40.86	0		11.155341
1	11	7	0	43	12	0	14	6	3	40.86	0		11.155341
1	14	9	0	0	16	21	6	5	6	61.76	0		6.571891
1	6	3	0	25	16	15	15	2	4	13.97	0		3.645134
1	18	10	0	25	16	19	14	2	4	56.44	0		11.405893
1	17	10	0	25	16	23	14	2	4	56.44	0		11.405893
1	16	10	0	25	14	26	14	2	4	56.44	0		11.405893
1	15	10	0	30	22	18	14	2	4	56.44	0		11.405893
1	3	1	0	36	18	7	12	3	3	21.65	0		3.189078
1	2	1	0	36	18	10	12	3	3	21.65	0		3.189078
1	1	1	0	36	18	13	12	3	3	21.65	0		3.189078
2	23	2	1	43	3	3	13	3	8	41.94	0		6.357081
2	24	2	1	43	3	11	13	3	8	41.94	0		6.357081
2	36	8	1	43	3	19	11	4	7	39.18	0		1.647596
2	29	5	0	45	22	0	15	3	6	28.48	0		4.924769
2	35	7	1	46	3	3	14	6	3	40.86	0		11.155341
2	34	7	1	46	3	6	14	6	3	40.86	0		11.155341
2	39	9	0	46	3	9	6	5	6	61.76	0		6.571891
2	38	9	0	46	8	9	6	5	6	61.76	0		6.571891
2	37	9	0	46	13	9	6	5	6	61.76	0		6.571891
2	40	10	0	30	22	22	14	2	4	56.44	0		11.405893
2	20	1	1	43	3	26	12	3	3	21.65	0		3.189078
2	22	1	0	45	22	6	12	3	3	21.65	0		3.189078
2	21	1	0	45	22	9	12	3	3	21.65	0		3.189078
2	19	1	0	45	22	12	12	3	3	21.65	0		3.189078
2	28	4	0	28	6	16	15	4	8	53.06	1		1.746280
2	27	4	1	52	3	3	15	4	8	53.06	1		1.746280
2	26	4	1	52	3	11	15	4	8	53.06	1		1.746280
2	25	4	1	52	3	19	15	4	8	53.06	1		1.746280
2	30	6	0	45	22	15	10	3	7	40.07	1		1.068636
2	31	6	0	44	22	22	10	3	7	40.07	1		1.068636
2	32	6	1	57	6	0	10	3	7	40.07	1		1.068636
2	33	6	1	57	6	7	10	3	7	40.07	1		1.068636


