Name:				352_n020_m400_bt10_28437
Problem:			3L-VRPTW
Number_of_used_Vehicles:	1
Total_Travel_Distance:		54.94
Calculation_Time:		4.51
Total_Iterations:		1
ConstraintSet:			P1

-------------------------------------------------------------------------------------------------------------------
Tour_Id:			1
No_of_Customers:		3
No_of_Items:			59
Customer_Sequence:		12 13 8 

CustId	Id	TypeId	Rotated	x	y	z	Length	Width	Height	mass	Fragility	LoadBearingStrength
8	134	6	0	0	0	0	16	5	8	52.07	0		2.176094
8	131	2	0	0	5	0	13	6	7	60.03	0		5.086169
8	130	2	0	0	11	0	13	6	7	60.03	0		5.086169
8	138	8	0	0	17	0	17	7	4	57.89	0		3.466435
8	139	8	0	0	17	4	17	7	4	57.89	0		3.466435
8	135	7	0	0	5	7	6	6	7	43.90	0		11.242106
8	136	7	0	0	11	7	6	6	7	43.90	0		11.242106
8	137	7	0	0	17	8	6	6	7	43.90	0		11.242106
8	145	10	0	0	0	8	6	2	6	12.01	0		5.612750
8	146	10	0	0	2	8	6	2	6	12.01	0		5.612750
8	133	4	1	0	0	14	14	7	8	78.38	1		0.771859
8	132	4	1	0	0	22	14	7	8	78.38	1		0.771859
8	140	9	0	13	5	0	15	4	7	47.06	1		1.910406
8	141	9	0	6	5	7	15	4	7	47.06	1		1.910406
8	142	9	0	13	9	0	15	4	7	47.06	1		1.910406
8	143	9	0	6	9	7	15	4	7	47.06	1		1.910406
8	144	9	0	13	13	0	15	4	7	47.06	1		1.910406
13	239	6	0	16	0	0	16	5	8	52.07	0		2.176094
13	229	2	0	6	17	8	13	6	7	60.03	0		5.086169
13	230	2	0	0	17	15	13	6	7	60.03	0		5.086169
13	244	8	0	17	17	0	17	7	4	57.89	0		3.466435
13	228	1	0	0	17	22	15	3	7	27.94	0		2.504386
13	243	7	0	13	17	15	6	6	7	43.90	0		11.242106
13	242	7	0	28	5	0	6	6	7	43.90	0		11.242106
13	241	7	0	28	11	0	6	6	7	43.90	0		11.242106
13	240	7	0	28	5	7	6	6	7	43.90	0		11.242106
13	231	3	0	0	20	22	13	3	5	22.75	0		5.543580
13	232	3	0	16	0	8	13	3	5	22.75	0		5.543580
13	238	5	0	17	17	4	9	5	4	14.48	0		2.232111
13	237	5	0	19	17	8	9	5	4	14.48	0		2.232111
13	236	5	0	19	17	12	9	5	4	14.48	0		2.232111
13	235	5	0	19	17	16	9	5	4	14.48	0		2.232111
13	247	10	0	0	14	14	6	2	6	12.01	0		5.612750
13	248	10	0	0	14	20	6	2	6	12.01	0		5.612750
13	234	4	0	34	5	0	14	7	8	78.38	1		0.771859
13	233	4	0	34	12	0	14	7	8	78.38	1		0.771859
13	245	9	0	13	13	7	15	4	7	47.06	1		1.910406
13	246	9	0	13	13	14	15	4	7	47.06	1		1.910406
12	214	6	0	32	0	0	16	5	8	52.07	0		2.176094
12	209	2	0	34	19	0	13	6	7	60.03	0		5.086169
12	220	8	1	48	0	0	17	7	4	57.89	0		3.466435
12	219	8	1	48	0	4	17	7	4	57.89	0		3.466435
12	218	8	1	48	0	8	17	7	4	57.89	0		3.466435
12	217	8	1	48	0	12	17	7	4	57.89	0		3.466435
12	208	1	0	16	0	13	15	3	7	27.94	0		2.504386
12	207	1	0	16	0	20	15	3	7	27.94	0		2.504386
12	215	7	0	19	17	20	6	6	7	43.90	0		11.242106
12	216	7	0	28	5	14	6	6	7	43.90	0		11.242106
12	210	3	0	29	0	8	13	3	5	22.75	0		5.543580
12	213	5	0	34	19	7	9	5	4	14.48	0		2.232111
12	225	10	0	13	20	22	6	2	6	12.01	0		5.612750
12	226	10	0	16	3	8	6	2	6	12.01	0		5.612750
12	227	10	0	16	3	14	6	2	6	12.01	0		5.612750
12	212	4	0	34	5	8	14	7	8	78.38	1		0.771859
12	211	4	0	34	12	8	14	7	8	78.38	1		0.771859
12	221	9	0	13	13	21	15	4	7	47.06	1		1.910406
12	222	9	0	34	5	16	15	4	7	47.06	1		1.910406
12	223	9	0	34	9	16	15	4	7	47.06	1		1.910406
12	224	9	0	34	13	16	15	4	7	47.06	1		1.910406


