Name:				406_n060_m400_bt3_32771
Problem:			3L-VRPTW
Number_of_used_Vehicles:	1
Total_Travel_Distance:		311.17
Calculation_Time:		6.55
Total_Iterations:		1
ConstraintSet:			P1

-------------------------------------------------------------------------------------------------------------------
Tour_Id:			1
No_of_Customers:		7
No_of_Items:			55
Customer_Sequence:		14 3 12 9 5 13 7 

CustId	Id	TypeId	Rotated	x	y	z	Length	Width	Height	mass	Fragility	LoadBearingStrength
7	53	2	0	0	0	0	16	5	8	219.03	0		14.077776
7	54	2	0	0	5	0	16	5	8	219.03	0		14.077776
7	55	2	0	0	10	0	16	5	8	219.03	0		14.077776
7	48	1	0	0	15	0	10	6	6	130.90	0		4.410977
7	49	1	0	0	15	6	10	6	6	130.90	0		4.410977
7	50	1	0	0	0	8	10	6	6	130.90	0		4.410977
7	51	1	0	0	6	8	10	6	6	130.90	0		4.410977
7	52	1	0	0	15	12	10	6	6	130.90	0		4.410977
7	56	3	0	0	21	0	13	4	3	65.32	1		2.625194
13	91	2	0	10	15	0	16	5	8	219.03	0		14.077776
13	92	2	1	10	0	8	16	5	8	219.03	0		14.077776
13	93	2	0	10	16	8	16	5	8	219.03	0		14.077776
13	87	1	0	0	0	14	10	6	6	130.90	0		4.410977
13	88	1	0	0	6	14	10	6	6	130.90	0		4.410977
13	89	1	0	0	15	18	10	6	6	130.90	0		4.410977
13	90	1	0	0	0	20	10	6	6	130.90	0		4.410977
13	94	3	0	0	21	3	13	4	3	65.32	1		2.625194
13	95	3	0	0	21	6	13	4	3	65.32	1		2.625194
5	33	2	1	10	0	16	16	5	8	219.03	0		14.077776
5	30	1	0	0	6	20	10	6	6	130.90	0		4.410977
5	31	1	0	0	15	24	10	6	6	130.90	0		4.410977
5	32	1	0	10	16	16	10	6	6	130.90	0		4.410977
5	34	3	0	0	21	9	13	4	3	65.32	1		2.625194
5	35	3	0	0	21	12	13	4	3	65.32	1		2.625194
5	36	3	0	0	0	26	13	4	3	65.32	1		2.625194
5	37	3	0	0	4	26	13	4	3	65.32	1		2.625194
5	38	3	0	0	8	26	13	4	3	65.32	1		2.625194
9	65	2	0	16	0	0	16	5	8	219.03	0		14.077776
9	66	2	0	15	0	8	16	5	8	219.03	0		14.077776
9	67	2	0	15	0	16	16	5	8	219.03	0		14.077776
9	68	2	0	16	5	0	16	5	8	219.03	0		14.077776
9	60	1	0	10	16	22	10	6	6	130.90	0		4.410977
9	61	1	0	15	5	8	10	6	6	130.90	0		4.410977
9	62	1	0	15	5	14	10	6	6	130.90	0		4.410977
9	63	1	0	15	5	20	10	6	6	130.90	0		4.410977
9	64	1	0	26	15	0	10	6	6	130.90	0		4.410977
12	84	2	0	32	0	0	16	5	8	219.03	0		14.077776
12	85	2	0	31	0	8	16	5	8	219.03	0		14.077776
12	86	2	0	31	0	16	16	5	8	219.03	0		14.077776
12	81	1	0	26	15	6	10	6	6	130.90	0		4.410977
12	82	1	0	26	15	12	10	6	6	130.90	0		4.410977
12	83	1	0	26	15	18	10	6	6	130.90	0		4.410977
3	20	2	0	32	5	0	16	5	8	219.03	0		14.077776
3	17	1	0	25	5	8	10	6	6	130.90	0		4.410977
3	18	1	0	25	5	14	10	6	6	130.90	0		4.410977
3	19	1	0	25	5	20	10	6	6	130.90	0		4.410977
3	21	3	0	15	0	24	13	4	3	65.32	1		2.625194
14	97	2	0	35	5	8	16	5	8	219.03	0		14.077776
14	98	2	0	35	5	16	16	5	8	219.03	0		14.077776
14	99	2	0	36	15	0	16	5	8	219.03	0		14.077776
14	100	2	0	36	20	0	16	5	8	219.03	0		14.077776
14	96	1	0	26	15	24	10	6	6	130.90	0		4.410977
14	101	3	0	15	5	26	13	4	3	65.32	1		2.625194
14	102	3	0	15	0	27	13	4	3	65.32	1		2.625194
14	103	3	0	28	0	24	13	4	3	65.32	1		2.625194


