Name:				441_n060_m400_bt10_35815
Problem:			3L-VRPTW
Number_of_used_Vehicles:	1
Total_Travel_Distance:		258.47
Calculation_Time:		339.03
Total_Iterations:		1
ConstraintSet:			P1

-------------------------------------------------------------------------------------------------------------------
Tour_Id:			1
No_of_Customers:		11
No_of_Items:			83
Customer_Sequence:		12 14 10 8 13 7 1 5 6 16 3 

CustId	Id	TypeId	Rotated	x	y	z	Length	Width	Height	mass	Fragility	LoadBearingStrength
3	21	7	0	0	0	0	17	5	8	71.92	0		3.406177
3	19	5	0	0	5	0	6	5	7	44.98	0		16.644841
3	20	6	0	0	10	0	13	5	3	105.57	0		25.253644
3	15	1	0	0	15	0	7	6	4	66.25	0		12.633782
3	16	2	0	0	21	0	9	2	7	46.67	0		76.636410
3	17	2	0	0	23	0	9	2	7	46.67	0		76.636410
3	23	10	0	0	10	3	8	5	3	26.68	0		5.988737
3	22	8	0	0	21	7	12	3	3	15.18	0		3.374538
3	18	3	0	0	15	4	6	5	8	95.28	1		18.448174
16	109	1	0	0	0	8	7	6	4	66.25	0		12.633782
16	111	8	0	0	21	10	12	3	3	15.18	0		3.374538
16	112	9	0	6	5	0	16	5	5	79.26	1		1.684829
1	5	7	0	7	15	0	17	5	8	71.92	0		3.406177
16	110	3	0	0	10	6	6	5	8	95.28	1		18.448174
6	40	7	0	13	10	0	17	5	8	71.92	0		3.406177
6	39	6	0	7	0	8	13	5	3	105.57	0		25.253644
6	38	1	0	0	0	12	7	6	4	66.25	0		12.633782
6	41	8	0	0	21	13	12	3	3	15.18	0		3.374538
6	42	8	0	0	21	16	12	3	3	15.18	0		3.374538
5	32	4	0	0	0	16	7	6	6	95.44	0		7.940688
1	7	8	0	0	21	19	12	3	3	15.18	0		3.374538
5	34	5	0	0	0	22	6	5	7	44.98	0		16.644841
5	35	5	0	7	0	11	6	5	7	44.98	0		16.644841
5	29	1	0	13	0	11	7	6	4	66.25	0		12.633782
5	30	1	0	13	0	15	7	6	4	66.25	0		12.633782
5	31	2	0	13	10	8	9	2	7	46.67	0		76.636410
5	36	10	0	13	0	19	8	5	3	26.68	0		5.988737
16	113	9	0	17	0	0	16	5	5	79.26	1		1.684829
5	37	10	0	13	0	22	8	5	3	26.68	0		5.988737
1	6	7	0	7	15	8	17	5	8	71.92	0		3.406177
1	3	4	0	7	15	16	7	6	6	95.44	0		7.940688
1	4	5	0	7	15	22	6	5	7	44.98	0		16.644841
1	9	10	0	13	0	25	8	5	3	26.68	0		5.988737
5	33	5	0	7	0	18	6	5	7	44.98	0		16.644841
1	8	9	0	22	5	0	16	5	5	79.26	1		1.684829
1	1	3	0	0	15	12	6	5	8	95.28	1		18.448174
1	2	3	0	0	15	20	6	5	8	95.28	1		18.448174
7	47	7	0	24	15	0	17	5	8	71.92	0		3.406177
8	55	8	0	0	21	22	12	3	3	15.18	0		3.374538
7	46	5	0	14	15	16	6	5	7	44.98	0		16.644841
7	43	1	0	24	15	8	7	6	4	66.25	0		12.633782
10	70	5	0	14	15	23	6	5	7	44.98	0		16.644841
7	44	3	0	22	5	5	6	5	8	95.28	1		18.448174
13	90	4	0	24	15	12	7	6	6	95.44	0		7.940688
13	91	5	0	22	10	8	6	5	7	44.98	0		16.644841
13	92	6	0	30	10	0	13	5	3	105.57	0		25.253644
13	93	6	0	30	10	3	13	5	3	105.57	0		25.253644
13	94	6	0	30	10	6	13	5	3	105.57	0		25.253644
8	54	7	0	30	10	9	17	5	8	71.92	0		3.406177
13	89	2	0	13	12	8	9	2	7	46.67	0		76.636410
14	97	3	0	22	5	13	6	5	8	95.28	1		18.448174
8	51	7	0	13	10	15	17	5	8	71.92	0		3.406177
8	52	7	0	30	10	17	17	5	8	71.92	0		3.406177
8	53	7	0	33	0	0	17	5	8	71.92	0		3.406177
13	88	1	0	24	15	18	7	6	4	66.25	0		12.633782
8	49	2	0	13	10	23	9	2	7	46.67	0		76.636410
8	50	2	0	13	12	23	9	2	7	46.67	0		76.636410
7	45	4	0	41	15	0	7	6	6	95.44	0		7.940688
8	56	9	0	30	10	25	16	5	5	79.26	1		1.684829
8	57	9	0	33	0	8	16	5	5	79.26	1		1.684829
10	71	7	0	38	5	0	17	5	8	71.92	0		3.406177
10	69	4	0	24	15	22	7	6	6	95.44	0		7.940688
7	48	9	0	24	20	0	16	5	5	79.26	1		1.684829
10	65	2	0	31	15	8	9	2	7	46.67	0		76.636410
10	72	9	0	33	0	13	16	5	5	79.26	1		1.684829
10	66	3	0	28	5	5	6	5	8	95.28	1		18.448174
12	86	9	0	33	0	18	16	5	5	79.26	1		1.684829
10	68	3	0	41	15	6	6	5	8	95.28	1		18.448174
14	98	4	0	48	15	0	7	6	6	95.44	0		7.940688
14	99	5	0	38	5	8	6	5	7	44.98	0		16.644841
14	100	5	0	38	5	15	6	5	7	44.98	0		16.644841
14	101	6	0	44	5	8	13	5	3	105.57	0		25.253644
14	102	6	0	44	5	11	13	5	3	105.57	0		25.253644
14	96	1	0	47	15	6	7	6	4	66.25	0		12.633782
14	104	10	0	38	5	22	8	5	3	26.68	0		5.988737
12	84	3	0	41	15	14	6	5	8	95.28	1		18.448174
13	95	9	0	43	10	0	16	5	5	79.26	1		1.684829
12	85	5	0	47	15	10	6	5	7	44.98	0		16.644841
12	82	2	0	31	15	15	9	2	7	46.67	0		76.636410
10	67	3	0	50	0	0	6	5	8	95.28	1		18.448174
12	87	9	0	33	0	23	16	5	5	79.26	1		1.684829
12	83	3	0	41	15	22	6	5	8	95.28	1		18.448174
14	103	9	0	44	5	14	16	5	5	79.26	1		1.684829


