Name:				350_n020_m400_bt3
Problem:			3L-VRPTW
Number_of_used_Vehicles:	6
Total_Travel_Distance:		423.16
Calculation_Time:		3600.00
Total_Iterations:		310
ConstraintSet:			P7

-------------------------------------------------------------------------------------------------------------------
Tour_Id:			1
No_of_Customers:		4
No_of_Items:			75
Customer_Sequence:		12 16 17 10 

CustId	Id	TypeId	Rotated	x	y	z	Length	Width	Height	mass	Fragility	LoadBearingStrength
10	203	2	0	0	0	0	16	5	8	76.08	0		4.691357
10	202	2	0	0	5	0	16	5	8	76.08	0		4.691357
10	201	2	0	0	10	0	16	5	8	76.08	0		4.691357
10	200	2	0	0	15	0	16	5	8	76.08	0		4.691357
10	193	2	0	0	20	0	16	5	8	76.08	0		4.691357
10	194	2	0	0	0	8	16	5	8	76.08	0		4.691357
10	195	2	0	0	5	8	16	5	8	76.08	0		4.691357
10	196	2	0	0	10	8	16	5	8	76.08	0		4.691357
10	197	2	0	0	15	8	16	5	8	76.08	0		4.691357
10	198	2	0	0	20	8	16	5	8	76.08	0		4.691357
10	199	2	0	0	0	16	16	5	8	76.08	0		4.691357
10	189	1	0	3	5	16	8	6	6	45.70	0		6.984381
10	192	1	0	3	11	16	8	6	6	45.70	0		6.984381
10	191	1	0	3	17	16	8	6	6	45.70	0		6.984381
10	190	1	0	3	0	24	8	6	6	45.70	0		6.984381
10	188	1	0	3	11	22	8	6	6	45.70	0		6.984381
10	204	3	0	3	17	22	8	6	7	138.98	1		5.586456
17	340	2	1	11	5	16	16	5	8	76.08	0		4.691357
17	339	2	0	16	0	0	16	5	8	76.08	0		4.691357
17	338	2	0	16	5	0	16	5	8	76.08	0		4.691357
17	337	2	0	16	10	0	16	5	8	76.08	0		4.691357
17	336	2	0	16	15	0	16	5	8	76.08	0		4.691357
16	316	2	0	16	20	0	16	5	8	76.08	0		4.691357
17	335	1	0	19	0	8	8	6	6	45.70	0		6.984381
16	318	2	0	16	6	8	16	5	8	76.08	0		4.691357
17	333	1	0	19	11	8	8	6	6	45.70	0		6.984381
17	332	1	0	19	0	14	8	6	6	45.70	0		6.984381
17	331	1	0	19	11	14	8	6	6	45.70	0		6.984381
17	330	1	0	19	0	20	8	6	6	45.70	0		6.984381
16	317	2	0	16	17	8	16	5	8	76.08	0		4.691357
17	341	3	0	19	11	20	8	6	7	138.98	1		5.586456
17	342	3	0	32	0	0	8	6	7	138.98	1		5.586456
17	343	3	0	32	0	7	8	6	7	138.98	1		5.586456
17	344	3	0	32	0	14	8	6	7	138.98	1		5.586456
17	345	3	0	32	0	21	8	6	7	138.98	1		5.586456
17	346	3	0	40	0	0	8	6	7	138.98	1		5.586456
16	321	2	0	16	6	16	16	5	8	76.08	0		4.691357
16	320	2	0	16	17	16	16	5	8	76.08	0		4.691357
16	319	2	0	32	6	0	16	5	8	76.08	0		4.691357
17	334	1	0	32	11	0	8	6	6	45.70	0		6.984381
17	328	1	0	32	11	6	8	6	6	45.70	0		6.984381
17	329	1	0	32	11	12	8	6	6	45.70	0		6.984381
16	311	1	0	19	17	24	8	6	6	45.70	0		6.984381
16	315	1	0	32	17	0	8	6	6	45.70	0		6.984381
16	314	1	0	32	17	6	8	6	6	45.70	0		6.984381
16	313	1	0	32	17	12	8	6	6	45.70	0		6.984381
16	312	1	0	32	11	18	8	6	6	45.70	0		6.984381
12	235	2	0	32	6	8	16	5	8	76.08	0		4.691357
16	326	3	0	32	17	18	8	6	7	138.98	1		5.586456
16	323	3	0	40	11	0	8	6	7	138.98	1		5.586456
16	324	3	0	40	17	0	8	6	7	138.98	1		5.586456
16	325	3	0	40	0	7	8	6	7	138.98	1		5.586456
12	237	2	0	32	6	16	16	5	8	76.08	0		4.691357
16	327	3	0	40	11	7	8	6	7	138.98	1		5.586456
12	238	2	1	48	0	0	16	5	8	76.08	0		4.691357
16	310	1	0	32	11	24	8	6	6	45.70	0		6.984381
12	236	2	1	48	0	8	16	5	8	76.08	0		4.691357
16	322	3	0	40	17	7	8	6	7	138.98	1		5.586456
12	234	2	1	48	0	16	16	5	8	76.08	0		4.691357
12	233	2	1	53	0	0	16	5	8	76.08	0		4.691357
12	231	2	1	53	0	8	16	5	8	76.08	0		4.691357
12	232	2	1	53	0	16	16	5	8	76.08	0		4.691357
12	225	1	0	48	16	0	8	6	6	45.70	0		6.984381
12	230	1	0	48	16	6	8	6	6	45.70	0		6.984381
12	229	1	0	48	16	12	8	6	6	45.70	0		6.984381
12	228	1	0	48	16	18	8	6	6	45.70	0		6.984381
12	227	1	0	48	0	24	8	6	6	45.70	0		6.984381
12	226	1	0	40	6	24	8	6	6	45.70	0		6.984381
12	224	1	0	48	6	24	8	6	6	45.70	0		6.984381
12	239	3	0	40	0	14	8	6	7	138.98	1		5.586456
12	240	3	0	40	11	14	8	6	7	138.98	1		5.586456
12	241	3	0	40	17	14	8	6	7	138.98	1		5.586456
12	242	3	0	40	0	21	8	6	7	138.98	1		5.586456
12	243	3	0	40	12	21	8	6	7	138.98	1		5.586456
12	244	3	0	40	18	21	8	6	7	138.98	1		5.586456


-------------------------------------------------------------------------------------------------------------------
Tour_Id:			2
No_of_Customers:		2
No_of_Items:			47
Customer_Sequence:		11 1 

CustId	Id	TypeId	Rotated	x	y	z	Length	Width	Height	mass	Fragility	LoadBearingStrength
1	9	2	0	0	0	0	16	5	8	76.08	0		4.691357
1	17	2	0	0	5	0	16	5	8	76.08	0		4.691357
1	16	2	0	0	10	0	16	5	8	76.08	0		4.691357
1	15	2	0	0	15	0	16	5	8	76.08	0		4.691357
1	14	2	0	0	20	0	16	5	8	76.08	0		4.691357
1	13	2	0	0	0	8	16	5	8	76.08	0		4.691357
1	12	2	0	0	5	8	16	5	8	76.08	0		4.691357
1	11	2	0	0	10	8	16	5	8	76.08	0		4.691357
1	10	2	0	0	15	8	16	5	8	76.08	0		4.691357
1	8	2	0	0	20	8	16	5	8	76.08	0		4.691357
1	18	2	0	0	0	16	16	5	8	76.08	0		4.691357
1	19	2	0	0	5	16	16	5	8	76.08	0		4.691357
1	20	2	0	0	10	16	16	5	8	76.08	0		4.691357
1	21	2	0	0	15	16	16	5	8	76.08	0		4.691357
1	22	2	0	0	20	16	16	5	8	76.08	0		4.691357
1	23	2	0	16	0	0	16	5	8	76.08	0		4.691357
1	2	1	0	3	0	24	8	6	6	45.70	0		6.984381
1	7	1	0	3	6	24	8	6	6	45.70	0		6.984381
1	6	1	0	3	12	24	8	6	6	45.70	0		6.984381
1	5	1	0	3	18	24	8	6	6	45.70	0		6.984381
1	4	1	1	11	6	24	8	6	6	45.70	0		6.984381
1	3	1	1	11	14	24	8	6	6	45.70	0		6.984381
1	1	1	1	16	5	0	8	6	6	45.70	0		6.984381
1	24	3	1	16	13	0	8	6	7	138.98	1		5.586456
1	25	3	1	16	5	6	8	6	7	138.98	1		5.586456
1	26	3	1	16	13	7	8	6	7	138.98	1		5.586456
1	27	3	1	16	5	13	8	6	7	138.98	1		5.586456
1	28	3	1	16	13	14	8	6	7	138.98	1		5.586456
11	217	2	0	16	0	8	16	5	8	76.08	0		4.691357
11	216	2	0	16	0	16	16	5	8	76.08	0		4.691357
11	215	2	0	22	5	0	16	5	8	76.08	0		4.691357
11	214	2	0	22	10	0	16	5	8	76.08	0		4.691357
11	213	2	0	22	15	0	16	5	8	76.08	0		4.691357
11	206	1	0	25	5	8	8	6	6	45.70	0		6.984381
11	212	1	0	25	11	8	8	6	6	45.70	0		6.984381
11	211	1	0	25	5	14	8	6	6	45.70	0		6.984381
11	210	1	0	25	11	14	8	6	6	45.70	0		6.984381
11	209	1	0	25	5	20	8	6	6	45.70	0		6.984381
11	208	1	0	25	11	20	8	6	6	45.70	0		6.984381
11	207	1	1	33	5	8	8	6	6	45.70	0		6.984381
11	205	1	0	33	5	14	8	6	6	45.70	0		6.984381
11	218	3	0	33	5	20	8	6	7	138.98	1		5.586456
11	219	3	1	38	0	0	8	6	7	138.98	1		5.586456
11	220	3	1	38	8	0	8	6	7	138.98	1		5.586456
11	221	3	0	38	16	0	8	6	7	138.98	1		5.586456
11	222	3	0	38	13	7	8	6	7	138.98	1		5.586456
11	223	3	0	38	13	14	8	6	7	138.98	1		5.586456


-------------------------------------------------------------------------------------------------------------------
Tour_Id:			3
No_of_Customers:		3
No_of_Items:			64
Customer_Sequence:		4 7 9 

CustId	Id	TypeId	Rotated	x	y	z	Length	Width	Height	mass	Fragility	LoadBearingStrength
7	132	1	0	0	0	0	8	6	6	45.70	0		6.984381
9	179	2	0	0	6	0	16	5	8	76.08	0		4.691357
9	178	2	0	0	11	0	16	5	8	76.08	0		4.691357
9	177	2	0	0	16	0	16	5	8	76.08	0		4.691357
9	176	2	0	0	6	8	16	5	8	76.08	0		4.691357
9	175	2	0	0	11	8	16	5	8	76.08	0		4.691357
9	166	1	0	3	16	8	8	6	6	45.70	0		6.984381
9	174	1	0	3	6	16	8	6	6	45.70	0		6.984381
9	173	1	0	3	16	14	8	6	6	45.70	0		6.984381
9	172	1	0	3	16	20	8	6	6	45.70	0		6.984381
9	171	1	0	3	6	22	8	6	6	45.70	0		6.984381
9	170	1	1	11	6	16	8	6	6	45.70	0		6.984381
9	169	1	0	11	6	22	8	6	6	45.70	0		6.984381
9	168	1	1	16	6	0	8	6	6	45.70	0		6.984381
9	167	1	0	16	14	0	8	6	6	45.70	0		6.984381
9	165	1	1	16	6	6	8	6	6	45.70	0		6.984381
9	181	3	0	16	14	6	8	6	7	138.98	1		5.586456
9	182	3	0	16	14	13	8	6	7	138.98	1		5.586456
9	183	3	0	16	14	20	8	6	7	138.98	1		5.586456
9	184	3	0	22	6	0	8	6	7	138.98	1		5.586456
9	185	3	0	22	6	7	8	6	7	138.98	1		5.586456
9	186	3	0	22	6	14	8	6	7	138.98	1		5.586456
9	187	3	0	22	6	21	8	6	7	138.98	1		5.586456
7	142	2	0	8	0	0	16	5	8	76.08	0		4.691357
7	141	2	0	8	0	8	16	5	8	76.08	0		4.691357
7	140	2	0	8	0	16	16	5	8	76.08	0		4.691357
7	139	2	0	16	20	0	16	5	8	76.08	0		4.691357
7	138	2	0	11	20	8	16	5	8	76.08	0		4.691357
7	137	2	0	11	20	16	16	5	8	76.08	0		4.691357
7	135	2	0	24	0	0	16	5	8	76.08	0		4.691357
7	136	2	0	24	14	0	16	5	8	76.08	0		4.691357
7	129	1	0	0	0	6	8	6	6	45.70	0		6.984381
7	134	1	0	0	0	12	8	6	6	45.70	0		6.984381
7	133	1	0	0	0	18	8	6	6	45.70	0		6.984381
9	180	2	0	30	6	0	16	5	8	76.08	0		4.691357
7	131	1	0	0	0	24	8	6	6	45.70	0		6.984381
7	130	1	0	11	0	24	8	6	6	45.70	0		6.984381
7	128	1	0	27	0	8	8	6	6	45.70	0		6.984381
7	143	3	0	27	14	8	8	6	7	138.98	1		5.586456
7	144	3	0	27	0	14	8	6	7	138.98	1		5.586456
7	145	3	0	27	14	15	8	6	7	138.98	1		5.586456
7	146	3	0	27	0	21	8	6	7	138.98	1		5.586456
7	147	3	0	27	14	22	8	6	7	138.98	1		5.586456
4	81	2	0	30	6	8	16	5	8	76.08	0		4.691357
4	80	2	0	30	6	16	16	5	8	76.08	0		4.691357
4	79	2	0	32	20	0	16	5	8	76.08	0		4.691357
4	78	2	0	27	20	8	16	5	8	76.08	0		4.691357
4	77	2	0	27	20	16	16	5	8	76.08	0		4.691357
4	74	2	0	40	0	0	16	5	8	76.08	0		4.691357
4	75	2	0	35	0	8	16	5	8	76.08	0		4.691357
4	76	2	0	35	0	16	16	5	8	76.08	0		4.691357
4	69	1	0	33	6	24	8	6	6	45.70	0		6.984381
4	73	1	0	43	0	24	8	6	6	45.70	0		6.984381
4	72	1	0	40	14	0	8	6	6	45.70	0		6.984381
4	71	1	1	40	12	6	8	6	6	45.70	0		6.984381
4	70	1	0	40	12	12	8	6	6	45.70	0		6.984381
4	68	1	0	40	12	18	8	6	6	45.70	0		6.984381
4	82	3	0	46	6	0	8	6	7	138.98	1		5.586456
4	83	3	0	46	6	7	8	6	7	138.98	1		5.586456
4	84	3	0	46	6	14	8	6	7	138.98	1		5.586456
4	85	3	0	46	6	21	8	6	7	138.98	1		5.586456
4	86	3	0	48	14	0	8	6	7	138.98	1		5.586456
4	87	3	0	48	14	7	8	6	7	138.98	1		5.586456
4	88	3	1	48	12	14	8	6	7	138.98	1		5.586456


-------------------------------------------------------------------------------------------------------------------
Tour_Id:			4
No_of_Customers:		4
No_of_Items:			76
Customer_Sequence:		14 6 2 19 

CustId	Id	TypeId	Rotated	x	y	z	Length	Width	Height	mass	Fragility	LoadBearingStrength
19	367	1	0	0	0	0	8	6	6	45.70	0		6.984381
19	373	2	0	0	6	0	16	5	8	76.08	0		4.691357
19	376	3	0	0	11	0	8	6	7	138.98	1		5.586456
19	364	1	0	0	17	0	8	6	6	45.70	0		6.984381
19	371	1	0	0	0	6	8	6	6	45.70	0		6.984381
19	370	1	0	0	17	6	8	6	6	45.70	0		6.984381
19	372	2	0	0	6	8	16	5	8	76.08	0		4.691357
19	368	1	0	0	0	12	8	6	6	45.70	0		6.984381
19	374	2	0	0	6	16	16	5	8	76.08	0		4.691357
19	366	1	0	0	17	12	8	6	6	45.70	0		6.984381
19	365	1	0	0	0	18	8	6	6	45.70	0		6.984381
19	363	1	0	0	17	18	8	6	6	45.70	0		6.984381
19	375	3	0	0	11	7	8	6	7	138.98	1		5.586456
19	369	1	0	0	0	24	8	6	6	45.70	0		6.984381
19	377	3	0	0	11	14	8	6	7	138.98	1		5.586456
19	378	3	0	0	11	21	8	6	7	138.98	1		5.586456
19	379	3	0	8	0	0	8	6	7	138.98	1		5.586456
19	380	3	0	8	11	0	8	6	7	138.98	1		5.586456
2	49	3	0	8	17	0	8	6	7	138.98	1		5.586456
2	41	2	0	16	0	0	16	5	8	76.08	0		4.691357
2	40	2	0	16	5	0	16	5	8	76.08	0		4.691357
2	33	2	0	16	10	0	16	5	8	76.08	0		4.691357
2	34	2	0	16	15	0	16	5	8	76.08	0		4.691357
2	35	2	0	16	20	0	16	5	8	76.08	0		4.691357
2	36	2	0	16	0	8	16	5	8	76.08	0		4.691357
2	37	2	0	16	5	8	16	5	8	76.08	0		4.691357
2	38	2	0	16	10	8	16	5	8	76.08	0		4.691357
2	39	2	0	16	15	8	16	5	8	76.08	0		4.691357
2	30	1	0	0	17	24	8	6	6	45.70	0		6.984381
2	32	1	0	19	0	16	8	6	6	45.70	0		6.984381
2	31	1	0	19	6	16	8	6	6	45.70	0		6.984381
2	29	1	0	19	15	16	8	6	6	45.70	0		6.984381
2	43	3	0	8	0	7	8	6	7	138.98	1		5.586456
2	44	3	0	8	11	7	8	6	7	138.98	1		5.586456
2	45	3	0	8	17	7	8	6	7	138.98	1		5.586456
2	46	3	0	8	0	14	8	6	7	138.98	1		5.586456
2	47	3	0	8	11	14	8	6	7	138.98	1		5.586456
2	48	3	0	8	17	14	8	6	7	138.98	1		5.586456
2	42	2	0	16	20	8	16	5	8	76.08	0		4.691357
6	124	2	1	22	6	22	16	5	8	76.08	0		4.691357
6	123	2	1	27	0	16	16	5	8	76.08	0		4.691357
6	122	2	0	32	0	0	16	5	8	76.08	0		4.691357
6	121	2	0	32	5	0	16	5	8	76.08	0		4.691357
6	120	2	0	32	10	0	16	5	8	76.08	0		4.691357
6	114	2	0	32	15	0	16	5	8	76.08	0		4.691357
6	115	2	0	32	20	0	16	5	8	76.08	0		4.691357
6	116	2	0	32	0	8	16	5	8	76.08	0		4.691357
6	117	2	0	32	5	8	16	5	8	76.08	0		4.691357
6	118	2	0	32	10	8	16	5	8	76.08	0		4.691357
6	119	2	0	32	15	8	16	5	8	76.08	0		4.691357
6	109	1	0	19	0	22	8	6	6	45.70	0		6.984381
6	113	1	0	35	0	16	8	6	6	45.70	0		6.984381
6	112	1	0	35	6	16	8	6	6	45.70	0		6.984381
6	111	1	0	35	12	16	8	6	6	45.70	0		6.984381
6	110	1	0	35	0	22	8	6	6	45.70	0		6.984381
6	108	1	0	35	6	22	8	6	6	45.70	0		6.984381
6	125	3	0	35	12	22	8	6	7	138.98	1		5.586456
6	126	3	1	43	0	16	8	6	7	138.98	1		5.586456
6	127	3	1	43	8	16	8	6	7	138.98	1		5.586456
14	278	1	0	49	0	0	8	6	6	45.70	0		6.984381
14	282	2	0	32	20	8	16	5	8	76.08	0		4.691357
14	281	2	0	27	18	16	16	5	8	76.08	0		4.691357
14	280	2	1	49	6	0	16	5	8	76.08	0		4.691357
14	279	2	1	49	6	8	16	5	8	76.08	0		4.691357
14	274	1	0	35	18	24	8	6	6	45.70	0		6.984381
14	283	2	1	49	6	16	16	5	8	76.08	0		4.691357
14	277	1	1	43	16	16	8	6	6	45.70	0		6.984381
14	276	1	1	43	16	22	8	6	6	45.70	0		6.984381
14	275	1	0	49	0	6	8	6	6	45.70	0		6.984381
14	273	1	0	49	0	12	8	6	6	45.70	0		6.984381
14	284	3	1	43	0	23	8	6	7	138.98	1		5.586456
14	285	3	1	43	8	23	8	6	7	138.98	1		5.586456
14	286	3	0	49	0	18	8	6	7	138.98	1		5.586456
14	287	3	1	54	6	0	8	6	7	138.98	1		5.586456
14	288	3	1	54	14	0	8	6	7	138.98	1		5.586456
14	289	3	1	54	6	7	8	6	7	138.98	1		5.586456


-------------------------------------------------------------------------------------------------------------------
Tour_Id:			5
No_of_Customers:		4
No_of_Items:			74
Customer_Sequence:		15 3 20 18 

CustId	Id	TypeId	Rotated	x	y	z	Length	Width	Height	mass	Fragility	LoadBearingStrength
18	354	2	0	0	0	0	16	5	8	76.08	0		4.691357
18	355	2	0	0	5	0	16	5	8	76.08	0		4.691357
18	356	2	0	0	10	0	16	5	8	76.08	0		4.691357
18	357	2	0	0	15	0	16	5	8	76.08	0		4.691357
18	358	2	0	0	20	0	16	5	8	76.08	0		4.691357
18	347	1	0	3	0	8	8	6	6	45.70	0		6.984381
18	348	1	0	3	6	8	8	6	6	45.70	0		6.984381
18	349	1	0	3	12	8	8	6	6	45.70	0		6.984381
18	350	1	0	3	18	8	8	6	6	45.70	0		6.984381
18	351	1	0	3	0	14	8	6	6	45.70	0		6.984381
18	352	1	0	3	6	14	8	6	6	45.70	0		6.984381
18	353	1	0	3	12	14	8	6	6	45.70	0		6.984381
18	359	3	0	3	18	14	8	6	7	138.98	1		5.586456
18	360	3	0	3	0	20	8	6	7	138.98	1		5.586456
18	361	3	0	3	6	20	8	6	7	138.98	1		5.586456
20	382	1	0	3	12	20	8	6	6	45.70	0		6.984381
20	393	2	1	11	0	8	16	5	8	76.08	0		4.691357
20	392	2	1	11	0	16	16	5	8	76.08	0		4.691357
20	391	2	0	16	0	0	16	5	8	76.08	0		4.691357
20	390	2	0	16	5	0	16	5	8	76.08	0		4.691357
20	389	2	0	16	10	0	16	5	8	76.08	0		4.691357
20	387	2	0	16	15	0	16	5	8	76.08	0		4.691357
20	383	1	0	19	0	8	8	6	6	45.70	0		6.984381
18	362	3	0	3	18	21	8	6	7	138.98	1		5.586456
20	386	1	0	19	6	8	8	6	6	45.70	0		6.984381
20	385	1	0	19	12	8	8	6	6	45.70	0		6.984381
20	384	1	0	19	0	14	8	6	6	45.70	0		6.984381
20	388	2	0	16	20	0	16	5	8	76.08	0		4.691357
3	58	2	0	11	18	8	16	5	8	76.08	0		4.691357
20	394	3	0	19	6	14	8	6	7	138.98	1		5.586456
20	395	3	0	19	12	14	8	6	7	138.98	1		5.586456
3	56	2	0	11	18	16	16	5	8	76.08	0		4.691357
20	397	3	0	19	0	20	8	6	7	138.98	1		5.586456
20	398	3	0	19	6	21	8	6	7	138.98	1		5.586456
20	399	3	0	19	12	21	8	6	7	138.98	1		5.586456
20	400	3	1	27	0	8	8	6	7	138.98	1		5.586456
3	53	2	1	27	8	8	16	5	8	76.08	0		4.691357
3	54	2	1	27	8	16	16	5	8	76.08	0		4.691357
3	55	2	0	32	8	0	16	5	8	76.08	0		4.691357
20	396	3	0	27	0	15	8	6	7	138.98	1		5.586456
3	57	2	0	32	13	0	16	5	8	76.08	0		4.691357
20	381	1	1	32	0	0	8	6	6	45.70	0		6.984381
15	304	2	0	32	18	0	16	5	8	76.08	0		4.691357
3	52	1	0	19	18	24	8	6	6	45.70	0		6.984381
15	297	2	0	32	8	8	16	5	8	76.08	0		4.691357
3	67	3	0	27	0	22	8	6	7	138.98	1		5.586456
3	66	3	0	38	0	0	8	6	7	138.98	1		5.586456
3	65	3	0	38	0	7	8	6	7	138.98	1		5.586456
3	64	3	0	38	0	14	8	6	7	138.98	1		5.586456
3	63	3	0	38	0	21	8	6	7	138.98	1		5.586456
3	62	3	0	46	0	0	8	6	7	138.98	1		5.586456
3	61	3	0	46	0	7	8	6	7	138.98	1		5.586456
3	60	3	0	46	0	14	8	6	7	138.98	1		5.586456
3	59	3	0	46	0	21	8	6	7	138.98	1		5.586456
3	51	1	1	54	0	0	8	6	6	45.70	0		6.984381
15	303	2	0	32	13	8	16	5	8	76.08	0		4.691357
15	302	2	0	32	18	8	16	5	8	76.08	0		4.691357
15	301	2	0	32	8	16	16	5	8	76.08	0		4.691357
15	300	2	0	32	13	16	16	5	8	76.08	0		4.691357
15	299	2	0	32	18	16	16	5	8	76.08	0		4.691357
3	50	1	1	54	0	6	8	6	6	45.70	0		6.984381
15	298	2	1	48	8	0	16	5	8	76.08	0		4.691357
15	291	1	0	35	8	24	8	6	6	45.70	0		6.984381
15	296	1	0	35	14	24	8	6	6	45.70	0		6.984381
15	295	1	1	43	8	24	8	6	6	45.70	0		6.984381
15	294	1	1	48	8	8	8	6	6	45.70	0		6.984381
15	293	1	1	48	16	8	8	6	6	45.70	0		6.984381
15	292	1	1	48	8	14	8	6	6	45.70	0		6.984381
15	290	1	0	48	16	14	8	6	6	45.70	0		6.984381
15	305	3	0	48	16	20	8	6	7	138.98	1		5.586456
15	306	3	1	53	8	0	8	6	7	138.98	1		5.586456
15	307	3	1	53	16	0	8	6	7	138.98	1		5.586456
15	308	3	1	54	0	12	8	6	7	138.98	1		5.586456
15	309	3	1	54	8	7	8	6	7	138.98	1		5.586456


-------------------------------------------------------------------------------------------------------------------
Tour_Id:			6
No_of_Customers:		3
No_of_Items:			64
Customer_Sequence:		8 5 13 

CustId	Id	TypeId	Rotated	x	y	z	Length	Width	Height	mass	Fragility	LoadBearingStrength
13	260	2	0	0	0	0	16	5	8	76.08	0		4.691357
13	259	2	0	0	5	0	16	5	8	76.08	0		4.691357
13	258	2	0	0	10	0	16	5	8	76.08	0		4.691357
13	257	2	0	0	15	0	16	5	8	76.08	0		4.691357
13	256	2	0	0	20	0	16	5	8	76.08	0		4.691357
13	251	2	0	0	0	8	16	5	8	76.08	0		4.691357
13	252	2	0	0	5	8	16	5	8	76.08	0		4.691357
13	253	2	0	0	10	8	16	5	8	76.08	0		4.691357
13	254	2	0	0	15	8	16	5	8	76.08	0		4.691357
13	255	2	0	0	20	8	16	5	8	76.08	0		4.691357
13	246	1	0	3	0	16	8	6	6	45.70	0		6.984381
13	249	1	0	3	6	16	8	6	6	45.70	0		6.984381
13	248	1	0	3	12	16	8	6	6	45.70	0		6.984381
13	247	1	0	3	18	16	8	6	6	45.70	0		6.984381
13	245	1	0	3	0	22	8	6	6	45.70	0		6.984381
13	250	1	0	3	6	22	8	6	6	45.70	0		6.984381
13	272	3	0	3	12	22	8	6	7	138.98	1		5.586456
13	271	3	0	3	18	22	8	6	7	138.98	1		5.586456
13	270	3	1	11	0	16	8	6	7	138.98	1		5.586456
13	269	3	1	11	8	16	8	6	7	138.98	1		5.586456
13	268	3	1	11	16	16	8	6	7	138.98	1		5.586456
13	267	3	0	11	0	23	8	6	7	138.98	1		5.586456
13	266	3	0	11	6	23	8	6	7	138.98	1		5.586456
13	265	3	0	11	12	23	8	6	7	138.98	1		5.586456
13	264	3	0	11	18	23	8	6	7	138.98	1		5.586456
13	263	3	1	16	0	0	8	6	7	138.98	1		5.586456
13	262	3	1	16	8	0	8	6	7	138.98	1		5.586456
13	261	3	1	16	16	0	8	6	7	138.98	1		5.586456
5	99	2	0	22	0	0	16	5	8	76.08	0		4.691357
5	98	2	0	22	5	0	16	5	8	76.08	0		4.691357
5	97	2	0	22	10	0	16	5	8	76.08	0		4.691357
5	96	2	0	22	15	0	16	5	8	76.08	0		4.691357
5	94	2	0	22	20	0	16	5	8	76.08	0		4.691357
5	95	2	0	22	0	8	16	5	8	76.08	0		4.691357
5	90	1	0	25	5	8	8	6	6	45.70	0		6.984381
5	93	1	0	25	15	8	8	6	6	45.70	0		6.984381
5	92	1	0	25	0	16	8	6	6	45.70	0		6.984381
5	91	1	0	25	15	14	8	6	6	45.70	0		6.984381
5	89	1	0	25	15	20	8	6	6	45.70	0		6.984381
5	100	3	0	25	0	22	8	6	7	138.98	1		5.586456
5	101	3	1	33	5	8	8	6	7	138.98	1		5.586456
5	102	3	1	33	13	8	8	6	7	138.98	1		5.586456
5	103	3	0	33	5	15	8	6	7	138.98	1		5.586456
5	104	3	0	33	11	15	8	6	7	138.98	1		5.586456
5	105	3	0	33	5	22	8	6	7	138.98	1		5.586456
5	106	3	0	33	11	22	8	6	7	138.98	1		5.586456
5	107	3	1	38	0	0	8	6	7	138.98	1		5.586456
8	161	2	0	44	0	0	16	5	8	76.08	0		4.691357
8	160	2	0	44	5	0	16	5	8	76.08	0		4.691357
8	159	2	0	41	10	0	16	5	8	76.08	0		4.691357
8	158	2	0	41	15	0	16	5	8	76.08	0		4.691357
8	157	2	0	39	20	0	16	5	8	76.08	0		4.691357
8	149	1	0	44	17	8	8	6	6	45.70	0		6.984381
8	156	1	0	44	10	8	8	6	6	45.70	0		6.984381
8	155	1	0	44	10	14	8	6	6	45.70	0		6.984381
8	154	1	0	44	16	14	8	6	6	45.70	0		6.984381
8	153	1	0	44	10	20	8	6	6	45.70	0		6.984381
8	152	1	0	44	16	20	8	6	6	45.70	0		6.984381
8	151	1	0	52	0	8	8	6	6	45.70	0		6.984381
8	150	1	0	52	6	8	8	6	6	45.70	0		6.984381
8	148	1	1	52	12	8	8	6	6	45.70	0		6.984381
8	162	3	0	52	0	14	8	6	7	138.98	1		5.586456
8	163	3	0	52	6	14	8	6	7	138.98	1		5.586456
8	164	3	0	52	12	14	8	6	7	138.98	1		5.586456


