Name:				033_n020_m200_bt3_3119
Problem:			3L-VRPTW
Number_of_used_Vehicles:	1
Total_Travel_Distance:		247.31
Calculation_Time:		4.03
Total_Iterations:		1
ConstraintSet:			P1

-------------------------------------------------------------------------------------------------------------------
Tour_Id:			1
No_of_Customers:		5
No_of_Items:			63
Customer_Sequence:		8 6 2 19 1 

CustId	Id	TypeId	Rotated	x	y	z	Length	Width	Height	mass	Fragility	LoadBearingStrength
1	13	3	0	0	0	0	8	6	4	61.91	0		18.490325
1	14	3	0	0	6	0	8	6	4	61.91	0		18.490325
1	15	3	0	0	12	0	8	6	4	61.91	0		18.490325
1	1	1	0	0	18	0	17	3	3	46.27	0		15.131807
1	2	1	0	0	21	0	17	3	3	46.27	0		15.131807
1	3	1	0	0	18	3	17	3	3	46.27	0		15.131807
1	4	1	0	0	21	3	17	3	3	46.27	0		15.131807
1	5	1	1	0	0	4	17	3	3	46.27	0		15.131807
1	6	1	0	0	18	6	17	3	3	46.27	0		15.131807
1	7	1	0	0	21	6	17	3	3	46.27	0		15.131807
1	8	2	0	0	18	9	10	6	5	169.39	1		3.544409
1	9	2	0	0	18	14	10	6	5	169.39	1		3.544409
1	10	2	0	0	18	19	10	6	5	169.39	1		3.544409
1	11	2	0	0	18	24	10	6	5	169.39	1		3.544409
1	12	2	1	3	0	4	10	6	5	169.39	1		3.544409
19	192	3	1	3	10	4	8	6	4	61.91	0		18.490325
19	193	3	0	3	10	8	8	6	4	61.91	0		18.490325
19	184	1	0	8	12	0	17	3	3	46.27	0		15.131807
19	185	1	0	8	15	0	17	3	3	46.27	0		15.131807
19	186	1	0	17	18	0	17	3	3	46.27	0		15.131807
19	187	1	0	17	21	0	17	3	3	46.27	0		15.131807
19	188	2	1	3	0	9	10	6	5	169.39	1		3.544409
19	189	2	0	3	10	12	10	6	5	169.39	1		3.544409
19	190	2	1	3	0	14	10	6	5	169.39	1		3.544409
19	191	2	0	3	10	17	10	6	5	169.39	1		3.544409
2	21	3	0	10	18	9	8	6	4	61.91	0		18.490325
2	22	3	0	10	18	13	8	6	4	61.91	0		18.490325
2	23	3	0	10	18	17	8	6	4	61.91	0		18.490325
2	24	3	0	10	18	21	8	6	4	61.91	0		18.490325
2	25	3	0	10	18	25	8	6	4	61.91	0		18.490325
2	16	1	0	17	18	3	17	3	3	46.27	0		15.131807
2	17	2	1	3	0	19	10	6	5	169.39	1		3.544409
2	18	2	0	3	10	22	10	6	5	169.39	1		3.544409
2	19	2	1	3	0	24	10	6	5	169.39	1		3.544409
2	20	2	0	25	12	0	10	6	5	169.39	1		3.544409
6	63	3	0	34	18	0	8	6	4	61.91	0		18.490325
6	64	3	0	34	18	4	8	6	4	61.91	0		18.490325
6	65	3	0	34	18	8	8	6	4	61.91	0		18.490325
6	66	3	0	34	18	12	8	6	4	61.91	0		18.490325
6	67	3	0	34	18	16	8	6	4	61.91	0		18.490325
6	68	3	0	34	18	20	8	6	4	61.91	0		18.490325
6	56	1	0	35	12	0	17	3	3	46.27	0		15.131807
6	57	1	0	35	15	0	17	3	3	46.27	0		15.131807
6	58	1	0	35	12	3	17	3	3	46.27	0		15.131807
6	59	2	0	25	12	5	10	6	5	169.39	1		3.544409
6	60	2	0	25	12	10	10	6	5	169.39	1		3.544409
6	61	2	0	25	12	15	10	6	5	169.39	1		3.544409
6	62	2	0	25	12	20	10	6	5	169.39	1		3.544409
8	85	3	0	34	18	24	8	6	4	61.91	0		18.490325
8	86	3	0	42	18	0	8	6	4	61.91	0		18.490325
8	87	3	0	42	18	4	8	6	4	61.91	0		18.490325
8	88	3	0	42	18	8	8	6	4	61.91	0		18.490325
8	89	3	0	42	18	12	8	6	4	61.91	0		18.490325
8	90	3	0	42	18	16	8	6	4	61.91	0		18.490325
8	91	3	0	42	18	20	8	6	4	61.91	0		18.490325
8	77	1	0	35	15	3	17	3	3	46.27	0		15.131807
8	78	1	0	35	12	6	17	3	3	46.27	0		15.131807
8	79	1	0	35	15	6	17	3	3	46.27	0		15.131807
8	80	1	0	35	12	9	17	3	3	46.27	0		15.131807
8	81	2	0	25	12	25	10	6	5	169.39	1		3.544409
8	82	2	0	42	18	24	10	6	5	169.39	1		3.544409
8	83	2	0	50	18	0	10	6	5	169.39	1		3.544409
8	84	2	0	50	18	5	10	6	5	169.39	1		3.544409


