Name:				036_n020_m200_bt10_3361
Problem:			3L-VRPTW
Number_of_used_Vehicles:	1
Total_Travel_Distance:		252.66
Calculation_Time:		2.80
Total_Iterations:		1
ConstraintSet:			P1

-------------------------------------------------------------------------------------------------------------------
Tour_Id:			1
No_of_Customers:		4
No_of_Items:			48
Customer_Sequence:		3 1 12 6 

CustId	Id	TypeId	Rotated	x	y	z	Length	Width	Height	mass	Fragility	LoadBearingStrength
6	58	8	0	0	0	0	17	7	6	98.47	0		5.579247
6	59	8	0	0	7	0	17	7	6	98.47	0		5.579247
6	60	8	0	0	14	0	17	7	6	98.47	0		5.579247
6	61	9	0	0	0	6	10	7	7	97.78	0		19.032427
6	53	3	0	0	7	6	6	6	8	51.58	0		11.203636
6	54	3	0	0	13	6	6	6	8	51.58	0		11.203636
6	55	3	0	0	0	13	6	6	8	51.58	0		11.203636
6	50	2	0	0	21	0	7	4	7	35.10	0		9.951351
6	51	2	0	0	21	7	7	4	7	35.10	0		9.951351
6	52	2	0	0	7	14	7	4	7	35.10	0		9.951351
6	57	5	0	0	19	6	12	2	8	26.54	0		2.819692
3	28	10	1	0	11	14	10	3	3	30.49	1		3.235774
6	56	4	0	7	21	0	16	4	6	63.39	1		3.398677
6	62	10	1	0	0	21	10	3	3	30.49	1		3.235774
6	63	10	1	0	0	24	10	3	3	30.49	1		3.235774
12	117	8	1	10	0	6	17	7	6	98.47	0		5.579247
12	118	8	0	17	0	0	17	7	6	98.47	0		5.579247
12	119	9	1	10	0	12	10	7	7	97.78	0		19.032427
12	113	2	0	0	21	14	7	4	7	35.10	0		9.951351
12	114	2	0	0	21	21	7	4	7	35.10	0		9.951351
12	116	6	1	3	0	21	7	3	8	42.97	0		5.839145
12	108	1	0	10	0	19	8	4	5	23.63	0		2.541216
12	109	1	0	10	4	19	8	4	5	23.63	0		2.541216
12	110	1	0	10	0	24	8	4	5	23.63	0		2.541216
12	111	1	0	10	4	24	8	4	5	23.63	0		2.541216
12	112	1	0	17	7	0	8	4	5	23.63	0		2.541216
12	115	4	0	7	21	6	16	4	6	63.39	1		3.398677
12	120	10	1	0	0	27	10	3	3	30.49	1		3.235774
1	7	8	0	17	11	0	17	7	6	98.47	0		5.579247
1	8	8	0	17	11	6	17	7	6	98.47	0		5.579247
1	6	7	0	34	0	0	15	7	6	295.58	0		16.853969
1	9	9	0	34	7	0	10	7	7	97.78	0		19.032427
1	2	2	0	23	21	0	7	4	7	35.10	0		9.951351
1	3	5	0	17	18	0	12	2	8	26.54	0		2.819692
1	4	5	0	29	18	0	12	2	8	26.54	0		2.819692
1	5	6	0	23	21	7	7	3	8	42.97	0		5.839145
1	1	1	0	25	7	0	8	4	5	23.63	0		2.541216
1	10	10	0	7	21	12	10	3	3	30.49	1		3.235774
1	11	10	0	7	21	15	10	3	3	30.49	1		3.235774
3	26	7	0	10	10	12	15	7	6	295.58	0		16.853969
3	22	3	0	10	10	18	6	6	8	51.58	0		11.203636
3	21	2	1	3	11	14	7	4	7	35.10	0		9.951351
3	24	6	0	3	18	14	7	3	8	42.97	0		5.839145
3	25	6	1	3	11	21	7	3	8	42.97	0		5.839145
3	20	1	0	16	10	18	8	4	5	23.63	0		2.541216
3	23	4	0	30	21	0	16	4	6	63.39	1		3.398677
3	27	10	1	0	11	17	10	3	3	30.49	1		3.235774
6	49	1	1	6	7	6	8	4	5	23.63	0		2.541216


