Name:				337_n020_m400_bt10_27163
Problem:			3L-VRPTW
Number_of_used_Vehicles:	1
Total_Travel_Distance:		85.06
Calculation_Time:		3.83
Total_Iterations:		1
ConstraintSet:			P1

-------------------------------------------------------------------------------------------------------------------
Tour_Id:			1
No_of_Customers:		3
No_of_Items:			62
Customer_Sequence:		2 8 7 

CustId	Id	TypeId	Rotated	x	y	z	Length	Width	Height	mass	Fragility	LoadBearingStrength
7	129	2	0	0	0	0	13	3	8	41.94	0		6.357081
7	130	2	0	0	3	0	13	3	8	41.94	0		6.357081
7	143	8	0	0	6	0	11	4	7	39.18	0		1.647596
7	140	7	0	0	10	0	14	6	3	40.86	0		11.155341
7	141	7	0	0	16	0	14	6	3	40.86	0		11.155341
7	142	7	0	0	10	3	14	6	3	40.86	0		11.155341
7	144	9	0	0	16	3	6	5	6	61.76	0		6.571891
7	147	9	0	0	10	6	6	5	6	61.76	0		6.571891
7	146	9	0	0	0	8	6	5	6	61.76	0		6.571891
7	145	9	0	0	16	9	6	5	6	61.76	0		6.571891
7	131	3	0	0	22	0	15	2	4	13.97	0		3.645134
7	132	3	0	0	22	4	15	2	4	13.97	0		3.645134
7	133	3	0	0	22	8	15	2	4	13.97	0		3.645134
7	134	3	0	0	22	12	15	2	4	13.97	0		3.645134
7	135	3	0	0	22	16	15	2	4	13.97	0		3.645134
7	148	10	0	0	6	7	14	2	4	56.44	0		11.405893
7	149	10	0	0	8	7	14	2	4	56.44	0		11.405893
7	128	1	0	0	6	11	12	3	3	21.65	0		3.189078
7	127	1	0	0	6	14	12	3	3	21.65	0		3.189078
7	136	4	0	13	0	0	15	4	8	53.06	1		1.746280
7	139	6	0	0	6	17	10	3	7	40.07	1		1.068636
7	138	6	0	6	16	3	10	3	7	40.07	1		1.068636
7	137	6	0	6	19	3	10	3	7	40.07	1		1.068636
8	151	2	0	14	10	0	13	3	8	41.94	0		6.357081
8	152	2	0	14	13	0	13	3	8	41.94	0		6.357081
8	158	5	0	14	10	8	15	3	6	28.48	0		4.924769
8	159	5	0	14	13	8	15	3	6	28.48	0		4.924769
8	161	7	0	14	10	14	14	6	3	40.86	0		11.155341
8	162	7	0	14	10	17	14	6	3	40.86	0		11.155341
8	163	9	0	0	10	12	6	5	6	61.76	0		6.571891
8	164	9	0	0	0	14	6	5	6	61.76	0		6.571891
8	165	9	0	0	16	15	6	5	6	61.76	0		6.571891
8	154	3	0	0	22	20	15	2	4	13.97	0		3.645134
8	155	3	0	0	22	24	15	2	4	13.97	0		3.645134
8	156	3	0	13	4	0	15	2	4	13.97	0		3.645134
8	153	3	0	13	4	4	15	2	4	13.97	0		3.645134
8	166	10	0	13	4	8	14	2	4	56.44	0		11.405893
8	150	1	0	14	10	20	12	3	3	21.65	0		3.189078
8	157	4	0	6	0	8	15	4	8	53.06	1		1.746280
8	160	6	0	6	16	10	10	3	7	40.07	1		1.068636
2	23	2	0	14	13	20	13	3	8	41.94	0		6.357081
2	24	2	0	15	22	0	13	3	8	41.94	0		6.357081
2	36	8	0	28	0	0	11	4	7	39.18	0		1.647596
2	29	5	0	14	10	23	15	3	6	28.48	0		4.924769
2	35	7	0	28	4	0	14	6	3	40.86	0		11.155341
2	34	7	0	28	4	3	14	6	3	40.86	0		11.155341
2	39	9	0	0	0	20	6	5	6	61.76	0		6.571891
2	38	9	0	0	16	21	6	5	6	61.76	0		6.571891
2	37	9	0	28	4	6	6	5	6	61.76	0		6.571891
2	40	10	0	13	4	12	14	2	4	56.44	0		11.405893
2	20	1	0	15	22	8	12	3	3	21.65	0		3.189078
2	22	1	0	15	22	11	12	3	3	21.65	0		3.189078
2	21	1	0	15	22	14	12	3	3	21.65	0		3.189078
2	19	1	0	15	22	17	12	3	3	21.65	0		3.189078
2	28	4	0	6	0	16	15	4	8	53.06	1		1.746280
2	27	4	0	39	0	0	15	4	8	53.06	1		1.746280
2	26	4	0	39	0	8	15	4	8	53.06	1		1.746280
2	25	4	0	39	0	16	15	4	8	53.06	1		1.746280
2	30	6	0	6	19	10	10	3	7	40.07	1		1.068636
2	31	6	0	6	16	17	10	3	7	40.07	1		1.068636
2	32	6	0	6	19	17	10	3	7	40.07	1		1.068636
2	33	6	0	15	22	20	10	3	7	40.07	1		1.068636


