Name:				381_n060_m400_bt10_29030
Problem:			3L-VRPTW
Number_of_used_Vehicles:	1
Total_Travel_Distance:		278.11
Calculation_Time:		2.44
Total_Iterations:		1
ConstraintSet:			P1

-------------------------------------------------------------------------------------------------------------------
Tour_Id:			1
No_of_Customers:		5
No_of_Items:			39
Customer_Sequence:		20 4 12 18 22 

CustId	Id	TypeId	Rotated	x	y	z	Length	Width	Height	mass	Fragility	LoadBearingStrength
22	153	6	0	0	0	0	16	7	7	278	0		12.810363
22	150	2	0	0	7	0	15	3	4	103.55	0		142.059524
22	151	2	0	0	10	0	15	3	4	103.55	0		142.059524
22	152	4	0	0	13	0	7	3	7	18.26	0		2.773678
22	149	1	0	0	16	0	9	2	5	19.12	0		9.952586
22	154	8	0	0	18	0	16	6	5	111.10	1		1.452979
22	155	8	0	0	7	4	16	6	5	111.10	1		1.452979
18	126	6	0	0	0	7	16	7	7	278	0		12.810363
18	127	6	0	0	0	14	16	7	7	278	0		12.810363
18	128	6	0	0	0	21	16	7	7	278	0		12.810363
18	124	5	0	16	0	0	8	6	4	70.58	0		8.341644
18	125	5	0	16	6	0	8	6	4	70.58	0		8.341644
18	123	4	0	0	13	7	7	3	7	18.26	0		2.773678
18	122	3	0	7	13	0	15	2	4	57.17	0		82.735553
18	121	1	0	0	16	5	9	2	5	19.12	0		9.952586
18	129	8	0	0	18	5	16	6	5	111.10	1		1.452979
12	81	6	0	16	18	0	16	7	7	278	0		12.810363
12	82	6	1	16	0	4	16	7	7	278	0		12.810363
12	80	4	0	0	13	14	7	3	7	18.26	0		2.773678
12	83	7	0	0	13	21	9	3	5	88.63	0		26.960707
12	84	7	0	16	18	7	9	3	5	88.63	0		26.960707
12	85	7	0	16	21	7	9	3	5	88.63	0		26.960707
12	79	1	0	0	16	10	9	2	5	19.12	0		9.952586
12	86	10	0	0	7	9	6	6	6	34.89	1		2.523959
12	87	10	0	0	18	10	6	6	6	34.89	1		2.523959
4	23	6	1	16	0	11	16	7	7	278	0		12.810363
4	24	6	1	16	0	18	16	7	7	278	0		12.810363
4	21	5	0	16	18	12	8	6	4	70.58	0		8.341644
4	22	5	0	16	18	16	8	6	4	70.58	0		8.341644
4	20	4	0	16	18	20	7	3	7	18.26	0		2.773678
4	25	10	0	0	7	15	6	6	6	34.89	1		2.523959
4	26	10	0	0	18	16	6	6	6	34.89	1		2.523959
4	27	10	0	0	7	21	6	6	6	34.89	1		2.523959
20	138	6	0	24	0	0	16	7	7	278	0		12.810363
20	139	6	0	24	7	0	16	7	7	278	0		12.810363
20	137	5	0	16	0	25	8	6	4	70.58	0		8.341644
20	140	7	0	16	21	20	9	3	5	88.63	0		26.960707
20	141	8	0	24	0	7	16	6	5	111.10	1		1.452979
20	142	10	0	24	6	7	6	6	6	34.89	1		2.523959


