Name:				383_n060_m400_bt10_29223
Problem:			3L-VRPTW
Number_of_used_Vehicles:	1
Total_Travel_Distance:		224.39
Calculation_Time:		4.13
Total_Iterations:		1
ConstraintSet:			P1

-------------------------------------------------------------------------------------------------------------------
Tour_Id:			1
No_of_Customers:		7
No_of_Items:			54
Customer_Sequence:		3 5 21 11 8 6 19 

CustId	Id	TypeId	Rotated	x	y	z	Length	Width	Height	mass	Fragility	LoadBearingStrength
19	120	2	0	0	0	0	11	7	5	186.53	0		16.775187
19	123	4	0	0	7	0	14	6	4	138.91	0		17.485921
19	124	6	0	0	13	0	8	5	8	498.59	0		23.711401
19	121	3	0	0	18	0	9	4	6	134.79	0		55.752458
19	122	3	0	0	7	4	9	4	6	134.79	0		55.752458
19	125	10	0	0	0	5	7	6	4	130.05	0		53.792124
19	119	1	0	0	22	0	15	2	3	44.16	1		2.020913
6	34	2	0	11	0	0	11	7	5	186.53	0		16.775187
6	35	2	0	7	0	5	11	7	5	186.53	0		16.775187
6	36	2	0	7	0	10	11	7	5	186.53	0		16.775187
6	38	6	0	0	18	6	8	5	8	498.59	0		23.711401
6	39	6	0	0	13	8	8	5	8	498.59	0		23.711401
6	37	5	0	7	0	15	13	7	3	182.31	0		73.367895
6	40	9	0	0	7	10	12	4	4	103.77	0		37.172865
6	33	1	0	0	11	4	15	2	3	44.16	1		2.020913
8	49	2	0	7	0	18	11	7	5	186.53	0		16.775187
8	50	6	0	0	7	14	8	5	8	498.59	0		23.711401
8	51	6	0	0	18	14	8	5	8	498.59	0		23.711401
8	52	6	0	0	13	16	8	5	8	498.59	0		23.711401
8	53	9	0	7	0	23	12	4	4	103.77	0		37.172865
8	54	10	0	0	7	22	7	6	4	130.05	0		53.792124
8	47	1	0	0	11	7	15	2	3	44.16	1		2.020913
8	48	1	0	0	11	10	15	2	3	44.16	1		2.020913
11	71	4	0	22	0	0	14	6	4	138.91	0		17.485921
11	72	4	0	22	6	0	14	6	4	138.91	0		17.485921
11	70	3	0	0	18	22	9	4	6	134.79	0		55.752458
11	75	9	0	8	13	0	12	4	4	103.77	0		37.172865
11	73	8	0	7	4	23	10	2	7	66.73	0		10.270778
11	74	8	0	8	13	4	10	2	7	66.73	0		10.270778
21	133	2	0	20	13	0	11	7	5	186.53	0		16.775187
21	135	4	0	20	13	5	14	6	4	138.91	0		17.485921
21	136	6	0	20	20	0	8	5	8	498.59	0		23.711401
21	137	6	0	20	20	8	8	5	8	498.59	0		23.711401
21	134	3	0	0	13	24	9	4	6	134.79	0		55.752458
21	138	10	0	0	7	26	7	6	4	130.05	0		53.792124
21	132	1	0	7	0	27	15	2	3	44.16	1		2.020913
5	24	2	0	20	13	9	11	7	5	186.53	0		16.775187
5	26	5	0	20	13	14	13	7	3	182.31	0		73.367895
5	27	5	0	20	13	17	13	7	3	182.31	0		73.367895
5	25	3	0	20	20	16	9	4	6	134.79	0		55.752458
5	29	9	0	20	13	20	12	4	4	103.77	0		37.172865
5	30	9	0	20	20	22	12	4	4	103.77	0		37.172865
5	31	9	0	20	13	24	12	4	4	103.77	0		37.172865
5	32	10	0	22	0	4	7	6	4	130.05	0		53.792124
5	28	7	0	20	20	26	7	5	3	56.70	1		3.069694
3	10	2	0	22	6	4	11	7	5	186.53	0		16.775187
3	11	2	0	22	6	9	11	7	5	186.53	0		16.775187
3	12	2	0	22	6	14	11	7	5	186.53	0		16.775187
3	14	6	0	22	0	8	8	5	8	498.59	0		23.711401
3	15	6	0	22	0	16	8	5	8	498.59	0		23.711401
3	13	3	0	22	6	19	9	4	6	134.79	0		55.752458
3	18	9	0	22	6	25	12	4	4	103.77	0		37.172865
3	17	8	0	20	17	20	10	2	7	66.73	0		10.270778
3	16	7	0	22	0	24	7	5	3	56.70	1		3.069694


