Name:				445_n060_m400_bt10_32862
Problem:			3L-VRPTW
Number_of_used_Vehicles:	1
Total_Travel_Distance:		187.71
Calculation_Time:		3.28
Total_Iterations:		1
ConstraintSet:			P1

-------------------------------------------------------------------------------------------------------------------
Tour_Id:			1
No_of_Customers:		4
No_of_Items:			32
Customer_Sequence:		21 34 33 25 

CustId	Id	TypeId	Rotated	x	y	z	Length	Width	Height	mass	Fragility	LoadBearingStrength
25	170	4	0	0	0	0	15	5	7	103.10	0		6.011592
25	171	4	0	0	5	0	15	5	7	103.10	0		6.011592
25	172	4	0	0	10	0	15	5	7	103.10	0		6.011592
25	169	3	0	0	15	0	13	6	6	133.51	0		13.100675
25	168	2	0	0	15	6	15	6	5	77.24	0		7.421475
25	173	5	0	0	0	7	15	7	4	144.40	0		4.390342
25	174	5	0	0	7	7	15	7	4	144.40	0		4.390342
25	175	10	0	0	21	0	15	3	6	51.99	1		1.226036
33	218	4	0	0	0	11	15	5	7	103.10	0		6.011592
33	219	4	0	0	5	11	15	5	7	103.10	0		6.011592
33	217	3	0	0	10	11	13	6	6	133.51	0		13.100675
33	220	5	0	0	0	18	15	7	4	144.40	0		4.390342
33	222	9	0	0	16	11	12	5	7	128.65	0		12.541150
33	223	9	0	0	10	17	12	5	7	128.65	0		12.541150
33	224	9	0	0	16	18	12	5	7	128.65	0		12.541150
33	221	6	0	0	21	6	8	4	3	23.36	1		7.542558
34	228	4	0	0	0	22	15	5	7	103.10	0		6.011592
34	225	2	0	15	0	0	15	6	5	77.24	0		7.421475
34	226	2	0	15	6	0	15	6	5	77.24	0		7.421475
34	227	2	0	15	12	0	15	6	5	77.24	0		7.421475
34	229	5	0	15	18	0	15	7	4	144.40	0		4.390342
34	230	5	0	15	18	4	15	7	4	144.40	0		4.390342
34	231	10	0	0	7	18	15	3	6	51.99	1		1.226036
21	147	4	0	15	0	5	15	5	7	103.10	0		6.011592
21	148	4	0	15	5	5	15	5	7	103.10	0		6.011592
21	145	3	0	0	10	24	13	6	6	133.51	0		13.100675
21	146	3	0	15	10	5	13	6	6	133.51	0		13.100675
21	144	2	0	13	10	11	15	6	5	77.24	0		7.421475
21	149	5	0	13	10	16	15	7	4	144.40	0		4.390342
21	150	9	0	13	10	20	12	5	7	128.65	0		12.541150
21	151	9	0	15	18	8	12	5	7	128.65	0		12.541150
21	143	1	0	15	0	12	10	3	6	25.88	0		4.763092


