Name:				477_n060_m400_bt100_34704
Problem:			3L-VRPTW
Number_of_used_Vehicles:	1
Total_Travel_Distance:		275.28
Calculation_Time:		3.95
Total_Iterations:		1
ConstraintSet:			P1

-------------------------------------------------------------------------------------------------------------------
Tour_Id:			1
No_of_Customers:		6
No_of_Items:			43
Customer_Sequence:		6 13 7 10 1 11 

CustId	Id	TypeId	Rotated	x	y	z	Length	Width	Height	mass	Fragility	LoadBearingStrength
11	61	76	0	0	0	0	13	4	6	57.73	0		5.858511
11	62	77	0	0	4	0	14	4	4	139.41	0		27.608599
11	63	77	0	0	8	0	14	4	4	139.41	0		27.608599
11	65	91	0	0	12	0	7	4	5	14.03	0		4.074911
11	64	87	0	0	16	0	12	3	3	54.02	0		62.685455
11	57	5	0	0	19	0	9	3	3	80.93	0		20.602173
11	60	73	0	0	16	3	11	6	7	85.30	1		4.274762
11	59	54	0	0	22	0	16	3	6	34.72	1		2.576382
11	58	10	0	0	4	4	6	4	7	30.90	1		1.626658
1	2	45	0	12	16	0	17	6	8	143.39	0		4.459007
1	5	62	0	12	16	8	15	7	7	108.57	0		5.890096
1	1	19	0	12	16	15	17	5	5	74.95	0		7.176011
1	4	53	0	12	16	20	17	5	5	46.82	0		5.600948
1	3	48	0	12	16	25	16	6	3	48.14	1		1.780451
10	54	85	0	14	4	0	16	5	8	120.79	0		47.901664
10	55	96	0	14	9	0	17	7	5	106.71	0		29.415038
10	56	97	0	14	9	5	14	6	5	76.44	0		12.111479
10	53	57	0	14	4	8	13	5	3	30.42	0		5.844104
10	50	22	0	0	8	4	6	3	5	10.88	0		2.665044
10	52	37	0	14	9	10	12	6	8	79.81	1		1.434383
10	51	30	0	0	0	6	13	4	6	45.68	1		2.825480
7	37	53	0	14	4	11	17	5	5	46.82	0		5.600948
7	39	81	0	13	0	0	16	4	5	49.50	0		13.343516
7	38	76	0	13	0	5	13	4	6	57.73	0		5.858511
7	41	90	0	29	16	0	11	6	4	85.22	0		11.034277
7	36	34	0	29	16	4	10	6	3	25.64	0		13.227737
7	40	88	0	0	0	12	12	5	8	186.59	1		7.179931
7	35	9	0	0	0	20	9	3	4	126.98	1		32.631030
13	77	62	0	31	9	0	15	7	7	108.57	0		5.890096
13	78	69	0	29	16	7	8	7	8	50.95	0		6.849468
13	75	42	0	31	9	7	16	6	4	41.74	0		8.134056
13	73	11	0	13	0	11	10	3	8	27.32	0		8.828084
13	71	6	0	14	4	16	11	5	3	31.75	0		14.616352
13	76	59	0	13	0	19	13	3	4	20.34	0		27.841572
13	79	75	0	13	0	23	16	2	3	15.31	0		6.530126
13	72	8	0	14	4	19	8	2	6	15.89	0		4.577081
13	74	37	0	14	9	18	12	6	8	79.81	1		1.434383
6	30	78	0	31	9	11	16	6	7	109.17	0		13.089828
6	34	96	0	31	9	18	17	7	5	106.71	0		29.415038
6	32	84	0	29	0	0	16	4	7	67.34	0		9.952281
6	31	80	0	29	16	15	7	6	7	47.71	0		7.433447
6	29	66	0	29	0	7	12	4	4	36.99	0		4.223603
6	33	91	0	25	4	16	7	4	5	14.03	0		4.074911


