Name:				587_n100_m400_bt3_42583
Problem:			3L-VRPTW
Number_of_used_Vehicles:	1
Total_Travel_Distance:		215.14
Calculation_Time:		8.20
Total_Iterations:		1
ConstraintSet:			P1

-------------------------------------------------------------------------------------------------------------------
Tour_Id:			1
No_of_Customers:		5
No_of_Items:			25
Customer_Sequence:		1 2 8 14 5 

CustId	Id	TypeId	Rotated	x	y	z	Length	Width	Height	mass	Fragility	LoadBearingStrength
5	20	3	0	0	0	0	15	5	8	251.22	0		46.285478
5	21	3	0	0	5	0	15	5	8	251.22	0		46.285478
5	22	3	0	0	10	0	15	5	8	251.22	0		46.285478
5	23	3	0	0	15	0	15	5	8	251.22	0		46.285478
5	18	2	0	0	20	0	9	4	5	171	1		12.997083
5	19	2	0	0	20	5	9	4	5	171	1		12.997083
14	62	1	0	0	0	8	17	6	8	252.50	0		5.004958
8	35	3	0	0	6	8	15	5	8	251.22	0		46.285478
14	66	3	0	0	11	8	15	5	8	251.22	0		46.285478
14	67	3	0	0	0	16	15	5	8	251.22	0		46.285478
14	64	2	0	0	16	8	9	4	5	171	1		12.997083
8	36	3	0	0	5	16	15	5	8	251.22	0		46.285478
8	32	1	0	0	10	16	17	6	8	252.50	0		5.004958
8	33	1	0	15	10	0	17	6	8	252.50	0		5.004958
8	34	1	0	15	16	0	17	6	8	252.50	0		5.004958
14	63	1	0	15	0	0	17	6	8	252.50	0		5.004958
14	65	2	0	0	20	10	9	4	5	171	1		12.997083
8	37	3	0	9	16	8	15	5	8	251.22	0		46.285478
2	5	1	0	17	0	8	17	6	8	252.50	0		5.004958
2	6	1	0	15	0	16	17	6	8	252.50	0		5.004958
2	7	2	0	0	0	24	9	4	5	171	1		12.997083
1	1	1	0	32	10	0	17	6	8	252.50	0		5.004958
1	2	1	0	32	16	0	17	6	8	252.50	0		5.004958
1	4	3	0	9	16	16	15	5	8	251.22	0		46.285478
1	3	2	0	0	4	24	9	4	5	171	1		12.997083


