Name:				428_n060_m400_bt10
Problem:			3L-VRPTW
Number_of_used_Vehicles:	28
Total_Travel_Distance:		2008.54
Calculation_Time:		3600.00
Total_Iterations:		246
ConstraintSet:			P20

-------------------------------------------------------------------------------------------------------------------
Tour_Id:			1
No_of_Customers:		3
No_of_Items:			17
Customer_Sequence:		7 25 54 

CustId	Id	TypeId	Rotated	x	y	z	Length	Width	Height	mass	Fragility	LoadBearingStrength
54	356	7	0	0	0	0	30	12	12	531.11	0		13.014246
54	352	1	0	0	12	0	32	8	11	400.41	0		4.994290
54	353	2	0	0	0	12	20	12	9	234.40	0		9.834638
7	41	8	0	0	12	11	25	7	9	244.84	0		12.753652
54	355	4	0	32	12	0	14	13	9	292.79	0		5.132699
25	163	7	0	30	0	0	30	12	12	531.11	0		13.014246
54	354	3	0	0	20	0	18	5	11	143.50	1		2.790129
25	164	9	0	0	0	21	17	10	8	150.98	0		7.701039
25	161	4	0	46	12	0	14	13	9	292.79	0		5.132699
25	159	2	0	20	0	12	20	12	9	234.40	0		9.834638
25	162	5	0	0	19	11	12	6	12	121.03	0		11.464783
7	39	3	0	32	12	9	18	5	11	143.50	1		2.790129
25	160	2	0	17	0	21	20	12	9	234.40	0		9.834638
7	42	9	0	40	0	12	17	10	8	150.98	0		7.701039
7	43	10	0	32	17	9	28	8	7	229.03	1		2.173659
7	38	3	0	32	17	16	18	5	11	143.50	1		2.790129
7	40	6	0	40	0	20	14	14	9	308.99	0		4.194740


-------------------------------------------------------------------------------------------------------------------
Tour_Id:			2
No_of_Customers:		2
No_of_Items:			14
Customer_Sequence:		17 57 

CustId	Id	TypeId	Rotated	x	y	z	Length	Width	Height	mass	Fragility	LoadBearingStrength
57	379	9	0	0	0	0	17	10	8	150.98	0		7.701039
57	373	2	0	0	10	0	20	12	9	234.40	0		9.834638
57	377	6	0	0	10	9	14	14	9	308.99	0		4.194740
57	380	10	0	17	0	0	28	8	7	229.03	1		2.173659
17	104	9	0	0	0	8	17	10	8	150.98	0		7.701039
57	376	5	0	0	10	18	12	6	12	121.03	0		11.464783
57	378	7	0	20	10	0	30	12	12	531.11	0		13.014246
17	102	4	0	20	10	12	14	13	9	292.79	0		5.132699
57	374	3	0	0	16	18	18	5	11	143.50	1		2.790129
17	101	2	0	34	10	12	20	12	9	234.40	0		9.834638
17	100	1	0	17	0	7	32	8	11	400.41	0		4.994290
17	103	9	0	0	0	16	17	10	8	150.98	0		7.701039
57	375	5	1	50	10	0	12	6	12	121.03	0		11.464783
17	105	10	0	17	0	18	28	8	7	229.03	1		2.173659


-------------------------------------------------------------------------------------------------------------------
Tour_Id:			3
No_of_Customers:		2
No_of_Items:			17
Customer_Sequence:		48 31 

CustId	Id	TypeId	Rotated	x	y	z	Length	Width	Height	mass	Fragility	LoadBearingStrength
31	205	7	0	0	0	0	30	12	12	531.11	0		13.014246
31	206	7	0	0	12	0	30	12	12	531.11	0		13.014246
31	204	6	0	0	0	12	14	14	9	308.99	0		4.194740
31	200	4	0	0	0	21	14	13	9	292.79	0		5.132699
31	201	4	0	14	0	12	14	13	9	292.79	0		5.132699
31	202	5	0	0	14	12	12	6	12	121.03	0		11.464783
31	203	5	0	12	14	12	12	6	12	121.03	0		11.464783
31	207	10	0	30	0	0	28	8	7	229.03	1		2.173659
48	312	2	0	30	8	0	20	12	9	234.40	0		9.834638
48	316	6	0	14	0	21	14	14	9	308.99	0		4.194740
48	315	4	0	30	8	9	14	13	9	292.79	0		5.132699
48	317	8	0	30	0	7	25	7	9	244.84	0		12.753652
48	318	9	0	30	8	18	17	10	8	150.98	0		7.701039
48	319	9	1	50	8	0	17	10	8	150.98	0		7.701039
48	320	9	1	50	8	8	17	10	8	150.98	0		7.701039
48	313	3	0	0	20	12	18	5	11	143.50	1		2.790129
48	314	3	0	30	0	16	18	5	11	143.50	1		2.790129


-------------------------------------------------------------------------------------------------------------------
Tour_Id:			4
No_of_Customers:		2
No_of_Items:			15
Customer_Sequence:		28 6 

CustId	Id	TypeId	Rotated	x	y	z	Length	Width	Height	mass	Fragility	LoadBearingStrength
6	31	4	0	0	0	0	14	13	9	292.79	0		5.132699
6	36	10	0	0	13	0	28	8	7	229.03	1		2.173659
6	34	7	0	14	0	0	30	12	12	531.11	0		13.014246
6	32	4	0	0	0	9	14	13	9	292.79	0		5.132699
6	35	9	0	0	13	7	17	10	8	150.98	0		7.701039
6	33	6	0	0	0	18	14	14	9	308.99	0		4.194740
6	37	10	0	14	0	12	28	8	7	229.03	1		2.173659
6	30	3	0	14	8	12	18	5	11	143.50	1		2.790129
28	186	7	0	28	13	0	30	12	12	531.11	0		13.014246
28	180	1	0	14	0	19	32	8	11	400.41	0		4.994290
28	181	2	0	28	13	12	20	12	9	234.40	0		9.834638
28	182	2	0	28	13	21	20	12	9	234.40	0		9.834638
28	183	5	0	44	0	0	12	6	12	121.03	0		11.464783
28	184	5	0	44	6	0	12	6	12	121.03	0		11.464783
28	185	5	0	48	13	12	12	6	12	121.03	0		11.464783


-------------------------------------------------------------------------------------------------------------------
Tour_Id:			5
No_of_Customers:		2
No_of_Items:			15
Customer_Sequence:		56 35 

CustId	Id	TypeId	Rotated	x	y	z	Length	Width	Height	mass	Fragility	LoadBearingStrength
35	226	6	0	0	0	0	14	14	9	308.99	0		4.194740
35	227	6	0	0	0	9	14	14	9	308.99	0		4.194740
35	225	4	0	0	0	18	14	13	9	292.79	0		5.132699
35	228	10	0	0	14	0	28	8	7	229.03	1		2.173659
56	364	1	0	0	14	7	32	8	11	400.41	0		4.994290
35	224	3	0	14	0	0	18	5	11	143.50	1		2.790129
35	223	3	0	14	5	0	18	5	11	143.50	1		2.790129
56	365	2	0	14	0	11	20	12	9	234.40	0		9.834638
56	366	2	0	14	0	20	20	12	9	234.40	0		9.834638
56	370	6	0	32	0	0	14	14	9	308.99	0		4.194740
56	368	4	0	46	0	0	14	13	9	292.79	0		5.132699
56	369	5	0	0	13	18	12	6	12	121.03	0		11.464783
56	371	10	0	28	14	0	28	8	7	229.03	1		2.173659
56	372	10	0	32	14	7	28	8	7	229.03	1		2.173659
56	367	3	0	12	13	18	18	5	11	143.50	1		2.790129


-------------------------------------------------------------------------------------------------------------------
Tour_Id:			6
No_of_Customers:		3
No_of_Items:			18
Customer_Sequence:		44 11 38 

CustId	Id	TypeId	Rotated	x	y	z	Length	Width	Height	mass	Fragility	LoadBearingStrength
38	245	2	0	0	0	0	20	12	9	234.40	0		9.834638
38	247	5	0	0	12	0	12	6	12	121.03	0		11.464783
38	250	10	0	12	12	0	28	8	7	229.03	1		2.173659
38	246	2	0	0	0	9	20	12	9	234.40	0		9.834638
38	249	10	0	12	12	7	28	8	7	229.03	1		2.173659
11	66	5	0	0	0	18	12	6	12	121.03	0		11.464783
11	68	9	0	12	12	14	17	10	8	150.98	0		7.701039
11	63	2	0	20	0	0	20	12	9	234.40	0		9.834638
11	67	6	0	40	0	0	14	14	9	308.99	0		4.194740
11	64	2	0	20	0	9	20	12	9	234.40	0		9.834638
38	248	9	0	40	14	0	17	10	8	150.98	0		7.701039
11	65	4	0	40	0	9	14	13	9	292.79	0		5.132699
11	69	10	0	12	0	18	28	8	7	229.03	1		2.173659
44	288	4	0	40	0	18	14	13	9	292.79	0		5.132699
44	290	9	0	12	12	22	17	10	8	150.98	0		7.701039
44	289	5	0	40	14	8	12	6	12	121.03	0		11.464783
44	286	3	0	40	20	8	18	5	11	143.50	1		2.790129
44	287	3	0	40	20	19	18	5	11	143.50	1		2.790129


-------------------------------------------------------------------------------------------------------------------
Tour_Id:			7
No_of_Customers:		2
No_of_Items:			16
Customer_Sequence:		37 18 

CustId	Id	TypeId	Rotated	x	y	z	Length	Width	Height	mass	Fragility	LoadBearingStrength
18	109	7	0	0	0	0	30	12	12	531.11	0		13.014246
18	110	7	0	0	12	0	30	12	12	531.11	0		13.014246
18	106	2	0	0	0	12	20	12	9	234.40	0		9.834638
18	108	6	0	0	0	21	14	14	9	308.99	0		4.194740
18	111	9	0	0	12	12	17	10	8	150.98	0		7.701039
18	112	10	0	30	0	0	28	8	7	229.03	1		2.173659
18	113	10	0	30	8	0	28	8	7	229.03	1		2.173659
37	242	8	1	20	0	12	25	7	9	244.84	0		12.753652
37	237	2	1	14	0	21	20	12	9	234.40	0		9.834638
18	107	3	0	30	16	0	18	5	11	143.50	1		2.790129
37	240	3	0	30	0	7	18	5	11	143.50	1		2.790129
37	244	9	0	30	5	7	17	10	8	150.98	0		7.701039
37	241	5	0	30	16	11	12	6	12	121.03	0		11.464783
37	238	3	0	30	5	15	18	5	11	143.50	1		2.790129
37	239	3	0	30	10	15	18	5	11	143.50	1		2.790129
37	243	9	1	48	0	7	17	10	8	150.98	0		7.701039


-------------------------------------------------------------------------------------------------------------------
Tour_Id:			8
No_of_Customers:		2
No_of_Items:			9
Customer_Sequence:		4 8 

CustId	Id	TypeId	Rotated	x	y	z	Length	Width	Height	mass	Fragility	LoadBearingStrength
8	47	7	0	0	0	0	30	12	12	531.11	0		13.014246
8	44	1	0	0	12	0	32	8	11	400.41	0		4.994290
4	18	1	0	0	12	11	32	8	11	400.41	0		4.994290
8	46	4	0	32	12	0	14	13	9	292.79	0		5.132699
8	48	8	0	0	0	12	25	7	9	244.84	0		12.753652
4	19	7	0	30	0	0	30	12	12	531.11	0		13.014246
8	45	4	0	46	12	0	14	13	9	292.79	0		5.132699
4	20	9	0	0	12	22	17	10	8	150.98	0		7.701039
4	21	10	0	0	0	21	28	8	7	229.03	1		2.173659


-------------------------------------------------------------------------------------------------------------------
Tour_Id:			9
No_of_Customers:		2
No_of_Items:			13
Customer_Sequence:		16 59 

CustId	Id	TypeId	Rotated	x	y	z	Length	Width	Height	mass	Fragility	LoadBearingStrength
59	389	1	0	0	0	0	32	8	11	400.41	0		4.994290
59	390	1	0	0	8	0	32	8	11	400.41	0		4.994290
16	97	7	0	0	0	11	30	12	12	531.11	0		13.014246
59	393	5	0	0	16	0	12	6	12	121.03	0		11.464783
59	392	4	0	32	0	0	14	13	9	292.79	0		5.132699
59	391	3	0	12	16	0	18	5	11	143.50	1		2.790129
16	92	2	0	32	13	0	20	12	9	234.40	0		9.834638
16	95	6	0	32	0	9	14	14	9	308.99	0		4.194740
16	96	6	0	32	0	18	14	14	9	308.99	0		4.194740
16	93	4	0	46	0	0	14	13	9	292.79	0		5.132699
16	98	8	0	32	14	9	25	7	9	244.84	0		12.753652
16	94	5	0	0	16	12	12	6	12	121.03	0		11.464783
16	99	10	0	0	0	23	28	8	7	229.03	1		2.173659


-------------------------------------------------------------------------------------------------------------------
Tour_Id:			10
No_of_Customers:		2
No_of_Items:			14
Customer_Sequence:		19 34 

CustId	Id	TypeId	Rotated	x	y	z	Length	Width	Height	mass	Fragility	LoadBearingStrength
34	218	1	0	0	0	0	32	8	11	400.41	0		4.994290
34	219	4	0	0	8	0	14	13	9	292.79	0		5.132699
34	221	9	0	0	8	9	17	10	8	150.98	0		7.701039
34	220	6	0	14	8	0	14	14	9	308.99	0		4.194740
34	222	9	0	0	8	17	17	10	8	150.98	0		7.701039
19	121	7	0	28	8	0	30	12	12	531.11	0		13.014246
19	114	1	0	0	0	11	32	8	11	400.41	0		4.994290
19	115	2	0	28	8	12	20	12	9	234.40	0		9.834638
19	117	4	0	28	8	21	14	13	9	292.79	0		5.132699
19	122	9	1	17	8	9	17	10	8	150.98	0		7.701039
19	118	5	1	17	8	17	12	6	12	121.03	0		11.464783
19	119	5	0	32	0	0	12	6	12	121.03	0		11.464783
19	120	5	0	32	0	12	12	6	12	121.03	0		11.464783
19	116	3	0	28	20	0	18	5	11	143.50	1		2.790129


-------------------------------------------------------------------------------------------------------------------
Tour_Id:			11
No_of_Customers:		2
No_of_Items:			15
Customer_Sequence:		2 40 

CustId	Id	TypeId	Rotated	x	y	z	Length	Width	Height	mass	Fragility	LoadBearingStrength
40	262	7	0	0	0	0	30	12	12	531.11	0		13.014246
40	260	4	0	0	12	0	14	13	9	292.79	0		5.132699
40	261	4	0	0	12	9	14	13	9	292.79	0		5.132699
2	5	2	0	0	0	12	20	12	9	234.40	0		9.834638
40	258	3	0	0	12	18	18	5	11	143.50	1		2.790129
2	6	5	0	0	17	18	12	6	12	121.03	0		11.464783
2	9	7	0	30	0	0	30	12	12	531.11	0		13.014246
40	263	9	0	14	12	0	17	10	8	150.98	0		7.701039
2	10	8	0	0	0	21	25	7	9	244.84	0		12.753652
40	259	3	0	31	12	0	18	5	11	143.50	1		2.790129
2	7	6	0	20	0	12	14	14	9	308.99	0		4.194740
2	8	6	0	34	0	12	14	14	9	308.99	0		4.194740
2	11	8	0	25	0	21	25	7	9	244.84	0		12.753652
2	12	10	0	31	17	0	28	8	7	229.03	1		2.173659
2	13	10	0	31	17	7	28	8	7	229.03	1		2.173659


-------------------------------------------------------------------------------------------------------------------
Tour_Id:			12
No_of_Customers:		2
No_of_Items:			15
Customer_Sequence:		12 5 

CustId	Id	TypeId	Rotated	x	y	z	Length	Width	Height	mass	Fragility	LoadBearingStrength
5	22	1	0	0	0	0	32	8	11	400.41	0		4.994290
5	23	2	0	0	8	0	20	12	9	234.40	0		9.834638
5	25	6	0	0	8	9	14	14	9	308.99	0		4.194740
5	29	9	0	0	8	18	17	10	8	150.98	0		7.701039
5	28	9	0	20	8	0	17	10	8	150.98	0		7.701039
5	24	4	0	20	8	8	14	13	9	292.79	0		5.132699
5	27	6	0	20	8	17	14	14	9	308.99	0		4.194740
5	26	6	0	37	8	0	14	14	9	308.99	0		4.194740
12	70	1	0	0	0	11	32	8	11	400.41	0		4.994290
12	72	6	0	37	8	9	14	14	9	308.99	0		4.194740
12	73	6	0	37	8	18	14	14	9	308.99	0		4.194740
12	74	8	0	32	0	0	25	7	9	244.84	0		12.753652
12	75	8	0	32	0	9	25	7	9	244.84	0		12.753652
12	76	10	0	0	0	22	28	8	7	229.03	1		2.173659
12	71	3	0	32	0	18	18	5	11	143.50	1		2.790129


-------------------------------------------------------------------------------------------------------------------
Tour_Id:			13
No_of_Customers:		2
No_of_Items:			12
Customer_Sequence:		30 45 

CustId	Id	TypeId	Rotated	x	y	z	Length	Width	Height	mass	Fragility	LoadBearingStrength
30	198	8	0	0	0	0	25	7	9	244.84	0		12.753652
45	293	8	0	0	7	0	25	7	9	244.84	0		12.753652
45	292	1	0	0	14	0	32	8	11	400.41	0		4.994290
30	194	2	0	0	0	9	20	12	9	234.40	0		9.834638
45	291	1	0	0	14	11	32	8	11	400.41	0		4.994290
30	197	7	0	25	0	0	30	12	12	531.11	0		13.014246
30	193	1	0	25	0	12	32	8	11	400.41	0		4.994290
30	195	5	0	0	0	18	12	6	12	121.03	0		11.464783
45	295	9	0	0	14	22	17	10	8	150.98	0		7.701039
45	294	9	0	32	14	0	17	10	8	150.98	0		7.701039
30	196	5	0	0	6	18	12	6	12	121.03	0		11.464783
30	199	10	0	25	0	23	28	8	7	229.03	1		2.173659


-------------------------------------------------------------------------------------------------------------------
Tour_Id:			14
No_of_Customers:		2
No_of_Items:			14
Customer_Sequence:		10 33 

CustId	Id	TypeId	Rotated	x	y	z	Length	Width	Height	mass	Fragility	LoadBearingStrength
33	216	2	0	0	0	0	20	12	9	234.40	0		9.834638
10	58	2	0	0	12	0	20	12	9	234.40	0		9.834638
33	214	1	0	20	0	0	32	8	11	400.41	0		4.994290
10	54	1	0	20	8	0	32	8	11	400.41	0		4.994290
10	56	1	0	20	16	0	32	8	11	400.41	0		4.994290
33	213	1	0	20	0	11	32	8	11	400.41	0		4.994290
10	55	1	0	20	8	11	32	8	11	400.41	0		4.994290
10	61	10	0	20	16	11	28	8	7	229.03	1		2.173659
10	57	2	0	0	12	9	20	12	9	234.40	0		9.834638
33	215	2	0	0	0	9	20	12	9	234.40	0		9.834638
10	59	5	0	0	12	18	12	6	12	121.03	0		11.464783
10	60	5	0	0	18	18	12	6	12	121.03	0		11.464783
10	62	10	0	20	16	18	28	8	7	229.03	1		2.173659
33	217	9	0	0	0	18	17	10	8	150.98	0		7.701039


-------------------------------------------------------------------------------------------------------------------
Tour_Id:			15
No_of_Customers:		2
No_of_Items:			13
Customer_Sequence:		42 29 

CustId	Id	TypeId	Rotated	x	y	z	Length	Width	Height	mass	Fragility	LoadBearingStrength
29	190	7	0	0	0	0	30	12	12	531.11	0		13.014246
29	187	1	0	0	12	0	32	8	11	400.41	0		4.994290
29	191	10	0	0	12	11	28	8	7	229.03	1		2.173659
29	192	10	0	0	0	12	28	8	7	229.03	1		2.173659
29	188	3	0	0	20	0	18	5	11	143.50	1		2.790129
29	189	3	0	0	20	11	18	5	11	143.50	1		2.790129
42	274	7	0	30	0	0	30	12	12	531.11	0		13.014246
42	271	1	0	0	12	18	32	8	11	400.41	0		4.994290
42	272	1	0	0	0	19	32	8	11	400.41	0		4.994290
42	273	2	0	32	12	0	20	12	9	234.40	0		9.834638
42	275	8	0	32	12	9	25	7	9	244.84	0		12.753652
42	276	8	0	32	12	18	25	7	9	244.84	0		12.753652
42	277	10	0	28	0	12	28	8	7	229.03	1		2.173659


-------------------------------------------------------------------------------------------------------------------
Tour_Id:			16
No_of_Customers:		2
No_of_Items:			12
Customer_Sequence:		1 58 

CustId	Id	TypeId	Rotated	x	y	z	Length	Width	Height	mass	Fragility	LoadBearingStrength
58	385	7	0	0	0	0	30	12	12	531.11	0		13.014246
58	384	7	0	0	12	0	30	12	12	531.11	0		13.014246
58	383	6	0	0	0	12	14	14	9	308.99	0		4.194740
58	387	7	0	30	0	0	30	12	12	531.11	0		13.014246
58	382	6	0	0	0	21	14	14	9	308.99	0		4.194740
58	388	10	0	0	14	12	28	8	7	229.03	1		2.173659
1	2	1	0	0	14	19	32	8	11	400.41	0		4.994290
58	381	3	0	14	0	12	18	5	11	143.50	1		2.790129
1	1	1	0	14	5	12	32	8	11	400.41	0		4.994290
58	386	7	0	30	12	0	30	12	12	531.11	0		13.014246
1	3	4	0	46	5	12	14	13	9	292.79	0		5.132699
1	4	9	1	46	5	21	17	10	8	150.98	0		7.701039


-------------------------------------------------------------------------------------------------------------------
Tour_Id:			17
No_of_Customers:		2
No_of_Items:			14
Customer_Sequence:		22 32 

CustId	Id	TypeId	Rotated	x	y	z	Length	Width	Height	mass	Fragility	LoadBearingStrength
32	209	4	0	0	0	0	14	13	9	292.79	0		5.132699
32	208	4	0	0	0	9	14	13	9	292.79	0		5.132699
32	211	10	0	0	13	0	28	8	7	229.03	1		2.173659
32	210	7	0	14	0	0	30	12	12	531.11	0		13.014246
32	212	10	0	0	13	7	28	8	7	229.03	1		2.173659
22	147	10	0	0	13	14	28	8	7	229.03	1		2.173659
22	139	1	0	14	0	12	32	8	11	400.41	0		4.994290
22	143	7	0	28	13	0	30	12	12	531.11	0		13.014246
22	142	4	0	0	0	18	14	13	9	292.79	0		5.132699
22	144	8	0	0	13	21	25	7	9	244.84	0		12.753652
22	145	10	0	14	0	23	28	8	7	229.03	1		2.173659
22	146	10	0	28	13	12	28	8	7	229.03	1		2.173659
22	140	1	0	28	13	19	32	8	11	400.41	0		4.994290
22	141	3	0	14	8	12	18	5	11	143.50	1		2.790129


-------------------------------------------------------------------------------------------------------------------
Tour_Id:			18
No_of_Customers:		2
No_of_Items:			13
Customer_Sequence:		47 52 

CustId	Id	TypeId	Rotated	x	y	z	Length	Width	Height	mass	Fragility	LoadBearingStrength
52	344	9	0	0	0	0	17	10	8	150.98	0		7.701039
52	341	4	0	0	10	0	14	13	9	292.79	0		5.132699
52	342	8	0	14	10	0	25	7	9	244.84	0		12.753652
47	308	7	0	0	10	9	30	12	12	531.11	0		13.014246
52	340	2	0	39	10	0	20	12	9	234.40	0		9.834638
52	345	10	0	17	0	0	28	8	7	229.03	1		2.173659
52	343	8	0	14	17	0	25	7	9	244.84	0		12.753652
47	305	1	0	17	0	7	32	8	11	400.41	0		4.994290
47	306	1	0	17	0	18	32	8	11	400.41	0		4.994290
47	307	2	0	0	10	21	20	12	9	234.40	0		9.834638
47	309	8	0	30	10	9	25	7	9	244.84	0		12.753652
47	310	8	0	30	17	9	25	7	9	244.84	0		12.753652
47	311	9	0	0	0	8	17	10	8	150.98	0		7.701039


-------------------------------------------------------------------------------------------------------------------
Tour_Id:			19
No_of_Customers:		2
No_of_Items:			14
Customer_Sequence:		13 46 

CustId	Id	TypeId	Rotated	x	y	z	Length	Width	Height	mass	Fragility	LoadBearingStrength
46	299	7	0	0	0	0	30	12	12	531.11	0		13.014246
46	300	7	0	0	12	0	30	12	12	531.11	0		13.014246
46	297	6	0	0	0	12	14	14	9	308.99	0		4.194740
46	298	6	0	0	0	21	14	14	9	308.99	0		4.194740
46	301	9	0	0	14	12	17	10	8	150.98	0		7.701039
46	302	9	0	0	14	20	17	10	8	150.98	0		7.701039
13	78	4	0	14	0	12	14	13	9	292.79	0		5.132699
46	304	9	0	17	14	12	17	10	8	150.98	0		7.701039
46	296	3	0	30	0	0	18	5	11	143.50	1		2.790129
13	77	2	1	48	0	0	20	12	9	234.40	0		9.834638
46	303	9	0	17	14	20	17	10	8	150.98	0		7.701039
13	80	8	1	48	0	9	25	7	9	244.84	0		12.753652
13	81	9	0	14	0	21	17	10	8	150.98	0		7.701039
13	79	5	0	30	5	0	12	6	12	121.03	0		11.464783


-------------------------------------------------------------------------------------------------------------------
Tour_Id:			20
No_of_Customers:		3
No_of_Items:			16
Customer_Sequence:		14 24 26 

CustId	Id	TypeId	Rotated	x	y	z	Length	Width	Height	mass	Fragility	LoadBearingStrength
26	167	7	0	0	0	0	30	12	12	531.11	0		13.014246
26	168	7	0	0	12	0	30	12	12	531.11	0		13.014246
26	166	6	0	0	0	12	14	14	9	308.99	0		4.194740
26	169	8	0	0	14	12	25	7	9	244.84	0		12.753652
26	170	8	1	0	0	21	25	7	9	244.84	0		12.753652
24	156	4	0	14	0	12	14	13	9	292.79	0		5.132699
26	165	5	0	30	0	0	12	6	12	121.03	0		11.464783
26	172	10	0	30	6	0	28	8	7	229.03	1		2.173659
26	171	10	0	30	14	0	28	8	7	229.03	1		2.173659
14	85	7	0	30	6	7	30	12	12	531.11	0		13.014246
24	157	5	0	28	0	12	12	6	12	121.03	0		11.464783
14	82	4	0	30	6	19	14	13	9	292.79	0		5.132699
14	84	6	0	44	6	19	14	14	9	308.99	0		4.194740
24	158	9	0	7	0	21	17	10	8	150.98	0		7.701039
14	86	9	0	7	10	21	17	10	8	150.98	0		7.701039
14	83	5	0	42	0	0	12	6	12	121.03	0		11.464783


-------------------------------------------------------------------------------------------------------------------
Tour_Id:			21
No_of_Customers:		2
No_of_Items:			14
Customer_Sequence:		41 20 

CustId	Id	TypeId	Rotated	x	y	z	Length	Width	Height	mass	Fragility	LoadBearingStrength
20	125	7	0	0	0	0	30	12	12	531.11	0		13.014246
20	124	6	0	0	0	12	14	14	9	308.99	0		4.194740
20	123	4	0	0	12	0	14	13	9	292.79	0		5.132699
41	266	2	0	14	12	0	20	12	9	234.40	0		9.834638
20	126	8	0	30	0	0	25	7	9	244.84	0		12.753652
20	128	9	0	0	0	21	17	10	8	150.98	0		7.701039
20	129	10	0	30	0	9	28	8	7	229.03	1		2.173659
41	264	2	0	14	12	9	20	12	9	234.40	0		9.834638
41	265	2	0	14	12	18	20	12	9	234.40	0		9.834638
20	127	9	0	30	0	16	17	10	8	150.98	0		7.701039
41	267	2	0	34	12	0	20	12	9	234.40	0		9.834638
41	270	9	0	34	12	9	17	10	8	150.98	0		7.701039
41	269	5	0	34	12	17	12	6	12	121.03	0		11.464783
41	268	3	0	34	18	17	18	5	11	143.50	1		2.790129


-------------------------------------------------------------------------------------------------------------------
Tour_Id:			22
No_of_Customers:		2
No_of_Items:			16
Customer_Sequence:		23 36 

CustId	Id	TypeId	Rotated	x	y	z	Length	Width	Height	mass	Fragility	LoadBearingStrength
36	233	6	0	0	0	0	14	14	9	308.99	0		4.194740
36	234	8	0	0	14	0	25	7	9	244.84	0		12.753652
36	229	1	0	14	0	0	32	8	11	400.41	0		4.994290
23	149	1	0	14	0	11	32	8	11	400.41	0		4.994290
36	235	9	1	0	0	9	17	10	8	150.98	0		7.701039
36	236	10	0	25	14	0	28	8	7	229.03	1		2.173659
36	230	3	0	0	17	9	18	5	11	143.50	1		2.790129
23	152	6	0	46	0	0	14	14	9	308.99	0		4.194740
23	148	1	0	25	14	7	32	8	11	400.41	0		4.994290
36	232	4	1	0	0	17	14	13	9	292.79	0		5.132699
36	231	3	0	14	8	0	18	5	11	143.50	1		2.790129
23	153	6	0	46	0	9	14	14	9	308.99	0		4.194740
23	154	8	0	25	14	18	25	7	9	244.84	0		12.753652
23	155	9	0	14	0	22	17	10	8	150.98	0		7.701039
23	151	5	0	32	8	0	12	6	12	121.03	0		11.464783
23	150	3	0	14	8	11	18	5	11	143.50	1		2.790129


-------------------------------------------------------------------------------------------------------------------
Tour_Id:			23
No_of_Customers:		2
No_of_Items:			15
Customer_Sequence:		43 55 

CustId	Id	TypeId	Rotated	x	y	z	Length	Width	Height	mass	Fragility	LoadBearingStrength
55	357	1	0	0	0	0	32	8	11	400.41	0		4.994290
55	361	7	0	0	8	0	30	12	12	531.11	0		13.014246
55	360	6	0	0	8	12	14	14	9	308.99	0		4.194740
55	362	9	0	0	8	21	17	10	8	150.98	0		7.701039
55	359	4	0	14	8	12	14	13	9	292.79	0		5.132699
43	279	2	0	30	8	0	20	12	9	234.40	0		9.834638
55	358	4	1	17	8	21	14	13	9	292.79	0		5.132699
43	284	10	0	0	0	11	28	8	7	229.03	1		2.173659
43	278	2	0	30	8	9	20	12	9	234.40	0		9.834638
43	281	9	0	30	8	18	17	10	8	150.98	0		7.701039
43	282	9	1	50	8	0	17	10	8	150.98	0		7.701039
43	283	9	1	50	8	8	17	10	8	150.98	0		7.701039
55	363	10	0	32	0	0	28	8	7	229.03	1		2.173659
43	280	5	0	0	0	18	12	6	12	121.03	0		11.464783
43	285	10	0	32	0	7	28	8	7	229.03	1		2.173659


-------------------------------------------------------------------------------------------------------------------
Tour_Id:			24
No_of_Customers:		3
No_of_Items:			16
Customer_Sequence:		3 27 15 

CustId	Id	TypeId	Rotated	x	y	z	Length	Width	Height	mass	Fragility	LoadBearingStrength
15	87	1	0	0	0	0	32	8	11	400.41	0		4.994290
15	89	6	0	0	8	0	14	14	9	308.99	0		4.194740
15	90	6	0	0	8	9	14	14	9	308.99	0		4.194740
15	91	9	0	0	8	18	17	10	8	150.98	0		7.701039
27	179	10	0	0	0	11	28	8	7	229.03	1		2.173659
27	173	2	0	32	0	0	20	12	9	234.40	0		9.834638
27	176	6	0	32	0	9	14	14	9	308.99	0		4.194740
27	174	4	0	32	12	0	14	13	9	292.79	0		5.132699
27	177	8	0	0	0	18	25	7	9	244.84	0		12.753652
27	178	8	1	52	0	0	25	7	9	244.84	0		12.753652
15	88	3	0	14	8	0	18	5	11	143.50	1		2.790129
27	175	5	0	32	14	9	12	6	12	121.03	0		11.464783
3	15	8	1	52	0	9	25	7	9	244.84	0		12.753652
3	16	8	0	32	0	18	25	7	9	244.84	0		12.753652
3	17	8	0	32	7	18	25	7	9	244.84	0		12.753652
3	14	3	0	32	20	9	18	5	11	143.50	1		2.790129


-------------------------------------------------------------------------------------------------------------------
Tour_Id:			25
No_of_Customers:		2
No_of_Items:			12
Customer_Sequence:		39 9 

CustId	Id	TypeId	Rotated	x	y	z	Length	Width	Height	mass	Fragility	LoadBearingStrength
9	49	1	0	0	0	0	32	8	11	400.41	0		4.994290
9	50	2	0	0	8	0	20	12	9	234.40	0		9.834638
9	53	5	0	0	8	9	12	6	12	121.03	0		11.464783
9	51	3	0	0	20	0	18	5	11	143.50	1		2.790129
9	52	3	0	0	14	9	18	5	11	143.50	1		2.790129
39	251	1	0	0	0	11	32	8	11	400.41	0		4.994290
39	252	2	0	20	8	0	20	12	9	234.40	0		9.834638
39	254	6	0	20	8	9	14	14	9	308.99	0		4.194740
39	255	6	0	20	8	18	14	14	9	308.99	0		4.194740
39	253	4	0	40	8	0	14	13	9	292.79	0		5.132699
39	256	9	0	0	0	22	17	10	8	150.98	0		7.701039
39	257	9	0	34	8	9	17	10	8	150.98	0		7.701039


-------------------------------------------------------------------------------------------------------------------
Tour_Id:			26
No_of_Customers:		2
No_of_Items:			12
Customer_Sequence:		50 49 

CustId	Id	TypeId	Rotated	x	y	z	Length	Width	Height	mass	Fragility	LoadBearingStrength
49	323	4	0	0	0	0	14	13	9	292.79	0		5.132699
49	325	7	0	0	13	0	30	12	12	531.11	0		13.014246
49	326	8	0	0	13	12	25	7	9	244.84	0		12.753652
49	324	7	0	14	0	0	30	12	12	531.11	0		13.014246
49	327	8	0	0	13	21	25	7	9	244.84	0		12.753652
49	328	10	0	14	0	12	28	8	7	229.03	1		2.173659
49	321	3	0	0	20	12	18	5	11	143.50	1		2.790129
49	322	3	0	14	8	12	18	5	11	143.50	1		2.790129
50	332	7	0	30	13	0	30	12	12	531.11	0		13.014246
50	329	1	0	14	0	19	32	8	11	400.41	0		4.994290
50	330	2	0	25	13	12	20	12	9	234.40	0		9.834638
50	331	2	0	25	13	21	20	12	9	234.40	0		9.834638


-------------------------------------------------------------------------------------------------------------------
Tour_Id:			27
No_of_Customers:		2
No_of_Items:			16
Customer_Sequence:		21 60 

CustId	Id	TypeId	Rotated	x	y	z	Length	Width	Height	mass	Fragility	LoadBearingStrength
60	394	1	0	0	0	0	32	8	11	400.41	0		4.994290
60	399	9	0	0	8	0	17	10	8	150.98	0		7.701039
60	397	6	0	17	8	0	14	14	9	308.99	0		4.194740
60	398	9	0	0	8	8	17	10	8	150.98	0		7.701039
60	400	10	0	0	0	11	28	8	7	229.03	1		2.173659
60	395	5	0	0	18	0	12	6	12	121.03	0		11.464783
60	396	6	0	17	8	9	14	14	9	308.99	0		4.194740
21	130	1	0	0	0	18	32	8	11	400.41	0		4.994290
21	133	6	0	17	8	18	14	14	9	308.99	0		4.194740
21	134	6	0	31	8	0	14	14	9	308.99	0		4.194740
21	135	8	0	32	0	0	25	7	9	244.84	0		12.753652
21	132	5	0	31	8	9	12	6	12	121.03	0		11.464783
21	136	10	0	32	0	9	28	8	7	229.03	1		2.173659
21	137	10	0	32	0	16	28	8	7	229.03	1		2.173659
21	138	10	0	32	0	23	28	8	7	229.03	1		2.173659
21	131	3	0	31	14	9	18	5	11	143.50	1		2.790129


-------------------------------------------------------------------------------------------------------------------
Tour_Id:			28
No_of_Customers:		2
No_of_Items:			13
Customer_Sequence:		51 53 

CustId	Id	TypeId	Rotated	x	y	z	Length	Width	Height	mass	Fragility	LoadBearingStrength
53	349	7	0	0	0	0	30	12	12	531.11	0		13.014246
53	346	4	0	0	12	0	14	13	9	292.79	0		5.132699
53	347	4	0	0	12	9	14	13	9	292.79	0		5.132699
53	350	9	0	0	0	12	17	10	8	150.98	0		7.701039
53	348	5	0	0	12	18	12	6	12	121.03	0		11.464783
53	351	10	0	14	12	0	28	8	7	229.03	1		2.173659
51	336	7	0	30	0	0	30	12	12	531.11	0		13.014246
51	333	2	0	17	0	12	20	12	9	234.40	0		9.834638
51	335	6	0	17	0	21	14	14	9	308.99	0		4.194740
51	337	8	0	14	12	7	25	7	9	244.84	0		12.753652
51	338	9	0	0	0	20	17	10	8	150.98	0		7.701039
51	339	9	0	37	0	12	17	10	8	150.98	0		7.701039
51	334	3	0	0	18	18	18	5	11	143.50	1		2.790129


