Name:				270_n100_m200_bt100
Problem:			3L-VRPTW
Number_of_used_Vehicles:	6
Total_Travel_Distance:		1045.41
Calculation_Time:		3600.00
Total_Iterations:		9973
ConstraintSet:			P2

-------------------------------------------------------------------------------------------------------------------
Tour_Id:			1
No_of_Customers:		17
No_of_Items:			34
Customer_Sequence:		59 9 73 22 96 5 98 39 49 68 85 16 27 60 66 52 19 

CustId	Id	TypeId	Rotated	x	y	z	Length	Width	Height	mass	Fragility	LoadBearingStrength
19	41	29	0	0	0	0	14	4	5	190.79	0		19.341282
19	42	44	0	0	4	0	6	5	7	105.17	0		10.490751
52	103	43	0	0	9	0	12	6	6	213.73	0		24.880544
52	104	52	0	0	15	0	9	2	7	100.59	0		40.479393
52	102	22	0	0	17	0	7	6	7	130.09	1		4.144619
66	132	73	0	0	0	5	14	3	6	209.73	0		22.610360
66	131	52	0	0	23	0	9	2	7	100.59	0		40.479393
60	119	69	0	0	9	6	6	4	4	49.69	0		19.854191
60	118	58	0	7	17	0	11	6	3	147.62	1		20.688207
27	56	23	0	12	4	0	12	7	8	301.79	0		6.434836
27	58	34	0	0	4	7	8	4	7	67.89	0		13.744970
27	57	26	0	6	9	6	6	6	4	51.49	0		27.083969
16	37	81	0	0	9	10	13	4	8	187.85	0		21.354567
85	172	21	0	0	0	11	13	4	4	189.37	0		29.433764
85	173	46	0	0	4	14	6	5	6	73.93	0		96.918123
85	174	88	0	0	0	15	13	3	4	75.75	0		44.468857
68	135	15	0	0	9	18	14	2	5	59.24	0		26.589022
49	97	68	0	12	11	0	16	6	7	492.05	0		35.467151
39	81	39	0	18	17	0	17	5	8	289.67	1		2.647013
98	196	9	0	12	4	8	13	5	7	298.75	1		18.857165
5	11	45	0	24	0	0	11	5	5	119.12	0		25.352257
5	10	30	0	0	15	7	7	2	6	38.07	0		7.589285
5	9	7	0	0	0	19	13	3	6	161.13	1		7.052745
96	193	94	0	28	11	0	15	5	8	375.69	0		32.504839
96	194	99	0	24	5	0	10	5	4	74.65	0		52.100090
96	192	53	0	28	11	8	16	4	3	362.74	0		186.763599
22	46	18	0	0	23	7	10	2	6	65.48	0		18.550777
22	47	66	0	0	0	25	17	3	5	103.48	1		4.150672
73	144	14	0	28	11	11	14	5	7	164.42	0		36.996653
73	145	26	0	28	11	18	6	6	4	51.49	0		27.083969
73	146	95	0	0	4	20	7	4	7	133.39	1		7.840410
9	21	39	0	12	4	15	17	5	8	289.67	1		2.647013
9	22	47	0	12	4	23	9	6	3	111.23	1		10.545078
59	117	52	0	0	23	13	9	2	7	100.59	0		40.479393


-------------------------------------------------------------------------------------------------------------------
Tour_Id:			2
No_of_Customers:		3
No_of_Items:			8
Customer_Sequence:		82 74 77 

CustId	Id	TypeId	Rotated	x	y	z	Length	Width	Height	mass	Fragility	LoadBearingStrength
77	154	49	0	0	0	0	7	5	5	153.13	0		44.764390
77	155	88	0	0	5	0	13	3	4	75.75	0		44.468857
77	156	95	0	0	8	0	7	4	7	133.39	1		7.840410
74	149	56	0	0	12	0	13	6	5	348.29	0		92.745599
74	148	55	0	0	18	0	15	6	4	198.06	0		11.782557
74	147	2	0	0	18	4	17	4	4	169.88	0		31.895672
82	165	42	0	0	12	5	17	4	7	444.75	0		50.736038
82	166	60	0	0	5	4	9	2	6	156.31	1		12.168959


-------------------------------------------------------------------------------------------------------------------
Tour_Id:			3
No_of_Customers:		13
No_of_Items:			19
Customer_Sequence:		97 64 21 47 36 24 44 18 62 80 81 40 35 

CustId	Id	TypeId	Rotated	x	y	z	Length	Width	Height	mass	Fragility	LoadBearingStrength
35	73	54	0	0	0	0	14	4	4	194.69	0		112.010997
40	82	46	0	0	4	0	6	5	6	73.93	0		96.918123
81	164	31	0	0	9	0	10	4	5	116.91	0		19.713585
80	162	14	0	0	13	0	14	5	7	164.42	0		36.996653
80	163	36	0	0	18	0	17	4	4	214.69	0		60.017411
62	124	53	0	0	0	4	16	4	3	362.74	0		186.763599
62	123	28	0	0	22	0	15	2	4	217.23	0		72.800499
18	40	41	0	0	18	4	10	6	4	167.82	0		53.418700
44	88	37	0	0	9	5	9	3	8	168.89	0		62.357427
44	87	26	0	0	18	8	6	6	4	51.49	0		27.083969
24	50	63	0	10	4	0	17	6	3	207.31	0		30.342796
24	49	10	0	0	0	7	9	5	3	61.10	1		5.277178
36	74	53	0	0	13	7	16	4	3	362.74	0		186.763599
47	94	89	0	0	12	10	13	4	6	136.27	0		10.850936
47	93	13	0	0	5	6	7	3	7	80.63	0		87.012321
21	45	43	0	10	4	3	12	6	6	213.73	0		24.880544
21	44	4	0	0	9	13	11	3	8	196.30	0		21.293891
64	128	41	0	16	10	0	10	6	4	167.82	0		53.418700
97	195	100	0	0	0	10	10	5	8	312.14	1		19.093959


-------------------------------------------------------------------------------------------------------------------
Tour_Id:			4
No_of_Customers:		22
No_of_Items:			48
Customer_Sequence:		30 46 67 58 78 94 3 4 43 50 14 90 15 2 95 31 55 100 17 33 32 11 

CustId	Id	TypeId	Rotated	x	y	z	Length	Width	Height	mass	Fragility	LoadBearingStrength
11	26	19	0	0	0	0	7	4	7	83.96	0		12.657263
32	67	80	0	0	4	0	17	4	6	194.21	0		15.925120
32	65	17	0	0	8	0	15	3	7	291.44	0		43.453420
32	66	45	0	0	11	0	11	5	5	119.12	0		25.352257
33	68	1	0	0	16	0	15	6	5	284.85	0		12.136990
33	69	81	0	0	11	5	13	4	8	187.85	0		21.354567
17	38	40	0	0	15	5	13	5	7	206.93	0		25.956115
17	39	54	0	0	4	6	14	4	4	194.69	0		112.010997
100	200	31	0	0	4	10	10	4	5	116.91	0		19.713585
100	199	15	0	0	22	0	14	2	5	59.24	0		26.589022
100	198	9	0	0	20	5	13	5	7	298.75	1		18.857165
55	108	56	0	15	8	0	13	6	5	348.29	0		92.745599
55	110	86	0	0	15	12	9	5	5	435.68	0		342.597906
55	109	67	0	0	4	15	8	5	4	49.42	0		18.998514
31	63	67	0	0	15	17	8	5	4	49.42	0		18.998514
31	64	98	0	0	0	7	6	3	6	99.01	0		55.116850
95	190	55	0	15	14	0	15	6	4	198.06	0		11.782557
95	189	46	0	0	4	19	6	5	6	73.93	0		96.918123
95	191	87	0	0	8	7	11	3	5	320.01	0		104.612151
2	3	94	0	15	20	0	15	5	8	375.69	0		32.504839
2	2	15	0	0	11	13	14	2	5	59.24	0		26.589022
15	34	13	0	0	0	13	7	3	7	80.63	0		87.012321
15	35	35	0	7	0	0	12	3	3	78.03	0		27.947873
15	36	39	0	0	20	12	17	5	8	289.67	1		2.647013
90	181	64	0	15	8	5	9	7	4	216.50	0		45.913182
14	33	63	0	19	0	0	17	6	3	207.31	0		30.342796
14	32	19	0	0	0	20	7	4	7	83.96	0		12.657263
14	31	9	0	0	20	20	13	5	7	298.75	1		18.857165
50	99	34	0	0	15	21	8	4	7	67.89	0		13.744970
50	98	12	0	15	15	4	17	5	8	643.65	1		16.574266
43	86	93	0	9	15	12	17	5	5	270.86	1		7.848104
4	7	76	0	15	8	9	9	7	5	216.66	0		12.885390
4	8	98	0	7	0	3	6	3	6	99.01	0		55.116850
3	4	33	0	13	0	3	12	4	6	278.77	0		50.085056
3	6	73	0	7	0	9	14	3	6	209.73	0		22.610360
3	5	37	0	7	0	15	9	3	8	168.89	0		62.357427
94	187	41	0	15	8	14	10	6	4	167.82	0		53.418700
94	188	75	0	15	20	8	15	3	3	173.12	0		282.925806
78	157	76	0	15	8	18	9	7	5	216.66	0		12.885390
78	158	78	0	0	4	25	8	5	4	129.35	0		42.210124
58	115	81	0	25	0	3	13	4	8	187.85	0		21.354567
58	116	89	0	25	0	11	13	4	6	136.27	0		10.850936
67	134	18	0	7	0	23	10	2	6	65.48	0		18.550777
67	133	9	0	8	15	17	13	5	7	298.75	1		18.857165
46	91	30	0	15	8	23	7	2	6	38.07	0		7.589285
46	92	93	0	8	15	24	17	5	5	270.86	1		7.848104
46	90	10	0	0	20	27	9	5	3	61.10	1		5.277178
30	62	1	0	28	8	0	15	6	5	284.85	0		12.136990


-------------------------------------------------------------------------------------------------------------------
Tour_Id:			5
No_of_Customers:		23
No_of_Items:			48
Customer_Sequence:		72 56 13 51 26 6 69 1 86 29 71 7 63 53 89 61 70 34 65 87 12 23 99 

CustId	Id	TypeId	Rotated	x	y	z	Length	Width	Height	mass	Fragility	LoadBearingStrength
99	197	20	0	0	0	0	9	3	4	34.93	0		12.689690
23	48	20	0	0	3	0	9	3	4	34.93	0		12.689690
12	28	43	0	0	6	0	12	6	6	213.73	0		24.880544
12	27	2	0	0	12	0	17	4	4	169.88	0		31.895672
87	178	62	0	0	16	0	8	4	4	58.35	1		7.986777
65	129	63	0	8	16	0	17	6	3	207.31	0		30.342796
65	130	90	0	0	0	4	7	6	3	47.83	0		44.366670
34	71	64	0	0	6	6	9	7	4	216.50	0		45.913182
34	70	31	0	0	6	10	10	4	5	116.91	0		19.713585
34	72	74	0	0	22	0	7	2	6	79.91	0		21.404716
70	140	56	0	8	16	3	13	6	5	348.29	0		92.745599
70	139	28	0	0	13	4	15	2	4	217.23	0		72.800499
61	121	64	0	8	16	8	9	7	4	216.50	0		45.913182
61	120	54	0	9	0	0	14	4	4	194.69	0		112.010997
61	122	100	0	0	6	15	10	5	8	312.14	1		19.093959
89	180	47	0	0	0	7	9	6	3	111.23	1		10.545078
53	105	5	0	8	16	12	12	5	8	467.75	0		19.880207
53	106	31	0	8	16	20	10	4	5	116.91	0		19.713585
63	127	87	0	7	22	0	11	3	5	320.01	0		104.612151
63	125	69	0	0	10	10	6	4	4	49.69	0		19.854191
63	126	74	0	8	21	12	7	2	6	79.91	0		21.404716
7	16	79	0	9	0	4	14	4	6	313.89	0		27.802735
7	15	63	0	12	6	0	17	6	3	207.31	0		30.342796
7	17	82	0	0	0	10	11	5	7	339.62	1		18.718219
71	141	37	0	11	0	10	9	3	8	168.89	0		62.357427
29	60	1	0	12	6	3	15	6	5	284.85	0		12.136990
29	61	67	0	8	16	25	8	5	4	49.42	0		18.998514
86	177	65	0	12	6	8	10	7	8	707.66	1		49.682643
86	176	48	0	17	12	0	17	3	8	402.85	1		9.608883
86	175	10	0	0	6	23	9	5	3	61.10	1		5.277178
1	1	47	0	0	6	26	9	6	3	111.23	1		10.545078
69	137	36	0	23	0	0	17	4	4	214.69	0		60.017411
69	136	19	0	11	0	18	7	4	7	83.96	0		12.657263
69	138	53	0	23	0	4	16	4	3	362.74	0		186.763599
6	14	32	0	25	16	0	8	6	8	537.81	0		37.627460
6	12	21	0	23	0	7	13	4	4	189.37	0		29.433764
6	13	28	0	9	4	0	15	2	4	217.23	0		72.800499
26	55	79	0	20	0	11	14	4	6	313.89	0		27.802735
26	54	24	0	20	0	17	14	5	4	522.49	0		83.636122
51	100	33	0	18	0	21	12	4	6	278.77	0		50.085056
51	101	97	0	17	16	8	16	5	3	174.05	0		34.096105
13	29	29	0	29	6	0	14	4	5	190.79	0		19.341282
13	30	62	0	12	6	16	8	4	4	58.35	1		7.986777
56	111	1	0	33	15	0	15	6	5	284.85	0		12.136990
56	113	73	0	18	22	0	14	3	6	209.73	0		22.610360
56	112	37	0	17	22	6	9	3	8	168.89	0		62.357427
72	142	6	0	33	15	5	17	6	4	284.08	0		13.165703
72	143	35	0	17	22	14	12	3	3	78.03	0		27.947873


-------------------------------------------------------------------------------------------------------------------
Tour_Id:			6
No_of_Customers:		22
No_of_Items:			43
Customer_Sequence:		28 91 57 84 10 42 92 79 25 45 8 41 75 88 54 76 48 93 37 38 20 83 

CustId	Id	TypeId	Rotated	x	y	z	Length	Width	Height	mass	Fragility	LoadBearingStrength
83	167	2	0	0	0	0	17	4	4	169.88	0		31.895672
83	169	86	0	0	4	0	9	5	5	435.68	0		342.597906
83	168	21	0	0	9	0	13	4	4	189.37	0		29.433764
20	43	77	0	0	13	0	8	7	3	167.60	0		63.969648
38	78	42	0	0	20	0	17	4	7	444.75	0		50.736038
38	80	99	0	0	13	3	10	5	4	74.65	0		52.100090
38	79	47	0	0	4	5	9	6	3	111.23	1		10.545078
37	76	33	0	0	0	4	12	4	6	278.77	0		50.085056
37	75	18	0	0	18	3	10	2	6	65.48	0		18.550777
37	77	100	0	0	13	7	10	5	8	312.14	1		19.093959
93	186	90	0	10	13	0	7	6	3	47.83	0		44.366670
48	95	54	0	0	20	7	14	4	4	194.69	0		112.010997
48	96	67	0	0	0	10	8	5	4	49.42	0		18.998514
76	152	25	0	0	20	11	11	4	5	282.51	0		49.473173
76	151	16	0	0	10	4	10	2	6	112.01	0		38.779982
76	153	96	0	13	4	0	14	7	6	372.93	1		39.599778
54	107	21	0	0	20	16	13	4	4	189.37	0		29.433764
88	179	75	0	0	20	20	15	3	3	173.12	0		282.925806
75	150	5	0	17	13	0	12	5	8	467.75	0		19.880207
41	83	89	0	0	20	23	13	4	6	136.27	0		10.850936
8	18	14	0	17	18	0	14	5	7	164.42	0		36.996653
8	19	42	0	14	18	7	17	4	7	444.75	0		50.736038
8	20	47	0	0	13	15	9	6	3	111.23	1		10.545078
45	89	33	0	17	0	0	12	4	6	278.77	0		50.085056
25	52	8	0	17	13	8	14	5	7	694.22	0		41.912594
25	51	2	0	14	18	14	17	4	4	169.88	0		31.895672
25	53	87	0	17	0	6	11	3	5	320.01	0		104.612151
79	159	34	0	0	0	14	8	4	7	67.89	0		13.744970
79	161	87	0	17	0	11	11	3	5	320.01	0		104.612151
79	160	47	0	0	13	18	9	6	3	111.23	1		10.545078
92	185	85	0	10	4	6	14	5	7	363.62	1		12.587381
92	184	48	0	10	4	13	17	3	8	402.85	1		9.608883
42	84	61	0	17	13	15	11	5	8	433.07	0		37.368326
42	85	73	0	17	0	16	14	3	6	209.73	0		22.610360
10	25	54	0	17	0	22	14	4	4	194.69	0		112.010997
10	23	30	0	0	10	10	7	2	6	38.07	0		7.589285
10	24	39	0	27	4	0	17	5	8	289.67	1		2.647013
84	171	89	0	17	13	23	13	4	6	136.27	0		10.850936
84	170	30	0	0	10	16	7	2	6	38.07	0		7.589285
57	114	68	0	31	18	0	16	6	7	492.05	0		35.467151
91	183	79	0	27	9	0	14	4	6	313.89	0		27.802735
91	182	62	0	10	4	21	8	4	4	58.35	1		7.986777
28	59	56	0	31	18	7	13	6	5	348.29	0		92.745599


