Name:				462_n060_m400_bt100
Problem:			3L-VRPTW
Number_of_used_Vehicles:	35
Total_Travel_Distance:		2365.41
Calculation_Time:		3600.00
Total_Iterations:		9726
ConstraintSet:			P2

-------------------------------------------------------------------------------------------------------------------
Tour_Id:			1
No_of_Customers:		2
No_of_Items:			15
Customer_Sequence:		39 17 

CustId	Id	TypeId	Rotated	x	y	z	Length	Width	Height	mass	Fragility	LoadBearingStrength
17	110	99	0	0	0	0	28	12	11	543.68	1		2.197806
17	107	63	0	0	12	0	25	5	12	219.84	0		6.237836
17	103	2	0	0	17	0	35	7	11	427.79	0		25.832050
17	108	75	0	0	17	11	17	7	9	208.46	0		31.445977
17	106	41	0	0	17	20	14	6	7	83.07	0		8.306470
17	104	16	0	0	0	11	28	9	8	265.47	1		1.454357
39	255	56	0	28	0	0	31	6	11	375.95	0		10.436140
17	109	90	0	0	0	19	33	8	6	188.43	1		1.898477
39	254	48	0	28	6	0	32	11	10	372.29	0		5.375047
17	105	27	0	0	12	12	27	5	14	207.31	1		1.248565
39	252	23	0	33	0	11	23	8	11	367.37	0		5.625455
39	253	23	0	35	17	0	23	8	11	367.37	0		5.625455
39	250	3	0	17	17	11	15	8	13	281.55	0		14.631845
39	251	17	0	27	12	10	22	5	7	93.62	0		7.692254
39	256	94	0	33	0	22	22	10	6	166.19	1		2.226845


-------------------------------------------------------------------------------------------------------------------
Tour_Id:			2
No_of_Customers:		2
No_of_Items:			11
Customer_Sequence:		59 18 

CustId	Id	TypeId	Rotated	x	y	z	Length	Width	Height	mass	Fragility	LoadBearingStrength
18	113	18	0	0	0	0	22	12	10	420.20	0		20.346725
18	114	31	0	22	0	0	34	14	13	721.86	0		29.669205
59	389	38	0	0	14	0	16	6	13	242.11	0		18.635338
18	111	1	0	22	0	13	30	11	9	306.50	0		7.944084
59	388	29	0	16	14	0	33	6	13	301.08	0		34.252111
59	391	75	0	0	14	13	17	7	9	208.46	0		31.445977
59	387	7	0	17	11	13	35	10	8	418.80	0		10.847829
18	112	17	0	0	20	0	22	5	7	93.62	0		7.692254
18	116	71	0	22	0	22	27	13	6	283.06	0		21.874608
18	115	46	0	0	0	10	14	13	10	288.74	0		11.098736
59	390	59	0	17	13	21	35	9	9	488.51	1		3.073548


-------------------------------------------------------------------------------------------------------------------
Tour_Id:			3
No_of_Customers:		1
No_of_Items:			0
Customer_Sequence:		31 

-------------------------------------------------------------------------------------------------------------------
Tour_Id:			4
No_of_Customers:		1
No_of_Items:			0
Customer_Sequence:		8 

-------------------------------------------------------------------------------------------------------------------
Tour_Id:			5
No_of_Customers:		3
No_of_Items:			16
Customer_Sequence:		45 5 24 

CustId	Id	TypeId	Rotated	x	y	z	Length	Width	Height	mass	Fragility	LoadBearingStrength
24	159	85	0	0	0	0	35	13	10	894.49	0		23.324181
24	157	65	0	0	0	10	34	13	7	339.49	0		5.582925
24	155	30	0	0	13	0	18	9	11	241.74	0		18.975710
24	154	2	0	0	0	17	35	7	11	427.79	0		25.832050
5	31	100	0	0	13	11	21	9	8	226.16	0		14.977252
5	28	30	0	0	13	19	18	9	11	241.74	0		18.975710
24	158	78	0	35	0	0	18	13	8	257.22	0		8.493040
24	156	51	0	0	7	17	32	5	7	131.06	0		10.286148
5	30	63	0	21	13	0	25	5	12	219.84	0		6.237836
5	27	30	0	35	0	8	18	9	11	241.74	0		18.975710
5	29	34	0	21	18	0	26	7	8	283.24	0		23.562875
45	297	100	0	35	0	19	21	9	8	226.16	0		14.977252
45	294	34	0	21	18	8	26	7	8	283.24	0		23.562875
45	296	68	0	21	18	16	28	6	14	468.48	1		9.065345
45	295	41	1	53	0	0	14	6	7	83.07	0		8.306470
45	293	26	0	21	13	12	12	5	10	80.66	0		8.642952


-------------------------------------------------------------------------------------------------------------------
Tour_Id:			6
No_of_Customers:		1
No_of_Items:			0
Customer_Sequence:		34 

-------------------------------------------------------------------------------------------------------------------
Tour_Id:			7
No_of_Customers:		2
No_of_Items:			10
Customer_Sequence:		16 51 

CustId	Id	TypeId	Rotated	x	y	z	Length	Width	Height	mass	Fragility	LoadBearingStrength
51	331	33	0	0	0	0	14	14	11	418.16	0		44.605751
51	329	4	0	0	14	0	31	8	14	521.17	0		14.224321
51	330	5	0	14	0	0	33	12	11	536.27	0		15.328438
51	332	49	0	0	0	11	18	12	7	156.48	0		11.515461
16	102	93	0	0	14	14	16	7	14	225.60	0		13.189737
16	98	9	0	0	0	18	20	14	12	556.44	0		13.401198
16	97	6	0	20	0	11	24	10	8	251.11	0		8.246774
16	101	92	0	31	14	0	28	9	14	535.18	0		8.119798
16	100	36	0	20	0	19	17	11	8	170.91	0		29.735538
16	99	32	0	16	14	14	31	7	6	167.03	0		12.491372


-------------------------------------------------------------------------------------------------------------------
Tour_Id:			8
No_of_Customers:		2
No_of_Items:			13
Customer_Sequence:		22 48 

CustId	Id	TypeId	Rotated	x	y	z	Length	Width	Height	mass	Fragility	LoadBearingStrength
48	310	33	0	0	0	0	14	14	11	418.16	0		44.605751
48	309	33	0	0	0	11	14	14	11	418.16	0		44.605751
48	307	6	0	0	14	0	24	10	8	251.11	0		8.246774
48	308	31	0	14	0	0	34	14	13	721.86	0		29.669205
48	313	49	0	0	0	22	18	12	7	156.48	0		11.515461
22	140	9	0	18	0	13	20	14	12	556.44	0		13.401198
48	312	44	0	0	14	8	12	9	6	84.20	1		4.197077
48	311	36	0	24	14	0	17	11	8	170.91	0		29.735538
22	144	64	0	12	14	8	35	10	13	874.56	0		37.480108
22	141	22	1	48	0	0	23	10	14	445.85	0		6.798837
22	145	69	0	12	14	21	31	7	9	305.87	0		11.781266
22	143	62	1	47	0	14	19	5	11	175.67	0		13.414810
22	142	58	1	52	0	14	20	5	10	181.99	0		17.815261


-------------------------------------------------------------------------------------------------------------------
Tour_Id:			9
No_of_Customers:		2
No_of_Items:			14
Customer_Sequence:		46 3 

CustId	Id	TypeId	Rotated	x	y	z	Length	Width	Height	mass	Fragility	LoadBearingStrength
46	299	57	0	0	0	0	31	8	12	386.10	0		41.946996
3	19	67	0	0	8	0	28	13	11	553.30	0		13.091174
3	20	86	0	0	8	11	26	13	8	318.59	0		13.653050
3	14	30	0	0	8	19	18	9	11	241.74	0		18.975710
3	15	30	0	28	8	0	18	9	11	241.74	0		18.975710
3	22	98	1	18	8	19	14	7	10	159.85	0		50.423163
3	21	93	0	26	8	11	16	7	14	225.60	0		13.189737
46	300	57	0	0	0	12	31	8	12	386.10	0		41.946996
3	17	42	0	28	17	0	20	7	11	260.57	0		31.923337
3	16	37	0	26	15	11	27	8	11	269.19	0		8.688686
3	18	51	0	25	15	22	32	5	7	131.06	0		10.286148
46	298	33	0	46	0	0	14	14	11	418.16	0		44.605751
46	302	98	0	31	0	0	14	7	10	159.85	0		50.423163
46	301	66	0	42	0	11	18	10	13	336.45	1		3.076678


-------------------------------------------------------------------------------------------------------------------
Tour_Id:			10
No_of_Customers:		2
No_of_Items:			11
Customer_Sequence:		20 47 

CustId	Id	TypeId	Rotated	x	y	z	Length	Width	Height	mass	Fragility	LoadBearingStrength
20	130	91	0	0	0	0	32	8	14	539.59	0		56.114174
47	304	22	0	0	8	0	23	10	14	445.85	0		6.798837
20	127	57	0	0	0	14	31	8	12	386.10	0		41.946996
47	305	26	0	0	18	0	12	5	10	80.66	0		8.642952
47	303	5	0	23	8	0	33	12	11	536.27	0		15.328438
20	125	43	0	0	8	14	24	11	13	563.78	0		91.667395
47	306	89	0	12	20	0	26	5	13	271.90	0		7.156908
20	128	61	0	24	8	11	28	10	9	478.87	0		15.300848
20	124	23	0	32	0	0	23	8	11	367.37	0		5.625455
20	126	46	0	24	8	20	14	13	10	288.74	0		11.098736
20	129	62	0	32	0	11	19	5	11	175.67	0		13.414810


-------------------------------------------------------------------------------------------------------------------
Tour_Id:			11
No_of_Customers:		2
No_of_Items:			14
Customer_Sequence:		14 10 

CustId	Id	TypeId	Rotated	x	y	z	Length	Width	Height	mass	Fragility	LoadBearingStrength
10	66	86	0	0	0	0	26	13	8	318.59	0		13.653050
10	61	34	0	0	13	0	26	7	8	283.24	0		23.562875
10	60	6	0	0	0	8	24	10	8	251.11	0		8.246774
10	64	78	0	0	10	8	18	13	8	257.22	0		8.493040
14	85	81	0	0	0	16	14	5	8	61.02	0		16.960880
10	65	82	0	0	5	16	18	6	9	116.34	0		13.511353
10	67	97	0	0	11	16	20	13	6	205.54	1		6.095621
14	82	4	0	26	0	0	31	8	14	521.17	0		14.224321
10	62	44	0	0	11	22	12	9	6	84.20	1		4.197077
14	87	91	0	24	0	14	32	8	14	539.59	0		56.114174
14	83	5	0	26	8	0	33	12	11	536.27	0		15.328438
14	86	86	0	24	8	11	26	13	8	318.59	0		13.653050
14	84	15	0	20	8	19	32	9	7	248.96	0		8.416531
10	63	58	0	20	20	0	20	5	10	181.99	0		17.815261


-------------------------------------------------------------------------------------------------------------------
Tour_Id:			12
No_of_Customers:		1
No_of_Items:			0
Customer_Sequence:		60 

-------------------------------------------------------------------------------------------------------------------
Tour_Id:			13
No_of_Customers:		2
No_of_Items:			11
Customer_Sequence:		9 43 

CustId	Id	TypeId	Rotated	x	y	z	Length	Width	Height	mass	Fragility	LoadBearingStrength
43	282	87	0	0	0	0	21	13	13	463.08	1		9.125928
43	281	84	0	0	13	0	25	11	9	308.67	0		41.159450
43	280	20	0	25	0	0	35	14	13	669.65	0		26.469419
9	58	68	0	0	0	13	28	6	14	468.48	1		9.065345
43	279	12	0	25	14	0	34	9	13	516.13	1		3.117085
9	57	46	0	28	0	13	14	13	10	288.74	0		11.098736
43	278	8	0	0	13	9	25	9	10	413.12	1		3.260958
9	59	93	0	42	0	13	16	7	14	225.60	0		13.189737
9	55	16	0	0	13	19	28	9	8	265.47	1		1.454357
43	283	90	0	25	14	13	33	8	6	188.43	1		1.898477
9	56	44	0	28	13	19	12	9	6	84.20	1		4.197077


-------------------------------------------------------------------------------------------------------------------
Tour_Id:			14
No_of_Customers:		1
No_of_Items:			0
Customer_Sequence:		29 

-------------------------------------------------------------------------------------------------------------------
Tour_Id:			15
No_of_Customers:		2
No_of_Items:			13
Customer_Sequence:		37 7 

CustId	Id	TypeId	Rotated	x	y	z	Length	Width	Height	mass	Fragility	LoadBearingStrength
7	42	22	0	0	0	0	23	10	14	445.85	0		6.798837
7	43	27	0	0	10	0	27	5	14	207.31	1		1.248565
7	41	16	0	0	15	0	28	9	8	265.47	1		1.454357
7	39	5	0	27	0	0	33	12	11	536.27	0		15.328438
7	40	11	0	0	0	14	28	6	13	244.94	0		16.284910
37	244	41	0	28	15	0	14	6	7	83.07	0		8.306470
7	45	38	0	28	0	11	16	6	13	242.11	0		18.635338
37	240	4	0	27	6	11	31	8	14	521.17	0		14.224321
37	243	38	0	28	15	7	16	6	13	242.11	0		18.635338
37	245	75	0	28	15	20	17	7	9	208.46	0		31.445977
7	44	38	0	44	0	11	16	6	13	242.11	0		18.635338
37	241	16	0	0	15	8	28	9	8	265.47	1		1.454357
37	242	25	0	0	14	16	23	9	9	191.27	1		1.591311


-------------------------------------------------------------------------------------------------------------------
Tour_Id:			16
No_of_Customers:		2
No_of_Items:			13
Customer_Sequence:		12 23 

CustId	Id	TypeId	Rotated	x	y	z	Length	Width	Height	mass	Fragility	LoadBearingStrength
23	151	60	0	0	0	0	23	10	14	450.65	0		11.210794
23	150	55	0	0	10	0	29	12	6	259.23	0		14.636879
23	146	18	0	0	10	6	22	12	10	420.20	0		20.346725
12	74	38	0	0	0	14	16	6	13	242.11	0		18.635338
23	147	26	0	0	10	16	12	5	10	80.66	0		8.642952
23	152	70	0	23	0	0	33	10	10	544.89	1		3.816571
23	148	44	0	0	15	16	12	9	6	84.20	1		4.197077
23	149	44	0	0	15	22	12	9	6	84.20	1		4.197077
12	76	46	0	29	10	0	14	13	10	288.74	0		11.098736
12	73	30	0	29	10	10	18	9	11	241.74	0		18.975710
12	75	40	0	12	10	16	13	12	10	200.27	0		9.770129
23	153	98	1	22	10	6	14	7	10	159.85	0		50.423163
12	77	70	0	23	0	10	33	10	10	544.89	1		3.816571


-------------------------------------------------------------------------------------------------------------------
Tour_Id:			17
No_of_Customers:		2
No_of_Items:			11
Customer_Sequence:		13 55 

CustId	Id	TypeId	Rotated	x	y	z	Length	Width	Height	mass	Fragility	LoadBearingStrength
55	357	1	0	0	0	0	30	11	9	306.50	0		7.944084
55	356	1	0	0	11	0	30	11	9	306.50	0		7.944084
55	358	48	0	0	0	9	32	11	10	372.29	0		5.375047
55	359	55	0	0	11	9	29	12	6	259.23	0		14.636879
55	360	76	0	0	11	15	34	5	10	323.17	0		10.049145
55	361	89	0	0	16	15	26	5	13	271.90	0		7.156908
13	80	49	0	30	0	0	18	12	7	156.48	0		11.515461
55	362	97	0	30	12	0	20	13	6	205.54	1		6.095621
13	81	70	0	0	0	19	33	10	10	544.89	1		3.816571
13	79	45	1	50	0	0	25	7	6	170.77	0		8.579027
13	78	14	0	33	0	7	13	10	10	167.55	0		9.515087


-------------------------------------------------------------------------------------------------------------------
Tour_Id:			18
No_of_Customers:		2
No_of_Items:			16
Customer_Sequence:		2 32 

CustId	Id	TypeId	Rotated	x	y	z	Length	Width	Height	mass	Fragility	LoadBearingStrength
32	205	74	0	0	0	0	27	14	8	575.73	0		9.601104
32	203	49	0	0	0	8	18	12	7	156.48	0		11.515461
32	201	43	0	0	14	0	24	11	13	563.78	0		91.667395
32	207	76	0	24	14	0	34	5	10	323.17	0		10.049145
32	200	28	0	0	14	13	29	5	11	225.96	0		35.043429
32	204	73	0	27	0	0	32	14	14	792.74	0		19.526749
32	208	83	0	0	19	13	22	5	10	185.95	0		21.915492
32	206	75	0	0	0	15	17	7	9	208.46	0		31.445977
2	12	82	0	0	7	15	18	6	9	116.34	0		13.511353
2	7	28	0	24	19	0	29	5	11	225.96	0		35.043429
32	202	44	1	18	0	8	12	9	6	84.20	1		4.197077
2	8	41	0	0	19	23	14	6	7	83.07	0		8.306470
2	11	81	0	24	19	11	14	5	8	61.02	0		16.960880
2	10	53	0	18	0	14	29	14	8	627.92	1		4.923095
2	13	90	0	18	0	22	33	8	6	188.43	1		1.898477
2	9	44	0	0	0	24	12	9	6	84.20	1		4.197077


-------------------------------------------------------------------------------------------------------------------
Tour_Id:			19
No_of_Customers:		2
No_of_Items:			11
Customer_Sequence:		1 11 

CustId	Id	TypeId	Rotated	x	y	z	Length	Width	Height	mass	Fragility	LoadBearingStrength
11	68	21	0	0	0	0	35	14	10	882.10	0		6.450568
11	71	60	0	0	14	0	23	10	14	450.65	0		11.210794
11	69	32	0	0	0	10	31	7	6	167.03	0		12.491372
1	1	4	0	0	0	16	31	8	14	521.17	0		14.224321
11	72	97	0	35	0	0	20	13	6	205.54	1		6.095621
11	70	57	0	23	14	0	31	8	12	386.10	0		41.946996
1	3	60	0	0	14	14	23	10	14	450.65	0		11.210794
1	4	96	0	23	14	12	33	9	9	451.81	0		17.130689
1	6	100	0	23	14	21	21	9	8	226.16	0		14.977252
1	2	26	0	0	8	10	12	5	10	80.66	0		8.642952
1	5	97	0	35	0	6	20	13	6	205.54	1		6.095621


-------------------------------------------------------------------------------------------------------------------
Tour_Id:			20
No_of_Customers:		2
No_of_Items:			14
Customer_Sequence:		53 58 

CustId	Id	TypeId	Rotated	x	y	z	Length	Width	Height	mass	Fragility	LoadBearingStrength
58	381	43	0	0	0	0	24	11	13	563.78	0		91.667395
58	383	76	0	0	11	0	34	5	10	323.17	0		10.049145
58	385	80	0	0	0	13	25	10	12	316.77	0		8.168681
58	384	77	0	0	16	0	28	6	14	292.66	0		25.777807
58	382	48	0	24	0	0	32	11	10	372.29	0		5.375047
58	386	89	0	0	11	10	26	5	13	271.90	0		7.156908
53	341	48	0	26	0	10	32	11	10	372.29	0		5.375047
53	340	9	0	34	11	0	20	14	12	556.44	0		13.401198
53	342	61	0	25	0	20	28	10	9	478.87	0		15.300848
53	345	69	0	0	16	14	31	7	9	305.87	0		11.781266
53	343	62	0	31	11	12	19	5	11	175.67	0		13.414810
53	344	62	0	31	16	12	19	5	11	175.67	0		13.414810
53	346	94	0	0	10	23	22	10	6	166.19	1		2.226845
53	347	95	0	31	11	23	20	8	6	176.31	1		2.007472


-------------------------------------------------------------------------------------------------------------------
Tour_Id:			21
No_of_Customers:		1
No_of_Items:			0
Customer_Sequence:		40 

-------------------------------------------------------------------------------------------------------------------
Tour_Id:			22
No_of_Customers:		2
No_of_Items:			13
Customer_Sequence:		15 25 

CustId	Id	TypeId	Rotated	x	y	z	Length	Width	Height	mass	Fragility	LoadBearingStrength
25	163	74	0	0	0	0	27	14	8	575.73	0		9.601104
25	162	61	0	0	14	0	28	10	9	478.87	0		15.300848
25	160	8	0	0	0	8	25	9	10	413.12	1		3.260958
25	161	54	0	0	14	9	18	9	11	245.85	0		20.064229
15	88	5	0	27	0	0	33	12	11	536.27	0		15.328438
15	92	38	0	25	0	11	16	6	13	242.11	0		18.635338
15	91	15	0	28	14	0	32	9	7	248.96	0		8.416531
15	90	11	0	25	6	11	28	6	13	244.94	0		16.284910
15	95	94	0	0	0	18	22	10	6	166.19	1		2.226845
15	89	8	0	28	12	7	25	9	10	413.12	1		3.260958
15	96	97	0	0	0	24	20	13	6	205.54	1		6.095621
15	94	94	0	20	0	24	22	10	6	166.19	1		2.226845
15	93	38	0	41	0	11	16	6	13	242.11	0		18.635338


-------------------------------------------------------------------------------------------------------------------
Tour_Id:			23
No_of_Customers:		1
No_of_Items:			0
Customer_Sequence:		33 

-------------------------------------------------------------------------------------------------------------------
Tour_Id:			24
No_of_Customers:		1
No_of_Items:			0
Customer_Sequence:		41 

-------------------------------------------------------------------------------------------------------------------
Tour_Id:			25
No_of_Customers:		2
No_of_Items:			12
Customer_Sequence:		52 27 

CustId	Id	TypeId	Rotated	x	y	z	Length	Width	Height	mass	Fragility	LoadBearingStrength
27	169	5	0	0	0	0	33	12	11	536.27	0		15.328438
27	171	78	0	0	12	0	18	13	8	257.22	0		8.493040
27	172	80	0	0	0	11	25	10	12	316.77	0		8.168681
27	170	15	0	0	0	23	32	9	7	248.96	0		8.416531
52	337	72	0	18	12	0	34	9	12	543.64	0		11.170363
27	173	89	0	33	0	0	26	5	13	271.90	0		7.156908
52	339	90	0	18	12	12	33	8	6	188.43	1		1.898477
52	334	45	0	33	5	0	25	7	6	170.77	0		8.579027
52	336	58	0	33	5	6	20	5	10	181.99	0		17.815261
52	333	16	0	18	12	18	28	9	8	265.47	1		1.454357
52	335	54	0	0	12	8	18	9	11	245.85	0		20.064229
52	338	88	0	0	10	19	13	12	6	127.26	1		2.068447


-------------------------------------------------------------------------------------------------------------------
Tour_Id:			26
No_of_Customers:		2
No_of_Items:			16
Customer_Sequence:		19 36 

CustId	Id	TypeId	Rotated	x	y	z	Length	Width	Height	mass	Fragility	LoadBearingStrength
36	236	56	0	0	0	0	31	6	11	375.95	0		10.436140
36	234	54	0	0	6	0	18	9	11	245.85	0		20.064229
36	238	70	0	0	15	0	33	10	10	544.89	1		3.816571
36	239	89	0	0	0	11	26	5	13	271.90	0		7.156908
36	232	36	0	0	5	11	17	11	8	170.91	0		29.735538
36	233	41	0	0	5	19	14	6	7	83.07	0		8.306470
36	231	16	0	0	16	10	28	9	8	265.47	1		1.454357
36	237	66	0	31	0	0	18	10	13	336.45	1		3.076678
36	235	54	0	33	15	0	18	9	11	245.85	0		20.064229
19	119	28	0	18	10	0	29	5	11	225.96	0		35.043429
19	120	40	0	28	10	11	13	12	10	200.27	0		9.770129
19	121	45	1	51	0	0	25	7	6	170.77	0		8.579027
19	118	17	0	0	11	19	22	5	7	93.62	0		7.692254
19	123	81	0	28	10	21	14	5	8	61.02	0		16.960880
19	122	66	0	31	0	13	18	10	13	336.45	1		3.076678
19	117	8	0	0	16	18	25	9	10	413.12	1		3.260958


-------------------------------------------------------------------------------------------------------------------
Tour_Id:			27
No_of_Customers:		2
No_of_Items:			14
Customer_Sequence:		21 35 

CustId	Id	TypeId	Rotated	x	y	z	Length	Width	Height	mass	Fragility	LoadBearingStrength
35	229	96	0	0	0	0	33	9	9	451.81	0		17.130689
21	134	60	0	0	9	0	23	10	14	450.65	0		11.210794
35	226	16	0	0	0	9	28	9	8	265.47	1		1.454357
35	228	54	0	33	0	0	18	9	11	245.85	0		20.064229
35	230	99	0	0	0	17	28	12	11	543.68	1		2.197806
21	137	77	0	0	19	0	28	6	14	292.66	0		25.777807
35	227	19	0	28	0	11	22	9	12	240.21	0		4.234116
21	135	74	0	28	9	0	27	14	8	575.73	0		9.601104
21	136	74	0	28	9	8	27	14	8	575.73	0		9.601104
21	132	48	0	28	9	16	32	11	10	372.29	0		5.375047
21	138	78	0	0	12	14	18	13	8	257.22	0		8.493040
21	133	58	1	55	0	0	20	5	10	181.99	0		17.815261
21	131	41	0	0	12	22	14	6	7	83.07	0		8.306470
21	139	95	0	28	0	23	20	8	6	176.31	1		2.007472


-------------------------------------------------------------------------------------------------------------------
Tour_Id:			28
No_of_Customers:		1
No_of_Items:			0
Customer_Sequence:		42 

-------------------------------------------------------------------------------------------------------------------
Tour_Id:			29
No_of_Customers:		2
No_of_Items:			14
Customer_Sequence:		56 28 

CustId	Id	TypeId	Rotated	x	y	z	Length	Width	Height	mass	Fragility	LoadBearingStrength
28	175	39	0	0	0	0	26	9	12	334.44	0		23.082094
28	178	74	0	0	9	0	27	14	8	575.73	0		9.601104
28	176	52	0	0	9	8	19	14	14	674.97	0		14.616097
28	174	25	0	0	0	12	23	9	9	191.27	1		1.591311
28	177	68	0	26	0	0	28	6	14	468.48	1		9.065345
56	371	86	0	27	9	0	26	13	8	318.59	0		13.653050
56	368	56	0	19	9	8	31	6	11	375.95	0		10.436140
56	363	13	0	19	15	8	34	9	6	309.04	1		15.879923
56	367	51	0	19	9	19	32	5	7	131.06	0		10.286148
56	369	62	1	53	6	0	19	5	11	175.67	0		13.414810
56	370	70	0	19	15	14	33	10	10	544.89	1		3.816571
56	365	27	0	23	0	14	27	5	14	207.31	1		1.248565
56	364	25	0	0	0	21	23	9	9	191.27	1		1.591311
56	366	49	0	0	9	22	18	12	7	156.48	0		11.515461


-------------------------------------------------------------------------------------------------------------------
Tour_Id:			30
No_of_Customers:		1
No_of_Items:			0
Customer_Sequence:		44 

-------------------------------------------------------------------------------------------------------------------
Tour_Id:			31
No_of_Customers:		2
No_of_Items:			14
Customer_Sequence:		50 54 

CustId	Id	TypeId	Rotated	x	y	z	Length	Width	Height	mass	Fragility	LoadBearingStrength
54	351	30	0	0	0	0	18	9	11	241.74	0		18.975710
54	352	42	0	0	9	0	20	7	11	260.57	0		31.923337
54	350	30	0	0	16	0	18	9	11	241.74	0		18.975710
54	348	15	0	18	0	0	32	9	7	248.96	0		8.416531
54	353	45	1	0	0	11	25	7	6	170.77	0		8.579027
54	355	63	1	0	0	17	25	5	12	219.84	0		6.237836
54	354	60	1	7	0	11	23	10	14	450.65	0		11.210794
54	349	25	0	18	16	0	23	9	9	191.27	1		1.591311
50	327	91	0	18	0	7	32	8	14	539.59	0		56.114174
50	328	96	0	17	0	21	33	9	9	451.81	0		17.130689
50	323	33	0	41	9	0	14	14	11	418.16	0		44.605751
50	325	78	0	41	9	11	18	13	8	257.22	0		8.493040
50	324	75	0	20	9	0	17	7	9	208.46	0		31.445977
50	326	87	0	20	9	9	21	13	13	463.08	1		9.125928


-------------------------------------------------------------------------------------------------------------------
Tour_Id:			32
No_of_Customers:		2
No_of_Items:			16
Customer_Sequence:		6 49 

CustId	Id	TypeId	Rotated	x	y	z	Length	Width	Height	mass	Fragility	LoadBearingStrength
49	317	31	0	0	0	0	34	14	13	721.86	0		29.669205
49	316	28	0	0	14	0	29	5	11	225.96	0		35.043429
49	321	97	0	0	0	13	20	13	6	205.54	1		6.095621
6	34	33	0	20	0	13	14	14	11	418.16	0		44.605751
49	322	100	0	29	14	0	21	9	8	226.16	0		14.977252
49	319	83	0	0	19	0	22	5	10	185.95	0		21.915492
49	320	89	0	0	19	10	26	5	13	271.90	0		7.156908
49	315	26	0	0	14	11	12	5	10	80.66	0		8.642952
49	318	37	0	29	14	8	27	8	11	269.19	0		8.688686
49	314	17	0	0	19	23	22	5	7	93.62	0		7.692254
6	33	15	0	26	14	19	32	9	7	248.96	0		8.416531
6	36	63	0	34	0	0	25	5	12	219.84	0		6.237836
6	37	63	0	34	5	0	25	5	12	219.84	0		6.237836
6	35	45	0	34	0	12	25	7	6	170.77	0		8.579027
6	32	8	0	34	0	18	25	9	10	413.12	1		3.260958
6	38	95	0	0	0	19	20	8	6	176.31	1		2.007472


-------------------------------------------------------------------------------------------------------------------
Tour_Id:			33
No_of_Customers:		2
No_of_Items:			9
Customer_Sequence:		4 26 

CustId	Id	TypeId	Rotated	x	y	z	Length	Width	Height	mass	Fragility	LoadBearingStrength
4	23	18	0	0	0	0	22	12	10	420.20	0		20.346725
26	164	1	0	0	12	0	30	11	9	306.50	0		7.944084
26	167	47	0	0	12	9	25	11	7	346.08	0		7.154297
4	26	99	0	0	0	10	28	12	11	543.68	1		2.197806
26	166	40	0	0	12	16	13	12	10	200.27	0		9.770129
26	165	10	0	30	12	0	30	11	13	511.84	0		11.690023
4	25	75	0	22	0	0	17	7	9	208.46	0		31.445977
26	168	72	0	25	12	13	34	9	12	543.64	0		11.170363
4	24	59	0	0	0	21	35	9	9	488.51	1		3.073548


-------------------------------------------------------------------------------------------------------------------
Tour_Id:			34
No_of_Customers:		1
No_of_Items:			0
Customer_Sequence:		57 

-------------------------------------------------------------------------------------------------------------------
Tour_Id:			35
No_of_Customers:		2
No_of_Items:			9
Customer_Sequence:		30 38 

CustId	Id	TypeId	Rotated	x	y	z	Length	Width	Height	mass	Fragility	LoadBearingStrength
38	248	59	0	0	0	0	35	9	9	488.51	1		3.073548
30	190	73	0	0	9	0	32	14	14	792.74	0		19.526749
38	246	16	0	0	0	9	28	9	8	265.47	1		1.454357
30	188	15	0	0	9	14	32	9	7	248.96	0		8.416531
38	247	42	0	35	0	0	20	7	11	260.57	0		31.923337
30	192	92	0	32	9	0	28	9	14	535.18	0		8.119798
30	191	90	0	0	0	17	33	8	6	188.43	1		1.898477
30	189	66	0	32	9	14	18	10	13	336.45	1		3.076678
38	249	95	0	35	0	11	20	8	6	176.31	1		2.007472


