Name:				144_n060_m200_bt10
Problem:			3L-VRPTW
Number_of_used_Vehicles:	5
Total_Travel_Distance:		799.16
Calculation_Time:		3600.00
Total_Iterations:		537
ConstraintSet:			P21

-------------------------------------------------------------------------------------------------------------------
Tour_Id:			1
No_of_Customers:		12
No_of_Items:			39
Customer_Sequence:		42 26 29 25 59 4 58 11 30 6 56 39 

CustId	Id	TypeId	Rotated	x	y	z	Length	Width	Height	mass	Fragility	LoadBearingStrength
39	132	10	0	0	0	0	16	6	4	122.92	0		12.578337
39	131	2	0	0	6	0	16	3	6	358.41	0		102.092754
56	183	9	0	0	9	0	10	7	8	382.87	0		17.459941
56	182	7	0	0	16	0	10	6	4	220.28	0		30.466300
56	181	4	0	0	0	4	6	4	5	68.03	1		7.915199
6	19	9	0	0	16	4	10	7	8	382.87	0		17.459941
6	17	5	0	0	9	8	12	6	6	253.20	0		80.669520
6	18	8	0	0	16	12	12	5	7	394.22	0		17.605436
6	16	3	0	0	6	6	14	3	7	231.39	1		18.299463
30	105	9	0	0	9	14	10	7	8	382.87	0		17.459941
30	103	1	0	0	16	19	6	4	4	48.87	0		7.460366
30	104	3	0	0	6	13	14	3	7	231.39	1		18.299463
11	40	6	0	0	9	22	12	5	8	284.01	0		11.529031
11	41	6	0	6	0	4	12	5	8	284.01	0		11.529031
11	39	4	0	0	0	9	6	4	5	68.03	1		7.915199
58	192	9	0	16	6	0	10	7	8	382.87	0		17.459941
58	190	6	0	6	0	12	12	5	8	284.01	0		11.529031
58	191	7	0	6	0	20	10	6	4	220.28	0		30.466300
58	188	3	0	0	6	20	14	3	7	231.39	1		18.299463
58	189	3	0	16	13	0	14	3	7	231.39	1		18.299463
4	11	8	0	16	16	0	12	5	7	394.22	0		17.605436
4	12	10	0	26	6	0	16	6	4	122.92	0		12.578337
4	10	1	0	0	16	23	6	4	4	48.87	0		7.460366
59	196	9	0	16	6	8	10	7	8	382.87	0		17.459941
59	194	2	0	16	21	0	16	3	6	358.41	0		102.092754
59	193	1	0	6	16	19	6	4	4	48.87	0		7.460366
59	195	4	0	6	16	23	6	4	5	68.03	1		7.915199
25	88	6	0	16	16	7	12	5	8	284.01	0		11.529031
25	86	5	0	6	0	24	12	6	6	253.20	0		80.669520
25	87	5	0	16	16	15	12	6	6	253.20	0		80.669520
29	102	9	0	16	6	16	10	7	8	382.87	0		17.459941
29	100	5	0	16	16	21	12	6	6	253.20	0		80.669520
29	101	8	0	26	6	4	12	5	7	394.22	0		17.605436
29	98	2	0	26	6	11	16	3	6	358.41	0		102.092754
29	99	4	0	16	6	24	6	4	5	68.03	1		7.915199
26	89	3	0	16	13	7	14	3	7	231.39	1		18.299463
26	90	4	0	16	10	24	6	4	5	68.03	1		7.915199
42	138	8	0	28	16	0	12	5	7	394.22	0		17.605436
42	137	3	0	26	6	17	14	3	7	231.39	1		18.299463


-------------------------------------------------------------------------------------------------------------------
Tour_Id:			2
No_of_Customers:		7
No_of_Items:			20
Customer_Sequence:		5 3 50 15 32 37 40 

CustId	Id	TypeId	Rotated	x	y	z	Length	Width	Height	mass	Fragility	LoadBearingStrength
40	133	6	0	0	0	0	12	5	8	284.01	0		11.529031
40	134	8	0	0	5	0	12	5	7	394.22	0		17.605436
37	125	10	0	0	10	0	16	6	4	122.92	0		12.578337
37	126	10	0	0	16	0	16	6	4	122.92	0		12.578337
37	124	3	0	0	22	0	14	3	7	231.39	1		18.299463
32	109	5	0	0	10	4	12	6	6	253.20	0		80.669520
32	108	3	0	0	16	4	14	3	7	231.39	1		18.299463
15	55	9	0	12	0	0	10	7	8	382.87	0		17.459941
15	54	8	0	0	5	7	12	5	7	394.22	0		17.605436
15	52	2	0	0	19	4	16	3	6	358.41	0		102.092754
15	51	1	0	0	0	8	6	4	4	48.87	0		7.460366
15	53	4	0	0	10	10	6	4	5	68.03	1		7.915199
50	160	10	0	16	10	0	16	6	4	122.92	0		12.578337
50	161	10	0	12	10	4	16	6	4	122.92	0		12.578337
50	159	7	0	12	0	8	10	6	4	220.28	0		30.466300
3	8	5	0	12	10	8	12	6	6	253.20	0		80.669520
3	9	8	0	0	5	14	12	5	7	394.22	0		17.605436
5	13	6	0	0	5	21	12	5	8	284.01	0		11.529031
5	14	6	0	12	0	12	12	5	8	284.01	0		11.529031
5	15	6	0	12	10	14	12	5	8	284.01	0		11.529031


-------------------------------------------------------------------------------------------------------------------
Tour_Id:			3
No_of_Customers:		20
No_of_Items:			69
Customer_Sequence:		38 43 33 34 60 41 28 20 17 46 24 48 14 45 10 9 1 35 47 22 

CustId	Id	TypeId	Rotated	x	y	z	Length	Width	Height	mass	Fragility	LoadBearingStrength
22	77	7	0	0	0	0	10	6	4	220.28	0		30.466300
22	76	1	0	0	6	0	6	4	4	48.87	0		7.460366
47	153	5	0	0	10	0	12	6	6	253.20	0		80.669520
47	152	3	0	0	16	0	14	3	7	231.39	1		18.299463
35	118	5	0	0	19	0	12	6	6	253.20	0		80.669520
35	121	8	0	0	0	4	12	5	7	394.22	0		17.605436
35	119	7	0	0	10	6	10	6	4	220.28	0		30.466300
35	120	7	0	0	19	6	10	6	4	220.28	0		30.466300
35	117	3	0	0	16	7	14	3	7	231.39	1		18.299463
1	1	2	0	0	0	11	16	3	6	358.41	0		102.092754
1	2	7	0	0	10	10	10	6	4	220.28	0		30.466300
9	30	1	0	0	5	4	6	4	4	48.87	0		7.460366
9	31	1	0	0	5	8	6	4	4	48.87	0		7.460366
9	32	1	0	0	19	10	6	4	4	48.87	0		7.460366
9	33	3	1	0	10	14	14	3	7	231.39	1		18.299463
10	37	8	0	12	10	0	12	5	7	394.22	0		17.605436
10	38	10	0	12	19	0	16	6	4	122.92	0		12.578337
10	34	2	0	0	0	17	16	3	6	358.41	0		102.092754
10	35	3	1	0	10	21	14	3	7	231.39	1		18.299463
10	36	4	0	0	5	12	6	4	5	68.03	1		7.915199
45	147	5	0	12	19	4	12	6	6	253.20	0		80.669520
45	146	3	0	0	0	23	14	3	7	231.39	1		18.299463
14	50	8	0	6	19	10	12	5	7	394.22	0		17.605436
14	49	1	0	3	10	14	6	4	4	48.87	0		7.460366
48	156	8	0	6	19	17	12	5	7	394.22	0		17.605436
48	154	2	0	6	6	0	16	3	6	358.41	0		102.092754
48	155	7	0	6	19	24	10	6	4	220.28	0		30.466300
24	85	9	0	24	10	0	10	7	8	382.87	0		17.459941
24	84	6	0	12	10	7	12	5	8	284.01	0		11.529031
24	82	1	0	3	10	18	6	4	4	48.87	0		7.460366
24	83	4	0	0	5	17	6	4	5	68.03	1		7.915199
46	151	5	0	12	10	15	12	6	6	253.20	0		80.669520
46	150	2	0	6	6	6	16	3	6	358.41	0		102.092754
46	148	1	0	3	10	22	6	4	4	48.87	0		7.460366
46	149	1	0	3	10	26	6	4	4	48.87	0		7.460366
17	61	8	0	12	10	21	12	5	7	394.22	0		17.605436
17	62	10	0	28	19	0	16	6	4	122.92	0		12.578337
17	58	2	0	6	6	12	16	3	6	358.41	0		102.092754
17	59	2	0	6	6	18	16	3	6	358.41	0		102.092754
17	60	4	0	0	5	22	6	4	5	68.03	1		7.915199
20	73	6	0	24	19	4	12	5	8	284.01	0		11.529031
20	71	2	0	6	6	24	16	3	6	358.41	0		102.092754
20	72	3	0	22	6	0	14	3	7	231.39	1		18.299463
28	97	9	0	24	10	8	10	7	8	382.87	0		17.459941
28	95	2	0	24	19	12	16	3	6	358.41	0		102.092754
28	96	2	0	24	19	18	16	3	6	358.41	0		102.092754
28	93	1	0	24	10	16	6	4	4	48.87	0		7.460366
28	94	1	0	24	14	16	6	4	4	48.87	0		7.460366
33	112	3	0	22	6	7	14	3	7	231.39	1		18.299463
41	135	3	0	34	10	0	14	3	7	231.39	1		18.299463
60	198	5	0	34	13	0	12	6	6	253.20	0		80.669520
60	199	5	0	34	13	6	12	6	6	253.20	0		80.669520
60	200	8	0	34	13	12	12	5	7	394.22	0		17.605436
60	197	3	0	34	10	7	14	3	7	231.39	1		18.299463
34	116	9	0	46	13	0	10	7	8	382.87	0		17.459941
34	115	6	0	34	13	19	12	5	8	284.01	0		11.529031
34	113	3	0	34	10	14	14	3	7	231.39	1		18.299463
33	110	2	0	24	19	24	16	3	6	358.41	0		102.092754
34	114	3	0	34	10	21	14	3	7	231.39	1		18.299463
33	111	3	0	22	6	14	14	3	7	231.39	1		18.299463
41	136	6	0	46	20	0	12	5	8	284.01	0		11.529031
43	142	9	0	46	13	8	10	7	8	382.87	0		17.459941
43	140	6	0	46	20	8	12	5	8	284.01	0		11.529031
43	141	8	0	46	13	16	12	5	7	394.22	0		17.605436
43	139	1	0	36	6	0	6	4	4	48.87	0		7.460366
38	130	9	0	46	18	16	10	7	8	382.87	0		17.459941
38	129	8	0	46	13	23	12	5	7	394.22	0		17.605436
38	127	1	0	36	6	4	6	4	4	48.87	0		7.460366
38	128	1	0	36	6	8	6	4	4	48.87	0		7.460366


-------------------------------------------------------------------------------------------------------------------
Tour_Id:			4
No_of_Customers:		12
No_of_Items:			43
Customer_Sequence:		18 21 7 2 12 13 57 31 19 49 52 54 

CustId	Id	TypeId	Rotated	x	y	z	Length	Width	Height	mass	Fragility	LoadBearingStrength
54	175	6	0	0	0	0	12	5	8	284.01	0		11.529031
54	177	10	0	0	5	0	16	6	4	122.92	0		12.578337
54	176	7	0	0	11	0	10	6	4	220.28	0		30.466300
54	173	4	0	0	17	0	6	4	5	68.03	1		7.915199
54	174	4	0	0	21	0	6	4	5	68.03	1		7.915199
52	167	5	0	0	5	4	12	6	6	253.20	0		80.669520
52	168	8	0	0	11	4	12	5	7	394.22	0		17.605436
52	166	2	0	0	0	8	16	3	6	358.41	0		102.092754
49	158	9	0	6	17	0	10	7	8	382.87	0		17.459941
49	157	6	0	0	5	10	12	5	8	284.01	0		11.529031
19	68	5	0	0	11	11	12	6	6	253.20	0		80.669520
19	67	2	0	0	0	14	16	3	6	358.41	0		102.092754
19	69	7	0	0	11	17	10	6	4	220.28	0		30.466300
19	70	7	0	0	5	18	10	6	4	220.28	0		30.466300
31	107	8	0	0	11	21	12	5	7	394.22	0		17.605436
31	106	3	0	0	0	20	14	3	7	231.39	1		18.299463
57	187	10	0	16	5	0	16	6	4	122.92	0		12.578337
57	186	7	0	0	5	22	10	6	4	220.28	0		30.466300
57	184	3	0	12	5	4	14	3	7	231.39	1		18.299463
57	185	4	0	6	17	8	6	4	5	68.03	1		7.915199
13	47	2	0	12	8	4	16	3	6	358.41	0		102.092754
13	45	1	0	0	5	26	6	4	4	48.87	0		7.460366
13	46	1	0	6	21	8	6	4	4	48.87	0		7.460366
13	48	3	0	12	8	10	14	3	7	231.39	1		18.299463
12	42	6	0	16	11	0	12	5	8	284.01	0		11.529031
12	43	8	0	16	16	0	12	5	7	394.22	0		17.605436
12	44	10	0	28	11	0	16	6	4	122.92	0		12.578337
2	6	9	0	28	17	0	10	7	8	382.87	0		17.459941
2	5	8	0	16	16	7	12	5	7	394.22	0		17.605436
2	7	10	0	28	11	4	16	6	4	122.92	0		12.578337
2	3	2	0	16	11	8	16	3	6	358.41	0		102.092754
2	4	2	0	16	11	14	16	3	6	358.41	0		102.092754
7	22	6	0	16	16	14	12	5	8	284.01	0		11.529031
7	23	6	0	16	16	22	12	5	8	284.01	0		11.529031
7	21	5	0	28	17	8	12	6	6	253.20	0		80.669520
7	20	2	0	16	11	20	16	3	6	358.41	0		102.092754
7	24	7	0	28	16	14	10	6	4	220.28	0		30.466300
21	74	5	0	28	16	18	12	6	6	253.20	0		80.669520
21	75	8	0	32	5	0	12	5	7	394.22	0		17.605436
18	65	5	0	28	16	24	12	6	6	253.20	0		80.669520
18	66	10	0	44	5	0	16	6	4	122.92	0		12.578337
18	64	2	0	32	5	7	16	3	6	358.41	0		102.092754
18	63	1	1	6	5	26	6	4	4	48.87	0		7.460366


-------------------------------------------------------------------------------------------------------------------
Tour_Id:			5
No_of_Customers:		9
No_of_Items:			29
Customer_Sequence:		55 44 36 27 23 51 16 8 53 

CustId	Id	TypeId	Rotated	x	y	z	Length	Width	Height	mass	Fragility	LoadBearingStrength
53	172	8	0	0	0	0	12	5	7	394.22	0		17.605436
53	169	2	0	0	5	0	16	3	6	358.41	0		102.092754
53	170	2	0	0	8	0	16	3	6	358.41	0		102.092754
53	171	7	0	0	11	0	10	6	4	220.28	0		30.466300
8	28	9	0	0	17	0	10	7	8	382.87	0		17.459941
8	25	6	0	0	11	4	12	5	8	284.01	0		11.529031
8	27	8	0	0	5	6	12	5	7	394.22	0		17.605436
8	29	10	0	10	11	0	16	6	4	122.92	0		12.578337
8	26	7	0	0	17	8	10	6	4	220.28	0		30.466300
16	57	10	0	10	17	0	16	6	4	122.92	0		12.578337
16	56	2	0	0	0	7	16	3	6	358.41	0		102.092754
51	165	8	0	0	11	12	12	5	7	394.22	0		17.605436
51	162	1	0	0	16	12	6	4	4	48.87	0		7.460366
51	163	3	0	0	0	13	14	3	7	231.39	1		18.299463
51	164	3	0	0	5	13	14	3	7	231.39	1		18.299463
23	80	9	0	10	17	4	10	7	8	382.87	0		17.459941
23	81	9	0	6	16	12	10	7	8	382.87	0		17.459941
23	79	7	0	6	16	20	10	6	4	220.28	0		30.466300
23	78	1	0	0	20	12	6	4	4	48.87	0		7.460366
27	91	2	0	0	11	19	16	3	6	358.41	0		102.092754
27	92	2	0	12	11	4	16	3	6	358.41	0		102.092754
36	122	2	0	16	5	0	16	3	6	358.41	0		102.092754
36	123	3	0	0	0	20	14	3	7	231.39	1		18.299463
44	145	9	0	26	17	0	10	7	8	382.87	0		17.459941
44	143	2	0	16	8	0	16	3	6	358.41	0		102.092754
44	144	7	0	6	16	24	10	6	4	220.28	0		30.466300
55	178	5	0	16	5	6	12	6	6	253.20	0		80.669520
55	179	5	0	16	5	12	12	6	6	253.20	0		80.669520
55	180	5	0	16	5	18	12	6	6	253.20	0		80.669520


