Name:				262_n100_m200_bt10
Problem:			3L-VRPTW
Number_of_used_Vehicles:	5
Total_Travel_Distance:		825.33
Calculation_Time:		3600.00
Total_Iterations:		82
ConstraintSet:			P21

-------------------------------------------------------------------------------------------------------------------
Tour_Id:			1
No_of_Customers:		19
No_of_Items:			38
Customer_Sequence:		100 91 70 22 39 14 7 65 61 99 92 87 52 12 24 20 56 72 16 

CustId	Id	TypeId	Rotated	x	y	z	Length	Width	Height	mass	Fragility	LoadBearingStrength
65	120	6	0	0	0	0	10	2	7	121.13	0		17.741160
16	25	4	0	0	2	0	8	4	4	55.77	0		21.527783
72	133	8	0	0	6	0	11	5	7	116.23	0		9.228267
56	101	9	0	0	11	0	11	5	3	65.44	0		13.036439
56	99	3	0	0	16	0	10	4	4	148.45	0		36.951389
20	33	7	0	10	16	0	12	7	6	448.61	0		48.010574
56	100	6	0	0	20	0	10	2	7	121.13	0		17.741160
20	32	3	0	0	11	3	10	4	4	148.45	0		36.951389
24	39	7	0	0	6	7	12	7	6	448.61	0		48.010574
22	36	9	0	0	6	13	11	5	3	65.44	0		13.036439
12	20	7	0	10	16	6	12	7	6	448.61	0		48.010574
12	18	6	0	0	2	4	10	2	7	121.13	0		17.741160
70	131	10	0	0	6	16	9	6	6	110.44	0		23.719453
87	165	7	0	10	16	12	12	7	6	448.61	0		48.010574
87	166	7	0	10	16	18	12	7	6	448.61	0		48.010574
87	167	10	0	10	16	24	9	6	6	110.44	0		23.719453
70	130	3	0	0	6	22	10	4	4	148.45	0		36.951389
92	177	2	0	22	16	0	15	5	3	217.11	1		15.689187
99	196	2	0	22	16	3	15	5	3	217.11	1		15.689187
99	197	3	0	22	21	0	10	4	4	148.45	0		36.951389
99	195	1	0	22	21	4	7	4	8	89.12	0		6.435426
61	112	7	0	37	16	0	12	7	6	448.61	0		48.010574
61	113	7	0	37	16	6	12	7	6	448.61	0		48.010574
61	111	5	0	37	16	12	7	6	5	154.72	1		5.319968
16	24	3	0	8	2	0	10	4	4	148.45	0		36.951389
22	35	6	0	0	4	4	10	2	7	121.13	0		17.741160
91	176	8	0	18	2	0	11	5	7	116.23	0		9.228267
12	19	7	0	18	7	0	12	7	6	448.61	0		48.010574
39	66	5	0	18	7	6	7	6	5	154.72	1		5.319968
100	199	6	0	0	0	7	10	2	7	121.13	0		17.741160
7	9	1	1	44	16	12	7	4	8	89.12	0		6.435426
52	92	7	0	30	7	0	12	7	6	448.61	0		48.010574
92	178	7	0	42	7	0	12	7	6	448.61	0		48.010574
14	22	9	0	49	16	0	11	5	3	65.44	0		13.036439
91	175	4	0	0	2	11	8	4	4	55.77	0		21.527783
100	200	9	0	18	2	7	11	5	3	65.44	0		13.036439
39	67	8	0	25	7	6	11	5	7	116.23	0		9.228267
100	198	4	0	0	2	15	8	4	4	55.77	0		21.527783


-------------------------------------------------------------------------------------------------------------------
Tour_Id:			2
No_of_Customers:		10
No_of_Items:			17
Customer_Sequence:		44 31 19 81 45 93 62 17 47 1 

CustId	Id	TypeId	Rotated	x	y	z	Length	Width	Height	mass	Fragility	LoadBearingStrength
1	1	3	0	0	0	0	10	4	4	148.45	0		36.951389
47	80	1	0	0	4	0	7	4	8	89.12	0		6.435426
47	82	9	0	0	8	0	11	5	3	65.44	0		13.036439
47	81	6	0	0	13	0	10	2	7	121.13	0		17.741160
17	26	3	0	0	15	0	10	4	4	148.45	0		36.951389
17	27	4	0	0	19	0	8	4	4	55.77	0		21.527783
62	114	3	0	0	8	3	10	4	4	148.45	0		36.951389
62	115	5	0	0	15	4	7	6	5	154.72	1		5.319968
93	179	3	0	0	0	4	10	4	4	148.45	0		36.951389
93	180	3	0	0	8	7	10	4	4	148.45	0		36.951389
45	78	5	0	0	0	8	7	6	5	154.72	1		5.319968
81	149	3	0	0	8	11	10	4	4	148.45	0		36.951389
81	150	3	0	0	8	15	10	4	4	148.45	0		36.951389
81	151	6	0	0	23	0	10	2	7	121.13	0		17.741160
19	31	5	0	0	15	9	7	6	5	154.72	1		5.319968
31	51	5	0	0	0	13	7	6	5	154.72	1		5.319968
44	77	8	0	10	0	0	11	5	7	116.23	0		9.228267


-------------------------------------------------------------------------------------------------------------------
Tour_Id:			3
No_of_Customers:		12
No_of_Items:			23
Customer_Sequence:		32 43 80 60 71 49 15 88 33 23 77 10 

CustId	Id	TypeId	Rotated	x	y	z	Length	Width	Height	mass	Fragility	LoadBearingStrength
10	12	3	0	0	0	0	10	4	4	148.45	0		36.951389
10	13	3	0	0	4	0	10	4	4	148.45	0		36.951389
10	14	5	0	0	8	0	7	6	5	154.72	1		5.319968
77	144	3	0	0	14	0	10	4	4	148.45	0		36.951389
77	143	2	0	0	18	0	15	5	3	217.11	1		15.689187
77	145	5	0	0	18	3	7	6	5	154.72	1		5.319968
23	37	1	0	0	0	4	7	4	8	89.12	0		6.435426
23	38	2	0	7	8	0	15	5	3	217.11	1		15.689187
33	54	7	0	10	0	0	12	7	6	448.61	0		48.010574
33	53	5	0	0	8	5	7	6	5	154.72	1		5.319968
88	169	9	0	10	0	6	11	5	3	65.44	0		13.036439
88	168	2	0	7	8	3	15	5	3	217.11	1		15.689187
15	23	8	0	10	0	9	11	5	7	116.23	0		9.228267
49	87	8	0	10	0	16	11	5	7	116.23	0		9.228267
49	86	5	0	0	18	8	7	6	5	154.72	1		5.319968
71	132	6	0	0	14	4	10	2	7	121.13	0		17.741160
60	109	7	0	15	18	0	12	7	6	448.61	0		48.010574
60	110	8	0	10	0	23	11	5	7	116.23	0		9.228267
60	108	4	0	10	14	0	8	4	4	55.77	0		21.527783
80	148	7	0	15	18	6	12	7	6	448.61	0		48.010574
43	76	6	0	0	16	4	10	2	7	121.13	0		17.741160
43	75	2	0	7	8	6	15	5	3	217.11	1		15.689187
32	52	4	0	0	14	11	8	4	4	55.77	0		21.527783


-------------------------------------------------------------------------------------------------------------------
Tour_Id:			4
No_of_Customers:		23
No_of_Items:			52
Customer_Sequence:		83 50 85 84 51 26 18 37 34 82 29 40 94 64 89 63 57 35 5 67 73 28 9 

CustId	Id	TypeId	Rotated	x	y	z	Length	Width	Height	mass	Fragility	LoadBearingStrength
9	11	9	0	0	0	0	11	5	3	65.44	0		13.036439
28	46	9	0	0	5	0	11	5	3	65.44	0		13.036439
28	47	9	0	0	10	0	11	5	3	65.44	0		13.036439
28	45	3	0	0	15	0	10	4	4	148.45	0		36.951389
73	134	1	0	0	19	0	7	4	8	89.12	0		6.435426
73	135	3	0	0	0	3	10	4	4	148.45	0		36.951389
73	136	4	0	0	4	3	8	4	4	55.77	0		21.527783
67	125	7	0	0	8	3	12	7	6	448.61	0		48.010574
67	123	4	0	0	15	4	8	4	4	55.77	0		21.527783
67	124	4	0	0	0	7	8	4	4	55.77	0		21.527783
5	6	10	0	0	15	8	9	6	6	110.44	0		23.719453
35	58	7	0	0	8	9	12	7	6	448.61	0		48.010574
35	59	10	0	0	15	14	9	6	6	110.44	0		23.719453
35	57	2	0	0	8	15	15	5	3	217.11	1		15.689187
57	103	8	0	0	15	20	11	5	7	116.23	0		9.228267
57	102	6	0	0	23	0	10	2	7	121.13	0		17.741160
63	116	6	0	0	4	7	10	2	7	121.13	0		17.741160
63	117	6	0	0	6	7	10	2	7	121.13	0		17.741160
89	171	7	0	11	0	0	12	7	6	448.61	0		48.010574
89	170	4	0	0	0	11	8	4	4	55.77	0		21.527783
64	119	9	0	0	15	27	11	5	3	65.44	0		13.036439
64	118	6	0	0	23	7	10	2	7	121.13	0		17.741160
94	183	8	0	11	0	6	11	5	7	116.23	0		9.228267
94	181	1	0	0	4	14	7	4	8	89.12	0		6.435426
94	182	5	0	0	8	18	7	6	5	154.72	1		5.319968
40	69	9	0	11	0	13	11	5	3	65.44	0		13.036439
40	68	5	0	0	8	23	7	6	5	154.72	1		5.319968
29	48	3	0	11	0	16	10	4	4	148.45	0		36.951389
82	154	8	0	23	0	0	11	5	7	116.23	0		9.228267
82	152	1	0	0	4	22	7	4	8	89.12	0		6.435426
82	153	5	0	7	8	18	7	6	5	154.72	1		5.319968
34	56	7	0	23	5	0	12	7	6	448.61	0		48.010574
34	55	3	0	11	0	20	10	4	4	148.45	0		36.951389
37	63	1	0	23	12	0	7	4	8	89.12	0		6.435426
18	28	4	0	11	0	24	8	4	4	55.77	0		21.527783
18	29	4	0	23	16	0	8	4	4	55.77	0		21.527783
18	30	5	0	7	8	23	7	6	5	154.72	1		5.319968
26	42	3	0	23	20	0	10	4	4	148.45	0		36.951389
26	43	6	0	0	23	14	10	2	7	121.13	0		17.741160
51	89	1	0	23	16	4	7	4	8	89.12	0		6.435426
51	90	4	0	23	20	4	8	4	4	55.77	0		21.527783
51	91	5	0	23	5	6	7	6	5	154.72	1		5.319968
84	159	8	0	23	0	7	11	5	7	116.23	0		9.228267
84	160	8	0	23	0	14	11	5	7	116.23	0		9.228267
84	158	1	0	23	12	8	7	4	8	89.12	0		6.435426
85	162	4	0	23	20	8	8	4	4	55.77	0		21.527783
85	161	2	0	33	20	0	15	5	3	217.11	1		15.689187
85	163	5	0	23	5	11	7	6	5	154.72	1		5.319968
50	88	5	0	23	16	12	7	6	5	154.72	1		5.319968
83	156	8	0	23	0	21	11	5	7	116.23	0		9.228267
83	157	8	0	34	0	0	11	5	7	116.23	0		9.228267
83	155	3	0	30	12	0	10	4	4	148.45	0		36.951389


-------------------------------------------------------------------------------------------------------------------
Tour_Id:			5
No_of_Customers:		36
No_of_Items:			70
Customer_Sequence:		21 58 6 38 69 90 2 4 36 96 76 25 68 8 75 97 59 74 66 27 13 86 98 30 41 53 46 42 78 54 95 3 79 11 55 48 

CustId	Id	TypeId	Rotated	x	y	z	Length	Width	Height	mass	Fragility	LoadBearingStrength
48	83	4	0	0	0	0	8	4	4	55.77	0		21.527783
48	84	4	0	0	4	0	8	4	4	55.77	0		21.527783
48	85	4	0	0	8	0	8	4	4	55.77	0		21.527783
55	98	10	0	0	12	0	9	6	6	110.44	0		23.719453
55	97	9	0	0	18	0	11	5	3	65.44	0		13.036439
55	96	6	0	0	23	0	10	2	7	121.13	0		17.741160
11	17	8	0	0	18	3	11	5	7	116.23	0		9.228267
11	16	4	0	0	0	4	8	4	4	55.77	0		21.527783
11	15	2	0	8	0	0	15	5	3	217.11	1		15.689187
79	147	3	0	0	4	4	10	4	4	148.45	0		36.951389
3	4	1	0	0	8	4	7	4	8	89.12	0		6.435426
95	185	10	0	0	12	6	9	6	6	110.44	0		23.719453
95	184	6	0	0	23	7	10	2	7	121.13	0		17.741160
54	95	4	0	0	0	8	8	4	4	55.77	0		21.527783
78	146	1	0	0	4	8	7	4	8	89.12	0		6.435426
42	73	8	0	0	18	10	11	5	7	116.23	0		9.228267
42	74	10	0	0	8	12	9	6	6	110.44	0		23.719453
46	79	2	0	9	12	0	15	5	3	217.11	1		15.689187
53	94	8	0	0	18	17	11	5	7	116.23	0		9.228267
53	93	6	0	0	0	12	10	2	7	121.13	0		17.741160
41	70	1	0	0	14	12	7	4	8	89.12	0		6.435426
41	71	1	0	0	4	16	7	4	8	89.12	0		6.435426
41	72	2	0	9	12	3	15	5	3	217.11	1		15.689187
30	49	1	0	0	8	18	7	4	8	89.12	0		6.435426
30	50	6	0	0	2	12	10	2	7	121.13	0		17.741160
98	193	9	0	0	18	24	11	5	3	65.44	0		13.036439
98	194	9	0	0	18	27	11	5	3	65.44	0		13.036439
98	192	5	0	9	12	6	7	6	5	154.72	1		5.319968
86	164	4	0	0	0	19	8	4	4	55.77	0		21.527783
13	21	4	0	0	14	20	8	4	4	55.77	0		21.527783
27	44	10	0	11	18	0	9	6	6	110.44	0		23.719453
66	122	6	0	0	23	14	10	2	7	121.13	0		17.741160
66	121	2	0	20	18	0	15	5	3	217.11	1		15.689187
74	139	10	0	11	18	6	9	6	6	110.44	0		23.719453
74	137	3	0	0	0	23	10	4	4	148.45	0		36.951389
74	138	5	0	9	12	11	7	6	5	154.72	1		5.319968
59	106	3	0	0	14	24	10	4	4	148.45	0		36.951389
59	107	5	0	9	12	16	7	6	5	154.72	1		5.319968
97	189	7	0	23	0	0	12	7	6	448.61	0		48.010574
97	190	7	0	23	0	6	12	7	6	448.61	0		48.010574
97	191	10	0	11	18	12	9	6	6	110.44	0		23.719453
75	140	7	0	23	0	12	12	7	6	448.61	0		48.010574
8	10	8	0	11	18	18	11	5	7	116.23	0		9.228267
68	127	10	0	23	0	18	9	6	6	110.44	0		23.719453
68	126	5	0	11	18	25	7	6	5	154.72	1		5.319968
25	41	3	0	23	7	0	10	4	4	148.45	0		36.951389
25	40	2	0	24	12	0	15	5	3	217.11	1		15.689187
76	141	3	0	23	7	4	10	4	4	148.45	0		36.951389
76	142	6	0	20	23	0	10	2	7	121.13	0		17.741160
96	187	8	0	33	7	0	11	5	7	116.23	0		9.228267
96	188	9	0	23	0	24	11	5	3	65.44	0		13.036439
96	186	2	0	24	12	3	15	5	3	217.11	1		15.689187
36	60	3	0	23	7	8	10	4	4	148.45	0		36.951389
36	62	6	0	20	23	7	10	2	7	121.13	0		17.741160
36	61	4	0	0	8	26	8	4	4	55.77	0		21.527783
4	5	3	0	23	7	12	10	4	4	148.45	0		36.951389
2	2	1	0	23	7	16	7	4	8	89.12	0		6.435426
2	3	4	0	23	7	24	8	4	4	55.77	0		21.527783
90	173	7	0	35	0	0	12	7	6	448.61	0		48.010574
90	174	10	0	33	7	7	9	6	6	110.44	0		23.719453
90	172	2	0	16	12	6	15	5	3	217.11	1		15.689187
69	129	10	0	33	7	13	9	6	6	110.44	0		23.719453
69	128	9	0	23	0	27	11	5	3	65.44	0		13.036439
38	65	9	0	33	7	19	11	5	3	65.44	0		13.036439
38	64	6	0	20	23	14	10	2	7	121.13	0		17.741160
6	7	1	0	33	7	22	7	4	8	89.12	0		6.435426
6	8	5	0	24	17	3	7	6	5	154.72	1		5.319968
58	105	9	0	35	18	0	11	5	3	65.44	0		13.036439
58	104	4	0	35	18	3	8	4	4	55.77	0		21.527783
21	34	10	0	35	0	6	9	6	6	110.44	0		23.719453


