Name:				295_n100_m200_bt10
Problem:			3L-VRPTW
Number_of_used_Vehicles:	4
Total_Travel_Distance:		956.68
Calculation_Time:		3600.00
Total_Iterations:		1764
ConstraintSet:			P21

-------------------------------------------------------------------------------------------------------------------
Tour_Id:			1
No_of_Customers:		36
No_of_Items:			76
Customer_Sequence:		34 97 88 80 87 19 99 77 35 6 37 1 91 79 39 60 78 92 21 51 44 31 95 7 18 26 67 43 98 65 8 82 13 56 11 27 

CustId	Id	TypeId	Rotated	x	y	z	Length	Width	Height	mass	Fragility	LoadBearingStrength
27	56	7	0	0	0	0	16	2	5	119.06	0		186.380384
11	23	5	0	0	2	0	16	3	7	279.44	0		14.889923
11	25	9	0	0	5	0	17	2	6	97.89	0		39.772151
11	24	8	0	0	7	0	9	5	4	165.50	1		7.028060
56	105	1	0	0	12	0	7	2	7	68.31	0		50.879431
56	106	1	0	0	14	0	7	2	7	68.31	0		50.879431
13	28	3	0	0	16	0	9	3	8	77.50	0		16.327585
13	30	10	0	0	19	0	15	4	6	295.28	1		6.214326
13	29	8	0	0	7	4	9	5	4	165.50	1		7.028060
82	161	7	0	0	23	0	16	2	5	119.06	0		186.380384
82	159	1	0	0	0	5	7	2	7	68.31	0		50.879431
82	160	1	0	0	23	5	7	2	7	68.31	0		50.879431
8	18	6	0	0	2	7	10	3	3	68.56	0		36.515139
65	122	8	0	0	7	8	9	5	4	165.50	1		7.028060
98	195	5	0	7	12	0	16	3	7	279.44	0		14.889923
98	194	3	0	0	12	7	9	3	8	77.50	0		16.327585
98	193	2	0	17	5	0	10	6	3	70.99	0		24.512353
43	84	9	0	0	5	6	17	2	6	97.89	0		39.772151
43	83	7	0	0	5	12	16	2	5	119.06	0		186.380384
43	82	1	0	0	16	8	7	2	7	68.31	0		50.879431
67	126	9	0	0	5	17	17	2	6	97.89	0		39.772151
67	125	1	0	0	2	10	7	2	7	68.31	0		50.879431
67	127	10	0	0	19	6	15	4	6	295.28	1		6.214326
26	55	10	0	0	19	12	15	4	6	295.28	1		6.214326
18	40	5	0	9	16	0	16	3	7	279.44	0		14.889923
18	41	7	0	0	5	23	16	2	5	119.06	0		186.380384
7	16	5	0	9	12	7	16	3	7	279.44	0		14.889923
7	17	5	0	9	16	7	16	3	7	279.44	0		14.889923
7	15	4	0	0	12	15	6	5	7	81.06	0		8.620491
95	187	4	0	0	12	22	6	5	7	81.06	0		8.620491
31	61	8	0	0	7	12	9	5	4	165.50	1		7.028060
44	85	5	0	9	12	14	16	3	7	279.44	0		14.889923
44	86	8	0	0	7	16	9	5	4	165.50	1		7.028060
51	98	3	0	9	16	14	9	3	8	77.50	0		16.327585
21	45	2	0	17	5	3	10	6	3	70.99	0		24.512353
21	46	6	0	9	12	21	10	3	3	68.56	0		36.515139
21	47	10	0	0	19	18	15	4	6	295.28	1		6.214326
92	181	2	0	17	5	6	10	6	3	70.99	0		24.512353
92	182	10	0	0	19	24	15	4	6	295.28	1		6.214326
78	148	4	0	16	0	0	6	5	7	81.06	0		8.620491
78	149	4	0	16	0	7	6	5	7	81.06	0		8.620491
78	150	6	0	9	16	22	10	3	3	68.56	0		36.515139
60	113	5	0	15	19	0	16	3	7	279.44	0		14.889923
60	112	2	0	17	5	9	10	6	3	70.99	0		24.512353
39	75	5	0	15	19	7	16	3	7	279.44	0		14.889923
39	76	5	0	15	19	14	16	3	7	279.44	0		14.889923
39	74	3	0	15	19	21	9	3	8	77.50	0		16.327585
79	151	3	0	17	5	12	9	3	8	77.50	0		16.327585
79	152	6	0	9	12	24	10	3	3	68.56	0		36.515139
79	153	10	0	22	0	0	15	4	6	295.28	1		6.214326
91	179	3	0	17	8	12	9	3	8	77.50	0		16.327585
91	180	4	0	16	0	14	6	5	7	81.06	0		8.620491
1	2	3	0	17	5	20	9	3	8	77.50	0		16.327585
1	3	7	0	16	23	0	16	2	5	119.06	0		186.380384
1	1	1	0	0	23	12	7	2	7	68.31	0		50.879431
37	70	3	0	17	8	20	9	3	8	77.50	0		16.327585
37	71	3	0	24	19	21	9	3	8	77.50	0		16.327585
6	14	9	0	7	23	5	17	2	6	97.89	0		39.772151
6	13	1	0	0	23	19	7	2	7	68.31	0		50.879431
35	68	5	0	25	16	0	16	3	7	279.44	0		14.889923
77	146	5	0	25	16	7	16	3	7	279.44	0		14.889923
77	145	2	0	27	5	0	10	6	3	70.99	0		24.512353
77	147	10	0	22	0	6	15	4	6	295.28	1		6.214326
99	197	7	0	7	23	11	16	2	5	119.06	0		186.380384
99	196	6	0	9	16	25	10	3	3	68.56	0		36.515139
19	42	1	0	7	23	16	7	2	7	68.31	0		50.879431
19	43	10	0	22	0	12	15	4	6	295.28	1		6.214326
87	171	5	0	25	16	14	16	3	7	279.44	0		14.889923
87	172	10	0	22	0	18	15	4	6	295.28	1		6.214326
87	173	10	0	22	0	24	15	4	6	295.28	1		6.214326
80	155	5	0	25	16	21	16	3	7	279.44	0		14.889923
80	154	2	0	27	5	3	10	6	3	70.99	0		24.512353
88	174	1	0	7	23	23	7	2	7	68.31	0		50.879431
97	191	3	0	27	11	0	9	3	8	77.50	0		16.327585
97	192	10	0	36	11	0	15	4	6	295.28	1		6.214326
34	67	8	0	27	5	6	9	5	4	165.50	1		7.028060


-------------------------------------------------------------------------------------------------------------------
Tour_Id:			2
No_of_Customers:		13
No_of_Items:			25
Customer_Sequence:		70 76 71 29 15 41 47 24 94 22 96 53 42 

CustId	Id	TypeId	Rotated	x	y	z	Length	Width	Height	mass	Fragility	LoadBearingStrength
42	81	9	0	0	0	0	17	2	6	97.89	0		39.772151
42	80	1	0	0	2	0	7	2	7	68.31	0		50.879431
53	101	5	0	0	4	0	16	3	7	279.44	0		14.889923
53	100	3	0	0	7	0	9	3	8	77.50	0		16.327585
53	102	10	0	0	10	0	15	4	6	295.28	1		6.214326
96	189	5	0	0	14	0	16	3	7	279.44	0		14.889923
96	188	4	0	0	17	0	6	5	7	81.06	0		8.620491
96	190	9	0	0	22	0	17	2	6	97.89	0		39.772151
22	48	2	0	0	14	7	10	6	3	70.99	0		24.512353
94	185	5	0	0	4	7	16	3	7	279.44	0		14.889923
94	184	2	0	0	14	10	10	6	3	70.99	0		24.512353
94	186	7	0	0	0	6	16	2	5	119.06	0		186.380384
24	52	10	0	0	10	6	15	4	6	295.28	1		6.214326
47	90	1	0	0	22	6	7	2	7	68.31	0		50.879431
41	79	7	0	0	0	11	16	2	5	119.06	0		186.380384
15	34	5	0	0	4	14	16	3	7	279.44	0		14.889923
15	35	6	0	0	7	8	10	3	3	68.56	0		36.515139
29	59	2	0	0	14	13	10	6	3	70.99	0		24.512353
71	133	6	0	0	7	11	10	3	3	68.56	0		36.515139
76	142	6	0	0	7	14	10	3	3	68.56	0		36.515139
76	143	6	0	0	14	16	10	3	3	68.56	0		36.515139
76	144	8	0	16	4	0	9	5	4	165.50	1		7.028060
70	131	3	0	0	17	16	9	3	8	77.50	0		16.327585
70	130	1	0	0	2	7	7	2	7	68.31	0		50.879431
70	132	10	0	0	10	12	15	4	6	295.28	1		6.214326


-------------------------------------------------------------------------------------------------------------------
Tour_Id:			3
No_of_Customers:		23
No_of_Items:			43
Customer_Sequence:		20 28 50 54 46 100 17 55 4 10 58 83 63 68 30 81 25 3 57 33 85 36 66 

CustId	Id	TypeId	Rotated	x	y	z	Length	Width	Height	mass	Fragility	LoadBearingStrength
66	123	9	0	0	0	0	17	2	6	97.89	0		39.772151
66	124	10	0	0	2	0	15	4	6	295.28	1		6.214326
36	69	8	0	0	6	0	9	5	4	165.50	1		7.028060
85	169	5	0	0	11	0	16	3	7	279.44	0		14.889923
85	168	1	0	0	14	0	7	2	7	68.31	0		50.879431
33	65	7	0	0	16	0	16	2	5	119.06	0		186.380384
33	64	1	0	0	18	0	7	2	7	68.31	0		50.879431
33	66	10	0	0	20	0	15	4	6	295.28	1		6.214326
57	107	6	0	0	11	7	10	3	3	68.56	0		36.515139
3	6	4	0	9	6	0	6	5	7	81.06	0		8.620491
3	7	4	0	9	6	7	6	5	7	81.06	0		8.620491
3	5	2	0	15	2	0	10	6	3	70.99	0		24.512353
25	53	2	0	15	2	3	10	6	3	70.99	0		24.512353
25	54	8	0	0	0	6	9	5	4	165.50	1		7.028060
81	158	7	0	0	16	5	16	2	5	119.06	0		186.380384
81	156	6	0	0	11	10	10	3	3	68.56	0		36.515139
81	157	6	0	0	11	13	10	3	3	68.56	0		36.515139
30	60	8	0	0	20	6	9	5	4	165.50	1		7.028060
68	128	8	0	0	0	10	9	5	4	165.50	1		7.028060
63	118	9	0	0	16	10	17	2	6	97.89	0		39.772151
83	164	4	0	9	6	14	6	5	7	81.06	0		8.620491
83	163	2	0	15	2	6	10	6	3	70.99	0		24.512353
83	162	1	0	0	14	7	7	2	7	68.31	0		50.879431
58	108	2	0	15	2	9	10	6	3	70.99	0		24.512353
58	109	6	0	0	11	16	10	3	3	68.56	0		36.515139
10	21	2	0	15	2	12	10	6	3	70.99	0		24.512353
10	22	8	0	0	20	10	9	5	4	165.50	1		7.028060
4	8	2	0	15	2	15	10	6	3	70.99	0		24.512353
4	9	2	0	15	2	18	10	6	3	70.99	0		24.512353
55	104	8	0	0	20	14	9	5	4	165.50	1		7.028060
17	39	4	0	9	6	21	6	5	7	81.06	0		8.620491
17	38	1	0	0	18	7	7	2	7	68.31	0		50.879431
100	199	3	0	0	11	19	9	3	8	77.50	0		16.327585
100	198	1	0	0	14	14	7	2	7	68.31	0		50.879431
100	200	10	0	15	20	0	15	4	6	295.28	1		6.214326
46	89	3	0	15	8	0	9	3	8	77.50	0		16.327585
54	103	7	0	0	16	16	16	2	5	119.06	0		186.380384
50	97	4	0	0	14	21	6	5	7	81.06	0		8.620491
50	95	1	0	0	18	14	7	2	7	68.31	0		50.879431
50	96	1	0	7	14	0	7	2	7	68.31	0		50.879431
28	57	3	0	15	8	8	9	3	8	77.50	0		16.327585
28	58	7	0	7	18	0	16	2	5	119.06	0		186.380384
20	44	10	0	9	20	6	15	4	6	295.28	1		6.214326


-------------------------------------------------------------------------------------------------------------------
Tour_Id:			4
No_of_Customers:		28
No_of_Items:			56
Customer_Sequence:		48 73 90 45 59 12 89 32 9 14 86 62 74 16 64 38 93 40 61 5 49 23 2 75 72 84 52 69 

CustId	Id	TypeId	Rotated	x	y	z	Length	Width	Height	mass	Fragility	LoadBearingStrength
69	129	6	0	0	0	0	10	3	3	68.56	0		36.515139
52	99	5	0	0	3	0	16	3	7	279.44	0		14.889923
84	165	2	0	0	6	0	10	6	3	70.99	0		24.512353
84	166	2	0	0	12	0	10	6	3	70.99	0		24.512353
84	167	8	0	0	18	0	9	5	4	165.50	1		7.028060
72	134	7	0	0	23	0	16	2	5	119.06	0		186.380384
72	136	10	0	0	3	7	15	4	6	295.28	1		6.214326
72	135	8	0	0	6	3	9	5	4	165.50	1		7.028060
75	141	6	0	0	0	3	10	3	3	68.56	0		36.515139
2	4	5	0	9	18	0	16	3	7	279.44	0		14.889923
23	49	4	0	0	11	3	6	5	7	81.06	0		8.620491
23	50	4	0	0	11	10	6	5	7	81.06	0		8.620491
23	51	8	0	0	3	13	9	5	4	165.50	1		7.028060
49	94	9	0	0	23	5	17	2	6	97.89	0		39.772151
49	93	8	0	0	3	17	9	5	4	165.50	1		7.028060
5	11	3	0	0	0	6	9	3	8	77.50	0		16.327585
5	10	2	0	10	12	0	10	6	3	70.99	0		24.512353
5	12	8	0	0	3	21	9	5	4	165.50	1		7.028060
61	114	6	0	0	0	14	10	3	3	68.56	0		36.515139
40	77	1	0	0	16	3	7	2	7	68.31	0		50.879431
40	78	6	0	0	0	17	10	3	3	68.56	0		36.515139
93	183	1	0	0	16	10	7	2	7	68.31	0		50.879431
38	72	7	0	0	23	11	16	2	5	119.06	0		186.380384
38	73	8	1	0	11	17	9	5	4	165.50	1		7.028060
64	119	3	0	0	0	20	9	3	8	77.50	0		16.327585
64	121	10	0	6	11	3	15	4	6	295.28	1		6.214326
64	120	8	1	0	11	21	9	5	4	165.50	1		7.028060
16	36	6	0	9	18	7	10	3	3	68.56	0		36.515139
16	37	8	0	0	3	25	9	5	4	165.50	1		7.028060
74	138	4	0	16	3	0	6	5	7	81.06	0		8.620491
74	139	6	0	9	18	10	10	3	3	68.56	0		36.515139
74	140	10	0	6	11	9	15	4	6	295.28	1		6.214326
62	115	3	0	9	18	13	9	3	8	77.50	0		16.327585
62	116	7	0	0	23	16	16	2	5	119.06	0		186.380384
62	117	10	0	6	11	15	15	4	6	295.28	1		6.214326
86	170	8	1	0	11	25	9	5	4	165.50	1		7.028060
14	31	5	0	10	0	0	16	3	7	279.44	0		14.889923
14	33	9	0	0	23	21	17	2	6	97.89	0		39.772151
14	32	6	0	9	18	21	10	3	3	68.56	0		36.515139
9	19	1	0	7	16	3	7	2	7	68.31	0		50.879431
9	20	10	0	5	11	21	15	4	6	295.28	1		6.214326
32	62	4	0	15	3	7	6	5	7	81.06	0		8.620491
32	63	6	0	9	18	24	10	3	3	68.56	0		36.515139
89	176	5	0	10	0	7	16	3	7	279.44	0		14.889923
89	175	3	0	10	0	14	9	3	8	77.50	0		16.327585
12	27	5	0	16	8	0	16	3	7	279.44	0		14.889923
12	26	2	0	25	18	0	10	6	3	70.99	0		24.512353
59	111	5	0	15	8	7	16	3	7	279.44	0		14.889923
59	110	3	0	10	0	22	9	3	8	77.50	0		16.327585
45	87	4	0	15	3	14	6	5	7	81.06	0		8.620491
45	88	7	0	15	8	14	16	2	5	119.06	0		186.380384
90	178	9	0	15	8	19	17	2	6	97.89	0		39.772151
90	177	2	0	25	18	3	10	6	3	70.99	0		24.512353
73	137	2	0	25	18	6	10	6	3	70.99	0		24.512353
48	91	4	0	15	3	21	6	5	7	81.06	0		8.620491
48	92	8	0	22	3	0	9	5	4	165.50	1		7.028060


