Name:				14_Manual_n50_m200_bt10_4_2146
Problem:			3L-VRPTW
Number_of_used_Vehicles:	1
Total_Travel_Distance:		40.89
Calculation_Time:		1.12
Total_Iterations:		1
ConstraintSet:			P1

-------------------------------------------------------------------------------------------------------------------
Tour_Id:			1
No_of_Customers:		6
No_of_Items:			32
Customer_Sequence:		13 18 11 2 10 17 

CustId	Id	TypeId	Rotated	x	y	z	Length	Width	Height	mass	Fragility	LoadBearingStrength
17	69	2	0	0	0	0	115	60	60	8.75	0		0.006300
17	70	4	0	0	60	0	73	60	60	3.46	0		0.003900
17	71	10	1	0	120	0	36	60	59	2.09	0		0.004800
10	40	2	0	0	0	60	115	60	60	8.75	0		0.006300
10	41	4	0	0	60	60	73	60	60	3.46	0		0.003900
10	42	4	0	0	0	120	73	60	60	3.46	0		0.003900
10	43	4	0	0	60	120	73	60	60	3.46	0		0.003900
10	44	7	0	60	120	0	57	53	56	4.08	0		0.006800
10	45	10	1	0	120	59	36	60	59	2.09	0		0.004800
2	5	2	0	73	60	0	115	60	60	8.75	0		0.006300
2	6	4	0	73	60	60	73	60	60	3.46	0		0.003900
2	8	7	0	60	120	56	57	53	56	4.08	0		0.006800
2	9	10	1	60	120	112	36	60	59	2.09	0		0.004800
2	7	6	0	73	0	120	55	31	48	4.56	0		0.013400
11	47	2	0	128	0	0	115	60	60	8.75	0		0.006300
11	51	8	0	73	60	120	95	60	60	21.90	0		0.019200
11	48	4	0	128	0	60	73	60	60	3.46	0		0.003900
11	49	4	0	128	0	120	73	60	60	3.46	0		0.003900
11	46	1	0	120	120	0	56	41	54	3.29	0		0.007200
11	50	5	1	120	120	54	22	59	23	2.60	0		0.010000
18	72	2	0	188	60	0	115	60	60	8.75	0		0.006300
18	75	6	0	179	120	0	55	31	48	4.56	0		0.013400
18	76	6	0	179	120	48	55	31	48	4.56	0		0.013400
18	73	3	0	201	0	60	50	49	30	1.42	0		0.002900
18	74	5	1	120	142	54	22	59	23	2.60	0		0.010000
13	57	7	0	201	49	60	57	53	56	4.08	0		0.006800
13	59	10	1	179	120	96	36	60	59	2.09	0		0.004800
13	53	1	0	201	0	90	56	41	54	3.29	0		0.007200
13	54	1	0	201	49	116	56	41	54	3.29	0		0.007200
13	55	1	0	234	120	0	56	41	54	3.29	0		0.007200
13	56	1	0	251	0	0	56	41	54	3.29	0		0.007200
13	58	9	0	201	0	144	30	25	43	4.38	0		0.029200


