Name:				22_Manual_n50_m300_bt10_2_2024
Problem:			3L-VRPTW
Number_of_used_Vehicles:	1
Total_Travel_Distance:		18.51
Calculation_Time:		1.09
Total_Iterations:		1
ConstraintSet:			P1

-------------------------------------------------------------------------------------------------------------------
Tour_Id:			1
No_of_Customers:		3
No_of_Items:			27
Customer_Sequence:		11 36 29 

CustId	Id	TypeId	Rotated	x	y	z	Length	Width	Height	mass	Fragility	LoadBearingStrength
29	162	8	0	0	0	0	118	60	60	13.19	0		0.009300
11	63	8	0	0	60	0	118	60	60	13.19	0		0.009300
29	158	5	0	0	0	60	109	60	60	1.87	0		0.001400
29	159	5	0	0	60	60	109	60	60	1.87	0		0.001400
36	207	5	0	0	0	120	109	60	60	1.87	0		0.001400
36	208	5	0	0	60	120	109	60	60	1.87	0		0.001400
36	209	5	0	118	0	0	109	60	60	1.87	0		0.001400
36	210	5	0	109	0	60	109	60	60	1.87	0		0.001400
29	154	1	0	109	0	120	93	60	60	11.76	0		0.010500
36	203	1	0	118	60	0	93	60	60	11.76	0		0.010500
36	204	1	0	109	60	60	93	60	60	11.76	0		0.010500
11	60	1	0	109	60	120	93	60	60	11.76	0		0.010500
29	160	6	0	211	60	0	72	60	60	4.25	0		0.004900
29	161	6	0	202	60	60	72	60	60	4.25	0		0.004900
11	62	6	0	202	60	120	72	60	60	4.25	0		0.004900
29	156	4	0	0	120	0	58	44	41	1.58	0		0.003100
29	157	4	0	0	120	41	58	44	41	1.58	0		0.003100
36	206	4	0	0	120	82	58	44	41	1.58	0		0.003100
29	155	3	0	0	120	123	45	34	47	1.69	0		0.005500
29	163	9	0	58	120	0	26	49	52	1.22	0		0.004800
29	164	9	0	58	120	52	26	49	52	1.22	0		0.004800
36	211	9	0	58	120	104	26	49	52	1.22	0		0.004800
11	64	9	0	84	120	0	26	49	52	1.22	0		0.004800
36	205	2	1	84	120	52	52	24	53	2.67	0		0.010700
11	61	2	1	84	120	105	52	24	53	2.67	0		0.010700
29	165	10	0	110	120	0	39	41	40	3.33	1		0.002100
29	166	10	0	110	120	40	39	41	40	3.33	1		0.002100


