Name:				24_Manual_n50_m300_bt10_4_2408
Problem:			3L-VRPTW
Number_of_used_Vehicles:	1
Total_Travel_Distance:		45.58
Calculation_Time:		1.77
Total_Iterations:		1
ConstraintSet:			P1

-------------------------------------------------------------------------------------------------------------------
Tour_Id:			1
No_of_Customers:		5
No_of_Items:			38
Customer_Sequence:		24 10 3 8 28 

CustId	Id	TypeId	Rotated	x	y	z	Length	Width	Height	mass	Fragility	LoadBearingStrength
28	158	10	0	0	0	0	57	59	44	1.90	0		0.002800
28	159	10	0	0	59	0	57	59	44	1.90	0		0.002800
28	153	2	0	0	118	0	48	51	58	1.51	0		0.003100
28	155	5	0	0	0	44	50	35	51	3.04	0		0.008700
28	157	9	0	0	35	44	59	27	37	3.25	0		0.010200
28	154	4	0	0	62	44	41	40	28	1.27	0		0.003900
28	156	7	0	0	118	58	30	22	59	1.36	0		0.010300
8	43	3	0	59	0	0	96	60	60	21.83	0		0.019000
8	44	3	0	59	60	0	96	60	60	21.83	0		0.019000
8	45	3	0	59	0	60	96	60	60	21.83	0		0.019000
8	48	10	0	59	60	60	57	59	44	1.90	0		0.002800
8	49	10	0	59	60	104	57	59	44	1.90	0		0.002800
8	42	2	0	48	120	0	48	51	58	1.51	0		0.003100
8	39	1	1	30	120	58	46	58	52	1.07	0		0.002000
8	40	1	1	30	120	110	46	58	52	1.07	0		0.002000
8	41	1	0	59	0	120	46	58	52	1.07	0		0.002000
8	46	5	0	0	62	72	50	35	51	3.04	0		0.008700
8	47	5	0	0	0	95	50	35	51	3.04	0		0.008700
3	11	8	0	155	0	0	93	60	60	2.26	0		0.002000
3	12	8	0	155	60	0	93	60	60	2.26	0		0.002000
3	13	8	0	116	60	60	93	60	60	2.26	0		0.002000
3	9	2	0	96	120	0	48	51	58	1.51	0		0.003100
3	10	7	0	88	120	58	30	22	59	1.36	0		0.010300
10	55	3	0	116	60	120	96	60	60	21.83	0		0.019000
10	56	3	0	155	0	60	96	60	60	21.83	0		0.019000
10	59	10	0	155	0	120	57	59	44	1.90	0		0.002800
10	60	10	0	248	0	0	57	59	44	1.90	0		0.002800
10	58	6	0	144	120	0	55	48	50	1.86	0		0.003500
10	57	5	0	144	120	50	50	35	51	3.04	0		0.008700
24	126	3	1	248	60	0	96	60	60	21.83	0		0.019000
24	127	3	1	248	60	60	96	60	60	21.83	0		0.019000
24	134	10	0	248	60	120	57	59	44	1.90	0		0.002800
24	130	5	0	144	120	101	50	35	51	3.04	0		0.008700
24	133	9	0	144	120	152	59	27	37	3.25	0		0.010200
24	128	4	0	199	120	0	41	40	28	1.27	0		0.003900
24	129	4	0	199	120	28	41	40	28	1.27	0		0.003900
24	131	7	0	194	120	56	30	22	59	1.36	0		0.010300
24	132	7	0	248	119	120	30	22	59	1.36	0		0.010300


