Name:				34_Manual_n50_m400_bt10_4_2439
Problem:			3L-VRPTW
Number_of_used_Vehicles:	1
Total_Travel_Distance:		28.69
Calculation_Time:		1.72
Total_Iterations:		1
ConstraintSet:			P1

-------------------------------------------------------------------------------------------------------------------
Tour_Id:			1
No_of_Customers:		4
No_of_Items:			37
Customer_Sequence:		2 20 11 6 

CustId	Id	TypeId	Rotated	x	y	z	Length	Width	Height	mass	Fragility	LoadBearingStrength
2	14	9	0	0	0	0	116	60	60	18.26	0		0.013100
20	158	9	0	0	60	0	116	60	60	18.26	0		0.013100
20	157	9	0	0	0	60	116	60	60	18.26	0		0.013100
6	47	9	0	0	60	60	116	60	60	18.26	0		0.013100
6	48	9	0	0	0	120	116	60	60	18.26	0		0.013100
11	80	1	0	0	60	120	110	60	60	18.49	0		0.014000
11	81	1	0	116	0	0	110	60	60	18.49	0		0.014000
11	82	1	0	116	60	0	110	60	60	18.49	0		0.014000
20	152	1	0	116	0	60	110	60	60	18.49	0		0.014000
11	84	4	0	116	60	60	68	60	60	2.91	0		0.003600
2	8	4	0	110	60	120	68	60	60	2.91	0		0.003600
11	90	8	0	0	120	0	56	33	55	4.25	0		0.011500
11	91	8	0	0	120	55	56	33	55	4.25	0		0.011500
6	45	8	0	0	120	110	56	33	55	4.25	0		0.011500
6	46	8	0	56	120	0	56	33	55	4.25	0		0.011500
20	156	8	0	56	120	55	56	33	55	4.25	0		0.011500
11	89	8	0	56	120	110	56	33	55	4.25	0		0.011500
11	83	3	0	112	120	0	34	41	43	1.59	0		0.005700
11	88	7	0	112	120	43	34	34	38	1.56	0		0.006700
20	155	7	0	112	120	81	34	34	38	1.56	0		0.006700
6	43	5	0	112	120	119	36	28	35	3.61	0		0.017900
6	44	5	0	112	120	154	36	28	35	3.61	0		0.017900
11	86	5	0	148	120	0	36	28	35	3.61	0		0.017900
11	85	5	0	148	120	35	36	28	35	3.61	0		0.017900
2	9	5	0	148	120	70	36	28	35	3.61	0		0.017900
2	10	5	0	148	120	105	36	28	35	3.61	0		0.017900
2	11	5	0	148	120	140	36	28	35	3.61	0		0.017900
2	12	5	0	178	0	120	36	28	35	3.61	0		0.017900
11	93	10	0	226	0	0	77	60	60	2.55	1		0.000600
11	92	10	0	226	60	0	77	60	60	2.55	1		0.000600
20	159	10	0	184	60	60	77	60	60	2.55	1		0.000600
20	154	6	1	146	148	0	25	40	37	4.60	1		0.004600
11	87	6	1	146	148	37	25	40	37	4.60	1		0.004600
2	13	6	1	146	148	74	25	40	37	4.60	1		0.004600
20	153	2	0	146	148	111	30	24	44	2.47	1		0.003400
2	7	2	0	184	120	0	30	24	44	2.47	1		0.003400
6	42	2	0	116	0	120	30	24	44	2.47	1		0.003400


