Name:				012_n020_m200_bt100_1129
Problem:			3L-VRPTW
Number_of_used_Vehicles:	1
Total_Travel_Distance:		284.62
Calculation_Time:		11.82
Total_Iterations:		1
ConstraintSet:			P1

-------------------------------------------------------------------------------------------------------------------
Tour_Id:			1
No_of_Customers:		7
No_of_Items:			85
Customer_Sequence:		7 5 16 4 12 9 1 

CustId	Id	TypeId	Rotated	x	y	z	Length	Width	Height	mass	Fragility	LoadBearingStrength
1	12	90	0	0	0	0	17	5	8	384.18	0		14.323845
1	8	45	0	0	5	0	14	6	7	58.82	0		11.753984
1	2	22	0	0	11	0	12	6	6	62.15	0		26.946809
1	4	26	0	0	17	0	17	4	5	47.15	0		27.701084
1	7	36	0	0	21	0	15	4	5	47.70	0		33.007076
1	13	96	0	0	17	5	12	6	4	55.50	0		8.647986
1	14	96	0	0	11	6	12	6	4	55.50	0		8.647986
1	9	50	0	0	5	7	14	5	4	53.86	0		29.244904
1	10	52	0	0	0	8	14	3	5	31.41	0		8.241265
1	3	23	0	0	17	9	6	5	7	36.11	0		4.574134
1	5	27	0	0	10	10	9	5	4	34.69	0		11.375025
1	6	27	0	0	5	11	9	5	4	34.69	0		11.375025
1	11	69	0	0	10	14	11	5	3	19.54	0		12.055998
1	1	11	0	0	0	13	13	3	3	12.46	0		33.909232
1	15	97	0	0	5	15	12	3	8	44.38	1		1.836406
9	87	57	0	0	10	17	9	6	7	54.20	0		6.271491
9	82	8	0	12	11	0	14	6	3	224.78	0		29.802888
9	88	80	0	0	17	16	8	5	6	43.43	0		7.664670
9	81	5	0	12	11	3	17	4	3	20.52	0		2.070584
9	90	95	0	0	16	22	8	5	5	38.28	0		6.241220
9	83	27	0	0	10	24	9	5	4	34.69	0		11.375025
9	86	48	0	14	5	0	9	6	3	17.54	0		5.995878
9	89	93	0	0	23	5	7	2	7	15.43	0		8.616008
9	84	30	0	0	3	8	7	2	6	14.14	0		10.883756
9	85	35	0	17	17	0	16	6	7	106.13	1		2.021265
12	118	57	0	14	5	3	9	6	7	54.20	0		6.271491
12	117	56	0	23	0	0	17	6	3	46.12	0		23.900976
12	121	96	0	14	5	10	12	6	4	55.50	0		8.647986
12	114	31	0	0	0	16	14	2	8	34.20	0		6.879217
12	116	52	0	11	8	14	14	3	5	31.41	0		8.241265
12	119	71	0	12	11	6	13	5	3	30.48	0		7.124260
12	115	43	0	9	8	19	16	3	4	47.87	0		11.964600
12	120	81	0	0	0	24	12	2	6	25.56	0		39.633827
12	110	3	1	8	17	9	8	3	6	26.55	0		8.160422
12	112	11	0	9	8	23	13	3	3	12.46	0		33.909232
12	111	6	0	12	11	9	16	5	4	59.02	1		3.141976
12	113	21	0	11	11	13	11	5	4	35.06	1		1.181673
4	40	74	0	26	0	3	11	6	7	58.73	0		3.674772
4	37	33	0	26	6	0	17	5	5	72.41	0		7.394762
4	41	77	0	26	6	5	13	5	6	148.21	0		16.004708
4	34	26	0	26	6	11	17	4	5	47.15	0		27.701084
4	39	64	0	25	6	16	16	4	3	34.74	0		17.254064
4	42	94	0	7	3	8	13	2	7	29.85	0		6.393582
4	38	55	0	26	0	10	10	6	3	30.80	0		9.535273
4	35	32	0	25	6	19	6	5	6	28.49	0		7.016975
4	36	32	0	26	0	13	6	5	6	28.49	0		7.016975
4	33	11	0	9	8	26	13	3	3	12.46	0		33.909232
4	32	9	0	17	17	7	12	7	5	46.79	1		1.028064
4	43	97	0	9	11	17	12	3	8	44.38	1		1.836406
4	44	98	1	8	17	15	6	4	4	11.65	1		1.774802
16	155	38	0	29	11	0	14	6	7	102.59	0		3.462973
16	158	45	0	28	11	7	14	6	7	58.82	0		11.753984
16	152	22	0	28	11	14	12	6	6	62.15	0		26.946809
16	156	42	0	28	11	20	12	6	6	59.55	0		11.189502
16	157	42	0	33	17	0	12	6	6	59.55	0		11.189502
16	154	33	0	40	0	0	17	5	5	72.41	0		7.394762
16	153	26	0	37	0	5	17	4	5	47.15	0		27.701084
16	159	67	0	31	6	19	13	3	8	43.21	0		13.212740
16	163	100	0	26	0	19	8	4	8	304.53	0		62.112261
16	151	16	0	33	17	6	6	5	8	33.98	0		4.289760
16	162	95	0	33	17	14	8	5	5	38.28	0		6.241220
16	160	81	0	29	23	0	12	2	6	25.56	0		39.633827
16	161	83	0	17	17	12	11	6	7	82.71	1		1.782604
16	150	9	0	17	17	19	12	7	5	46.79	1		1.028064
16	149	6	0	17	17	24	16	5	4	59.02	1		3.141976
5	46	44	0	44	5	0	11	7	5	58.27	0		4.661929
5	50	70	0	33	17	19	7	6	7	44.65	0		5.278984
5	48	55	0	28	11	26	10	6	3	30.80	0		9.535273
5	45	32	0	36	0	10	6	5	6	28.49	0		7.016975
5	51	75	0	29	23	6	10	2	6	20.29	0		46.192861
5	47	54	0	29	23	12	6	2	6	9.92	0		11.243071
5	49	60	0	33	17	26	9	4	4	25.40	1		2.676932
5	53	91	0	31	6	27	15	3	3	25.43	1		11.105573
5	52	76	0	17	22	24	10	2	3	7.51	1		0.878783
7	71	90	1	55	5	0	17	5	8	384.18	0		14.323845
7	64	14	0	45	12	0	9	7	5	58.96	0		28.728868
7	70	89	0	36	0	16	7	4	6	16.89	0		4.432878
7	67	75	0	41	23	0	10	2	6	20.29	0		46.192861
7	63	11	0	42	0	10	13	3	3	12.46	0		33.909232
7	69	85	0	29	23	18	8	2	4	6.65	0		11.590284
7	66	73	0	43	0	13	12	3	8	37.51	1		5.700930
7	65	21	1	45	9	5	11	5	4	35.06	1		1.181673
7	72	91	0	43	0	21	15	3	3	25.43	1		11.105573
7	73	98	0	36	0	22	6	4	4	11.65	1		1.774802
7	68	76	0	17	22	27	10	2	3	7.51	1		0.878783


