Name:				023_n020_m200_bt10_2122
Problem:			3L-VRPTW
Number_of_used_Vehicles:	1
Total_Travel_Distance:		304.98
Calculation_Time:		11.11
Total_Iterations:		1
ConstraintSet:			P1

-------------------------------------------------------------------------------------------------------------------
Tour_Id:			1
No_of_Customers:		9
No_of_Items:			93
Customer_Sequence:		3 8 2 7 9 6 4 15 12 

CustId	Id	TypeId	Rotated	x	y	z	Length	Width	Height	mass	Fragility	LoadBearingStrength
12	109	2	0	0	0	0	9	5	7	127.47	0		17.030785
12	110	2	0	0	5	0	9	5	7	127.47	0		17.030785
12	108	1	0	0	10	0	10	3	7	48.51	0		3.269262
12	116	10	0	0	13	0	11	6	3	100.34	0		17.806933
12	117	10	0	0	19	0	11	6	3	100.34	0		17.806933
12	115	8	0	0	13	3	7	4	7	164.35	0		34.337354
12	111	3	0	0	17	3	9	3	7	138.01	0		47.680965
12	112	3	0	0	20	3	9	3	7	138.01	0		47.680965
12	113	7	0	9	0	0	14	5	8	215.30	1		9.037166
12	114	7	0	9	5	0	14	5	8	215.30	1		9.037166
15	140	5	0	10	10	0	16	3	5	98.07	0		6.976684
15	141	5	0	10	10	5	16	3	5	98.07	0		6.976684
15	139	1	0	0	10	7	10	3	7	48.51	0		3.269262
15	148	10	1	0	13	10	11	6	3	100.34	0		17.806933
15	149	10	1	0	13	13	11	6	3	100.34	0		17.806933
15	144	8	0	0	13	16	7	4	7	164.35	0		34.337354
15	145	9	0	0	23	3	8	2	6	38.22	0		13.217510
15	146	9	0	0	10	14	8	2	6	38.22	0		13.217510
15	147	9	0	0	17	16	8	2	6	38.22	0		13.217510
15	143	7	0	9	0	8	14	5	8	215.30	1		9.037166
15	142	6	0	0	19	16	7	4	4	37.22	1		9.077982
4	35	5	0	10	10	10	16	3	5	98.07	0		6.976684
4	40	10	0	11	13	0	11	6	3	100.34	0		17.806933
4	32	3	0	0	13	23	9	3	7	138.01	0		47.680965
4	33	4	0	7	13	3	14	2	6	35.40	0		12.236736
4	34	4	0	7	15	3	14	2	6	35.40	0		12.236736
4	38	9	0	0	10	20	8	2	6	38.22	0		13.217510
4	39	9	0	0	17	22	8	2	6	38.22	0		13.217510
4	36	7	0	9	5	8	14	5	8	215.30	1		9.037166
4	37	7	0	9	0	16	14	5	8	215.30	1		9.037166
6	51	2	0	9	13	9	9	5	7	127.47	0		17.030785
6	50	1	0	8	10	15	10	3	7	48.51	0		3.269262
6	61	10	0	11	19	0	11	6	3	100.34	0		17.806933
6	58	8	0	9	18	3	7	4	7	164.35	0		34.337354
6	52	3	0	7	19	10	9	3	7	138.01	0		47.680965
6	53	4	0	8	23	3	14	2	6	35.40	0		12.236736
6	54	4	0	6	23	9	14	2	6	35.40	0		12.236736
6	59	9	0	6	23	15	8	2	6	38.22	0		13.217510
6	60	9	0	6	23	21	8	2	6	38.22	0		13.217510
6	55	7	0	9	5	16	14	5	8	215.30	1		9.037166
6	56	7	0	22	13	0	14	5	8	215.30	1		9.037166
6	57	7	0	22	18	0	14	5	8	215.30	1		9.037166
9	81	2	0	9	13	16	9	5	7	127.47	0		17.030785
9	82	2	0	9	13	23	9	5	7	127.47	0		17.030785
9	83	2	0	23	0	0	9	5	7	127.47	0		17.030785
9	88	10	0	32	0	0	11	6	3	100.34	0		17.806933
9	84	4	0	22	23	0	14	2	6	35.40	0		12.236736
9	85	6	0	0	19	20	7	4	4	37.22	1		9.077982
9	86	6	0	0	19	24	7	4	4	37.22	1		9.077982
9	87	6	0	7	19	17	7	4	4	37.22	1		9.077982
7	63	2	0	23	0	7	9	5	7	127.47	0		17.030785
7	64	2	0	23	0	14	9	5	7	127.47	0		17.030785
7	65	2	0	23	0	21	9	5	7	127.47	0		17.030785
7	67	5	0	23	6	0	16	3	5	98.07	0		6.976684
7	68	5	0	23	6	5	16	3	5	98.07	0		6.976684
7	62	1	0	8	10	22	10	3	7	48.51	0		3.269262
7	71	10	0	32	0	3	11	6	3	100.34	0		17.806933
7	66	3	0	18	10	15	9	3	7	138.01	0		47.680965
7	70	9	0	14	23	15	8	2	6	38.22	0		13.217510
7	69	7	0	21	13	8	14	5	8	215.30	1		9.037166
2	13	5	0	23	6	10	16	3	5	98.07	0		6.976684
2	8	1	0	18	10	22	10	3	7	48.51	0		3.269262
2	9	1	0	23	6	15	10	3	7	48.51	0		3.269262
2	18	10	0	32	0	6	11	6	3	100.34	0		17.806933
2	10	3	0	23	6	22	9	3	7	138.01	0		47.680965
2	11	3	0	27	9	0	9	3	7	138.01	0		47.680965
2	12	4	0	22	23	6	14	2	6	35.40	0		12.236736
2	16	7	0	18	13	16	14	5	8	215.30	1		9.037166
2	17	7	0	21	18	8	14	5	8	215.30	1		9.037166
2	14	6	0	7	19	21	7	4	4	37.22	1		9.077982
2	15	6	0	7	19	25	7	4	4	37.22	1		9.077982
8	72	2	0	32	0	9	9	5	7	127.47	0		17.030785
8	73	5	0	36	9	0	16	3	5	98.07	0		6.976684
8	74	5	0	36	12	0	16	3	5	98.07	0		6.976684
8	75	5	0	36	15	0	16	3	5	98.07	0		6.976684
8	80	10	0	36	18	0	11	6	3	100.34	0		17.806933
8	77	8	0	32	0	16	7	4	7	164.35	0		34.337354
8	78	8	0	32	0	23	7	4	7	164.35	0		34.337354
8	79	9	0	14	23	21	8	2	6	38.22	0		13.217510
8	76	6	0	18	13	24	7	4	4	37.22	1		9.077982
3	19	2	0	36	9	5	9	5	7	127.47	0		17.030785
3	21	5	0	36	14	5	16	3	5	98.07	0		6.976684
3	22	5	0	35	14	10	16	3	5	98.07	0		6.976684
3	23	5	0	35	14	15	16	3	5	98.07	0		6.976684
3	24	5	0	32	14	20	16	3	5	98.07	0		6.976684
3	28	8	0	36	18	3	7	4	7	164.35	0		34.337354
3	20	3	0	35	18	10	9	3	7	138.01	0		47.680965
3	29	9	0	22	23	12	8	2	6	38.22	0		13.217510
3	30	9	0	22	23	18	8	2	6	38.22	0		13.217510
3	31	9	0	22	23	24	8	2	6	38.22	0		13.217510
3	26	7	0	18	18	16	14	5	8	215.30	1		9.037166
3	27	7	0	43	0	0	14	5	8	215.30	1		9.037166
3	25	6	0	18	17	24	7	4	4	37.22	1		9.077982


