Name:				024_n020_m200_bt10_2245
Problem:			3L-VRPTW
Number_of_used_Vehicles:	1
Total_Travel_Distance:		207.24
Calculation_Time:		8.51
Total_Iterations:		1
ConstraintSet:			P1

-------------------------------------------------------------------------------------------------------------------
Tour_Id:			1
No_of_Customers:		8
No_of_Items:			85
Customer_Sequence:		15 5 8 14 7 2 16 6 

CustId	Id	TypeId	Rotated	x	y	z	Length	Width	Height	mass	Fragility	LoadBearingStrength
6	55	8	0	0	0	0	16	5	6	146.23	0		5.864389
6	56	8	0	0	5	0	16	5	6	146.23	0		5.864389
6	47	1	0	0	10	0	17	4	6	45.56	0		2.066560
6	48	1	0	0	14	0	17	4	6	45.56	0		2.066560
6	51	3	0	0	18	0	15	3	6	42.88	0		6.729354
6	52	4	0	0	0	6	6	6	7	43.15	0		3.824431
6	53	7	0	0	21	0	14	3	3	19.77	0		8.333952
6	54	7	0	0	21	3	14	3	3	19.77	0		8.333952
6	57	10	0	0	6	6	15	2	4	15.89	0		3.759821
6	49	2	0	0	8	6	7	6	4	95.38	1		4.007928
6	50	2	0	0	14	6	7	6	4	95.38	1		4.007928
16	155	8	1	7	8	6	16	5	6	146.23	0		5.864389
16	148	1	0	14	21	0	17	4	6	45.56	0		2.066560
16	150	3	1	7	8	12	15	3	6	42.88	0		6.729354
16	151	3	1	7	8	18	15	3	6	42.88	0		6.729354
16	156	9	0	6	0	6	9	5	4	33.75	0		2.587540
16	157	9	0	6	0	10	9	5	4	33.75	0		2.587540
16	152	7	1	7	8	24	14	3	3	19.77	0		8.333952
16	153	7	1	7	8	27	14	3	3	19.77	0		8.333952
16	154	7	1	12	8	6	14	3	3	19.77	0		8.333952
16	158	10	0	0	6	10	15	2	4	15.89	0		3.759821
16	159	10	0	0	6	14	15	2	4	15.89	0		3.759821
16	149	2	0	0	8	10	7	6	4	95.38	1		4.007928
2	15	8	0	16	0	0	16	5	6	146.23	0		5.864389
2	16	8	0	15	0	6	16	5	6	146.23	0		5.864389
2	10	3	0	12	22	6	15	3	6	42.88	0		6.729354
2	17	9	0	6	0	14	9	5	4	33.75	0		2.587540
2	18	9	0	6	0	18	9	5	4	33.75	0		2.587540
2	19	9	0	6	0	22	9	5	4	33.75	0		2.587540
2	11	5	0	0	6	18	15	2	4	28.11	0		4.010253
2	12	5	0	0	6	22	15	2	4	28.11	0		4.010253
2	13	5	0	0	6	26	15	2	4	28.11	0		4.010253
2	20	10	0	7	23	12	15	2	4	15.89	0		3.759821
2	14	6	0	15	0	12	13	6	6	153.36	1		1.660400
7	58	1	0	16	6	0	17	4	6	45.56	0		2.066560
7	59	1	0	15	6	6	17	4	6	45.56	0		2.066560
7	60	1	0	15	6	12	17	4	6	45.56	0		2.066560
7	63	3	0	15	18	0	15	3	6	42.88	0		6.729354
7	64	4	0	17	10	0	6	6	7	43.15	0		3.824431
7	65	4	0	17	10	7	6	6	7	43.15	0		3.824431
7	67	9	0	6	0	26	9	5	4	33.75	0		2.587540
7	68	9	0	15	6	18	9	5	4	33.75	0		2.587540
7	66	6	0	15	0	18	13	6	6	153.36	1		1.660400
7	61	2	0	15	6	22	7	6	4	95.38	1		4.007928
7	62	2	0	15	0	24	7	6	4	95.38	1		4.007928
14	134	8	0	32	0	0	16	5	6	146.23	0		5.864389
14	135	8	0	31	0	6	16	5	6	146.23	0		5.864389
14	128	1	0	15	18	6	17	4	6	45.56	0		2.066560
14	130	3	0	10	18	12	15	3	6	42.88	0		6.729354
14	131	4	0	24	10	0	6	6	7	43.15	0		3.824431
14	136	9	0	28	0	12	9	5	4	33.75	0		2.587540
14	133	7	0	10	18	18	14	3	3	19.77	0		8.333952
14	137	10	0	7	23	16	15	2	4	15.89	0		3.759821
14	132	6	0	30	10	0	13	6	6	153.36	1		1.660400
14	129	2	0	15	6	26	7	6	4	95.38	1		4.007928
8	77	8	0	32	16	0	16	5	6	146.23	0		5.864389
8	69	1	0	32	21	0	17	4	6	45.56	0		2.066560
8	70	4	0	24	10	7	6	6	7	43.15	0		3.824431
8	71	4	0	24	10	14	6	6	7	43.15	0		3.824431
8	72	4	0	24	10	21	6	6	7	43.15	0		3.824431
8	73	4	0	25	18	12	6	6	7	43.15	0		3.824431
8	76	7	0	10	18	21	14	3	3	19.77	0		8.333952
8	74	5	0	7	23	20	15	2	4	28.11	0		4.010253
8	75	6	0	30	10	6	13	6	6	153.36	1		1.660400
5	43	8	0	32	16	6	16	5	6	146.23	0		5.864389
5	44	8	0	31	16	12	16	5	6	146.23	0		5.864389
5	45	8	0	31	16	18	16	5	6	146.23	0		5.864389
5	36	1	0	31	16	24	17	4	6	45.56	0		2.066560
5	37	4	0	24	18	19	6	6	7	43.15	0		3.824431
5	38	4	0	28	0	16	6	6	7	43.15	0		3.824431
5	39	4	0	28	0	23	6	6	7	43.15	0		3.824431
5	40	4	0	37	0	12	6	6	7	43.15	0		3.824431
5	46	9	0	33	5	0	9	5	4	33.75	0		2.587540
5	41	7	0	10	18	24	14	3	3	19.77	0		8.333952
5	42	7	0	10	18	27	14	3	3	19.77	0		8.333952
15	138	1	0	32	21	6	17	4	6	45.56	0		2.066560
15	142	3	0	31	21	12	15	3	6	42.88	0		6.729354
15	143	4	0	37	0	19	6	6	7	43.15	0		3.824431
15	147	9	0	43	5	0	9	5	4	33.75	0		2.587540
15	144	5	0	31	21	18	15	2	4	28.11	0		4.010253
15	145	5	0	30	21	22	15	2	4	28.11	0		4.010253
15	146	6	0	30	10	12	13	6	6	153.36	1		1.660400
15	139	2	0	30	10	18	7	6	4	95.38	1		4.007928
15	140	2	0	30	10	22	7	6	4	95.38	1		4.007928
15	141	2	0	30	10	26	7	6	4	95.38	1		4.007928


