Name:				045_n020_m200_bt100_4231
Problem:			3L-VRPTW
Number_of_used_Vehicles:	1
Total_Travel_Distance:		184.05
Calculation_Time:		17.86
Total_Iterations:		1
ConstraintSet:			P1

-------------------------------------------------------------------------------------------------------------------
Tour_Id:			1
No_of_Customers:		6
No_of_Items:			71
Customer_Sequence:		20 14 5 4 1 10 

CustId	Id	TypeId	Rotated	x	y	z	Length	Width	Height	mass	Fragility	LoadBearingStrength
10	94	73	0	0	0	0	16	5	8	108.55	0		31.786440
10	98	87	0	0	5	0	10	6	8	146.93	0		10.375450
10	100	92	0	0	11	0	12	6	6	74.68	0		14.436108
10	88	21	0	0	17	0	15	7	4	46.69	0		5.922336
10	91	50	0	0	17	4	17	5	4	46.68	0		6.688732
10	90	24	0	0	11	6	11	4	7	55.07	0		10.684032
10	92	67	0	0	0	8	14	3	7	80	0		9.327034
10	87	18	0	0	3	8	9	4	7	59.48	0		39.221021
10	86	7	0	0	17	8	6	5	8	26.15	0		3.509058
10	96	76	0	0	7	8	11	3	7	50.08	0		20.775767
10	95	74	0	0	22	4	10	2	6	24.48	0		6.227441
10	93	70	0	0	10	13	9	4	3	31.45	0		17.864316
10	97	80	0	0	0	15	8	3	4	31.69	0		18.496523
10	89	23	0	0	3	15	11	6	5	44.89	1		1.202644
10	99	88	0	0	3	20	10	5	3	38.08	1		13.220263
1	1	26	0	11	5	0	17	4	5	35.31	0		8.478735
1	3	63	0	6	17	8	10	5	4	24.40	0		5.166070
1	5	78	0	11	5	5	15	3	4	52.38	0		31.189351
1	2	28	0	0	9	16	9	4	3	105.74	0		284.992454
1	6	83	0	0	9	19	11	3	3	15.36	0		15.732197
1	4	71	0	12	9	0	17	4	6	272.73	1		6.453011
1	8	91	0	17	13	0	17	7	3	54.11	1		11.816766
1	9	91	0	17	13	3	17	7	3	54.11	1		11.816766
1	7	88	0	0	3	23	10	5	3	38.08	1		13.220263
4	38	95	0	28	0	0	16	7	8	235.42	0		5.723662
4	30	10	0	26	0	8	16	6	8	94.17	0		6.682194
4	37	82	0	26	0	16	17	7	6	237.67	0		45.463106
4	35	48	0	26	0	22	16	6	6	134.37	0		8.323322
4	31	11	0	0	9	22	13	3	7	52.96	0		8.656656
4	36	72	0	0	0	19	9	3	7	44.45	0		8.044824
4	34	42	0	6	17	12	7	6	4	55.94	0		5.992753
4	39	97	0	0	17	16	8	3	6	24.77	0		6.296544
4	32	38	0	0	15	6	13	2	4	27.85	0		4.163178
4	33	39	0	0	17	22	6	4	3	20.57	0		8.824099
5	46	73	0	17	20	0	16	5	8	108.55	0		31.786440
5	47	73	0	16	20	8	16	5	8	108.55	0		31.786440
5	43	51	0	16	20	16	14	4	8	107.62	0		10.191390
5	44	57	0	13	8	6	11	6	7	60.76	1		2.057460
5	49	97	1	8	17	16	8	3	6	24.77	0		6.296544
5	45	64	0	0	17	25	8	3	5	13.27	0		4.995495
5	41	39	0	6	17	22	6	4	3	20.57	0		8.824099
5	48	93	0	29	7	0	15	6	6	379.30	1		7.922301
5	42	45	0	12	20	24	16	3	6	97.52	0		6.705158
5	40	22	0	13	7	13	8	5	7	67.65	1		2.357129
14	129	32	0	34	13	0	15	7	6	195.24	0		8.014778
14	128	27	0	33	20	0	17	4	8	107.12	0		4.514682
14	126	20	0	34	13	6	10	6	7	101.73	0		22.000898
14	132	44	0	32	20	8	15	3	8	49.26	0		5.655215
14	135	68	0	34	13	13	7	6	7	64.12	0		33.587458
14	131	43	0	30	19	16	10	4	5	21.13	0		5.382660
14	134	61	0	30	19	21	9	5	4	51.80	0		9.324249
14	130	35	0	0	15	10	17	2	5	18.90	0		8.512950
14	136	74	0	0	15	15	10	2	6	24.48	0		6.227441
14	133	54	0	0	15	21	10	2	3	10.22	0		36.409245
14	137	81	0	24	8	6	15	5	7	380.78	1		46.695650
14	127	23	0	21	7	13	11	6	5	44.89	1		1.202644
14	138	99	0	17	14	6	16	3	6	73.01	1		2.467457
20	189	10	0	44	0	0	16	6	8	94.17	0		6.682194
20	199	90	0	43	0	8	17	5	7	120.75	0		7.331291
20	200	96	0	44	6	0	14	7	6	171.92	0		28.354580
20	192	27	0	43	0	15	17	4	8	107.12	0		4.514682
20	188	8	0	42	0	23	15	3	7	54.26	0		3.141727
20	191	24	0	44	6	6	11	4	7	55.07	0		10.684032
20	196	67	0	41	7	13	14	3	7	80	0		9.327034
20	197	68	0	34	13	20	7	6	7	64.12	0		33.587458
20	187	7	0	44	10	6	6	5	8	26.15	0		3.509058
20	195	59	0	41	7	20	14	4	3	19.78	0		22.442143
20	193	53	0	41	7	23	13	3	4	34.86	0		22.345379
20	198	80	0	28	19	25	8	3	4	31.69	0		18.496523
20	194	57	0	21	7	18	11	6	7	60.76	1		2.057460
20	190	16	0	21	7	25	13	6	4	67.48	1		1.732606


