Name:				049_n020_m200_bt3_4709
Problem:			3L-VRPTW
Number_of_used_Vehicles:	1
Total_Travel_Distance:		192.57
Calculation_Time:		23.29
Total_Iterations:		1
ConstraintSet:			P1

-------------------------------------------------------------------------------------------------------------------
Tour_Id:			1
No_of_Customers:		6
No_of_Items:			68
Customer_Sequence:		7 15 5 12 11 10 

CustId	Id	TypeId	Rotated	x	y	z	Length	Width	Height	mass	Fragility	LoadBearingStrength
10	85	1	0	0	0	0	14	3	4	61.89	0		8.716482
12	114	2	0	0	3	0	9	4	3	33.84	0		10.042675
10	87	2	0	0	7	0	9	4	3	33.84	0		10.042675
10	88	2	0	0	11	0	9	4	3	33.84	0		10.042675
10	89	2	0	0	15	0	9	4	3	33.84	0		10.042675
10	90	3	0	0	19	0	17	5	8	406.28	1		6.051330
10	91	3	0	0	19	8	17	5	8	406.28	1		6.051330
10	92	3	0	0	19	16	17	5	8	406.28	1		6.051330
10	93	3	0	9	7	0	17	5	8	406.28	1		6.051330
10	94	3	0	9	12	0	17	5	8	406.28	1		6.051330
10	95	3	0	9	7	8	17	5	8	406.28	1		6.051330
11	96	1	0	0	0	4	14	3	4	61.89	0		8.716482
11	97	1	0	0	0	8	14	3	4	61.89	0		8.716482
5	36	1	0	0	0	12	14	3	4	61.89	0		8.716482
11	99	2	0	17	17	0	9	4	3	33.84	0		10.042675
11	100	2	0	17	21	0	9	4	3	33.84	0		10.042675
11	101	2	0	17	17	3	9	4	3	33.84	0		10.042675
11	102	2	0	17	21	3	9	4	3	33.84	0		10.042675
11	103	2	0	17	17	6	9	4	3	33.84	0		10.042675
11	104	3	0	9	12	8	17	5	8	406.28	1		6.051330
11	105	3	0	9	7	16	17	5	8	406.28	1		6.051330
11	106	3	0	9	12	16	17	5	8	406.28	1		6.051330
11	107	3	0	26	7	0	17	5	8	406.28	1		6.051330
12	108	1	0	9	3	0	14	3	4	61.89	0		8.716482
12	109	2	0	0	3	3	9	4	3	33.84	0		10.042675
12	110	2	0	0	3	6	9	4	3	33.84	0		10.042675
12	111	2	0	0	3	9	9	4	3	33.84	0		10.042675
12	112	2	0	0	3	12	9	4	3	33.84	0		10.042675
5	37	1	0	0	0	16	14	3	4	61.89	0		8.716482
10	86	1	0	14	0	0	14	3	4	61.89	0		8.716482
12	115	3	0	26	12	0	17	5	8	406.28	1		6.051330
12	116	3	0	26	17	0	17	5	8	406.28	1		6.051330
12	117	3	0	26	7	8	17	5	8	406.28	1		6.051330
12	118	3	0	26	12	8	17	5	8	406.28	1		6.051330
5	35	1	0	0	0	20	14	3	4	61.89	0		8.716482
7	61	3	0	26	17	8	17	5	8	406.28	1		6.051330
12	113	2	0	0	3	15	9	4	3	33.84	0		10.042675
5	38	1	0	0	0	24	14	3	4	61.89	0		8.716482
5	39	2	0	0	3	18	9	4	3	33.84	0		10.042675
5	40	2	0	0	3	21	9	4	3	33.84	0		10.042675
5	41	3	0	26	7	16	17	5	8	406.28	1		6.051330
5	42	3	0	26	12	16	17	5	8	406.28	1		6.051330
5	43	3	0	28	0	0	17	5	8	406.28	1		6.051330
15	138	1	0	26	22	0	14	3	4	61.89	0		8.716482
15	139	1	0	26	22	4	14	3	4	61.89	0		8.716482
15	140	1	0	26	22	8	14	3	4	61.89	0		8.716482
15	141	1	0	26	22	12	14	3	4	61.89	0		8.716482
15	142	1	0	26	22	16	14	3	4	61.89	0		8.716482
15	143	2	0	0	3	24	9	4	3	33.84	0		10.042675
15	144	3	0	28	0	8	17	5	8	406.28	1		6.051330
15	145	3	0	28	0	16	17	5	8	406.28	1		6.051330
15	146	3	0	43	5	0	17	5	8	406.28	1		6.051330
15	147	3	0	43	10	0	17	5	8	406.28	1		6.051330
15	148	3	0	43	15	0	17	5	8	406.28	1		6.051330
7	53	1	0	26	22	20	14	3	4	61.89	0		8.716482
7	54	1	0	26	22	24	14	3	4	61.89	0		8.716482
7	55	1	0	40	22	0	14	3	4	61.89	0		8.716482
7	56	1	0	40	22	4	14	3	4	61.89	0		8.716482
7	57	1	0	40	22	8	14	3	4	61.89	0		8.716482
7	58	2	0	0	3	27	9	4	3	33.84	0		10.042675
7	59	2	0	17	17	9	9	4	3	33.84	0		10.042675
7	60	2	0	17	17	12	9	4	3	33.84	0		10.042675
11	98	2	0	17	21	6	9	4	3	33.84	0		10.042675
7	62	3	0	26	17	16	17	5	8	406.28	1		6.051330
7	63	3	0	43	5	8	17	5	8	406.28	1		6.051330
7	64	3	0	43	10	8	17	5	8	406.28	1		6.051330
7	65	3	0	43	15	8	17	5	8	406.28	1		6.051330
7	66	3	0	43	5	16	17	5	8	406.28	1		6.051330


