Name:				050_n020_m200_bt3_4787
Problem:			3L-VRPTW
Number_of_used_Vehicles:	1
Total_Travel_Distance:		277.59
Calculation_Time:		3.97
Total_Iterations:		1
ConstraintSet:			P1

-------------------------------------------------------------------------------------------------------------------
Tour_Id:			1
No_of_Customers:		6
No_of_Items:			66
Customer_Sequence:		10 9 6 13 5 2 

CustId	Id	TypeId	Rotated	x	y	z	Length	Width	Height	mass	Fragility	LoadBearingStrength
2	17	3	0	0	0	0	15	6	7	93.09	0		5.167659
2	18	3	0	0	6	0	15	6	7	93.09	0		5.167659
2	14	2	0	0	12	0	10	6	4	31.08	0		7.031607
2	15	2	0	0	18	0	10	6	4	31.08	0		7.031607
2	16	2	0	0	12	4	10	6	4	31.08	0		7.031607
2	9	1	0	0	18	4	9	3	8	79.83	1		9.329170
2	10	1	0	0	21	4	9	3	8	79.83	1		9.329170
2	11	1	0	0	0	7	9	3	8	79.83	1		9.329170
2	12	1	0	0	3	7	9	3	8	79.83	1		9.329170
2	13	1	0	0	6	7	9	3	8	79.83	1		9.329170
5	36	3	0	10	12	0	15	6	7	93.09	0		5.167659
5	34	2	0	0	12	8	10	6	4	31.08	0		7.031607
5	35	2	0	0	12	12	10	6	4	31.08	0		7.031607
5	30	1	0	0	9	7	9	3	8	79.83	1		9.329170
5	31	1	0	0	18	12	9	3	8	79.83	1		9.329170
5	32	1	0	0	21	12	9	3	8	79.83	1		9.329170
5	33	1	0	0	0	15	9	3	8	79.83	1		9.329170
13	127	3	0	10	18	0	15	6	7	93.09	0		5.167659
13	128	3	0	9	18	7	15	6	7	93.09	0		5.167659
13	129	3	0	9	18	14	15	6	7	93.09	0		5.167659
13	130	3	0	9	18	21	15	6	7	93.09	0		5.167659
13	119	2	0	0	12	16	10	6	4	31.08	0		7.031607
13	120	2	0	0	12	20	10	6	4	31.08	0		7.031607
13	121	2	0	0	12	24	10	6	4	31.08	0		7.031607
13	122	2	1	9	0	7	10	6	4	31.08	0		7.031607
13	123	2	1	9	0	11	10	6	4	31.08	0		7.031607
13	124	2	1	9	0	15	10	6	4	31.08	0		7.031607
13	125	2	1	9	0	19	10	6	4	31.08	0		7.031607
13	126	2	1	9	0	23	10	6	4	31.08	0		7.031607
13	116	1	0	0	3	15	9	3	8	79.83	1		9.329170
13	117	1	0	0	6	15	9	3	8	79.83	1		9.329170
13	118	1	0	0	9	15	9	3	8	79.83	1		9.329170
6	43	3	0	10	10	7	15	6	7	93.09	0		5.167659
6	44	3	0	10	10	14	15	6	7	93.09	0		5.167659
6	45	3	0	10	10	21	15	6	7	93.09	0		5.167659
6	46	3	0	15	0	0	15	6	7	93.09	0		5.167659
6	38	2	0	15	6	0	10	6	4	31.08	0		7.031607
6	39	2	0	15	0	7	10	6	4	31.08	0		7.031607
6	40	2	0	15	0	11	10	6	4	31.08	0		7.031607
6	41	2	0	15	0	15	10	6	4	31.08	0		7.031607
6	42	2	0	15	0	19	10	6	4	31.08	0		7.031607
6	37	1	0	15	6	4	9	3	8	79.83	1		9.329170
9	78	3	0	25	6	0	15	6	7	93.09	0		5.167659
9	79	3	0	25	12	0	15	6	7	93.09	0		5.167659
9	80	3	0	25	18	0	15	6	7	93.09	0		5.167659
9	74	2	0	15	0	23	10	6	4	31.08	0		7.031607
9	75	2	0	24	16	7	10	6	4	31.08	0		7.031607
9	76	2	0	24	16	11	10	6	4	31.08	0		7.031607
9	77	2	0	24	16	15	10	6	4	31.08	0		7.031607
9	69	1	0	15	6	12	9	3	8	79.83	1		9.329170
9	70	1	0	15	6	20	9	3	8	79.83	1		9.329170
9	71	1	0	24	6	7	9	3	8	79.83	1		9.329170
9	72	1	0	24	6	15	9	3	8	79.83	1		9.329170
9	73	1	0	24	16	19	9	3	8	79.83	1		9.329170
10	87	3	0	25	9	7	15	6	7	93.09	0		5.167659
10	88	3	0	25	9	14	15	6	7	93.09	0		5.167659
10	89	3	0	25	9	21	15	6	7	93.09	0		5.167659
10	90	3	0	30	0	0	15	6	7	93.09	0		5.167659
10	91	3	0	25	0	7	15	6	7	93.09	0		5.167659
10	92	3	0	25	0	14	15	6	7	93.09	0		5.167659
10	85	2	0	25	0	21	10	6	4	31.08	0		7.031607
10	86	2	0	25	0	25	10	6	4	31.08	0		7.031607
10	81	1	0	24	19	19	9	3	8	79.83	1		9.329170
10	82	1	0	33	6	7	9	3	8	79.83	1		9.329170
10	83	1	0	33	6	15	9	3	8	79.83	1		9.329170
10	84	1	1	34	15	7	9	3	8	79.83	1		9.329170


