Name:				290_n100_m200_bt3_22404
Problem:			3L-VRPTW
Number_of_used_Vehicles:	1
Total_Travel_Distance:		2632.34
Calculation_Time:		32.08
Total_Iterations:		1
ConstraintSet:			P1

-------------------------------------------------------------------------------------------------------------------
Tour_Id:			1
No_of_Customers:		65
No_of_Items:			133
Customer_Sequence:		6 40 36 35 67 28 47 18 64 16 41 62 2 3 60 31 45 21 59 19 9 20 53 13 65 30 38 17 68 63 51 23 61 1 34 44 52 26 4 25 32 22 48 39 24 54 56 66 10 46 49 12 15 55 57 11 29 14 5 27 37 7 8 33 42 

CustId	Id	TypeId	Rotated	x	y	z	Length	Width	Height	mass	Fragility	LoadBearingStrength
42	81	3	0	0	0	0	15	4	6	174.76	0		14.551836
33	65	3	0	0	4	0	15	4	6	174.76	0		14.551836
33	64	2	0	0	8	0	6	4	4	45.15	0		50.239351
8	15	3	0	0	12	0	15	4	6	174.76	0		14.551836
7	14	2	0	0	16	0	6	4	4	45.15	0		50.239351
37	73	3	0	0	20	0	15	4	6	174.76	0		14.551836
27	55	1	0	0	0	6	14	2	3	54.35	1		1.792966
5	10	3	0	0	2	6	15	4	6	174.76	0		14.551836
5	9	2	0	0	8	4	6	4	4	45.15	0		50.239351
14	29	3	0	0	12	6	15	4	6	174.76	0		14.551836
29	59	2	0	0	16	4	6	4	4	45.15	0		50.239351
29	57	1	0	0	6	6	14	2	3	54.35	1		1.792966
29	58	1	0	0	20	6	14	2	3	54.35	1		1.792966
11	22	3	0	0	2	12	15	4	6	174.76	0		14.551836
11	23	3	0	0	12	12	15	4	6	174.76	0		14.551836
11	21	2	0	0	8	8	6	4	4	45.15	0		50.239351
57	113	1	0	0	22	6	14	2	3	54.35	1		1.792966
57	114	1	0	0	0	9	14	2	3	54.35	1		1.792966
55	109	1	0	0	6	9	14	2	3	54.35	1		1.792966
15	30	3	0	0	2	18	15	4	6	174.76	0		14.551836
15	31	3	0	0	12	18	15	4	6	174.76	0		14.551836
12	25	3	0	0	2	24	15	4	6	174.76	0		14.551836
12	26	3	0	0	12	24	15	4	6	174.76	0		14.551836
12	24	2	0	0	16	8	6	4	4	45.15	0		50.239351
49	99	3	0	6	8	0	15	4	6	174.76	0		14.551836
49	98	2	0	0	8	12	6	4	4	45.15	0		50.239351
49	97	1	0	0	20	9	14	2	3	54.35	1		1.792966
46	90	3	0	6	16	0	15	4	6	174.76	0		14.551836
46	91	3	0	6	8	6	15	4	6	174.76	0		14.551836
46	89	1	0	0	22	9	14	2	3	54.35	1		1.792966
10	20	3	0	6	16	6	15	4	6	174.76	0		14.551836
10	19	1	0	0	0	12	14	2	3	54.35	1		1.792966
66	132	1	0	0	6	12	14	2	3	54.35	1		1.792966
66	133	1	0	0	16	12	14	2	3	54.35	1		1.792966
56	111	2	0	0	8	16	6	4	4	45.15	0		50.239351
56	112	2	0	0	8	20	6	4	4	45.15	0		50.239351
56	110	1	0	0	18	12	14	2	3	54.35	1		1.792966
54	108	3	0	6	8	12	15	4	6	174.76	0		14.551836
54	107	2	0	0	8	24	6	4	4	45.15	0		50.239351
54	106	1	0	0	20	12	14	2	3	54.35	1		1.792966
24	49	3	0	6	8	18	15	4	6	174.76	0		14.551836
24	48	1	0	0	22	12	14	2	3	54.35	1		1.792966
39	76	2	0	6	8	24	6	4	4	45.15	0		50.239351
48	96	3	0	15	0	0	15	4	6	174.76	0		14.551836
48	95	2	0	12	8	24	6	4	4	45.15	0		50.239351
48	94	1	0	0	0	15	14	2	3	54.35	1		1.792966
22	42	3	0	15	4	0	15	4	6	174.76	0		14.551836
22	43	3	0	15	12	0	15	4	6	174.76	0		14.551836
22	44	3	0	15	20	0	15	4	6	174.76	0		14.551836
32	63	1	0	0	6	15	14	2	3	54.35	1		1.792966
25	52	3	0	14	20	6	15	4	6	174.76	0		14.551836
25	51	2	0	14	16	12	6	4	4	45.15	0		50.239351
25	50	1	0	0	16	15	14	2	3	54.35	1		1.792966
4	7	2	0	14	20	12	6	4	4	45.15	0		50.239351
4	8	2	0	14	16	16	6	4	4	45.15	0		50.239351
26	54	3	0	15	0	6	15	4	6	174.76	0		14.551836
26	53	1	0	0	0	18	14	2	3	54.35	1		1.792966
52	103	3	0	15	4	6	15	4	6	174.76	0		14.551836
52	102	1	0	0	6	18	14	2	3	54.35	1		1.792966
44	84	2	0	14	20	16	6	4	4	45.15	0		50.239351
44	85	2	0	14	16	20	6	4	4	45.15	0		50.239351
34	66	1	0	0	0	21	14	2	3	54.35	1		1.792966
34	67	1	0	0	6	21	14	2	3	54.35	1		1.792966
34	68	1	0	0	0	24	14	2	3	54.35	1		1.792966
1	1	3	0	15	12	6	15	4	6	174.76	0		14.551836
61	123	2	0	14	20	20	6	4	4	45.15	0		50.239351
61	122	1	0	0	6	24	14	2	3	54.35	1		1.792966
23	47	3	0	15	0	12	15	4	6	174.76	0		14.551836
23	45	1	0	0	0	27	14	2	3	54.35	1		1.792966
23	46	1	0	0	6	27	14	2	3	54.35	1		1.792966
51	101	3	0	15	4	12	15	4	6	174.76	0		14.551836
63	127	2	0	14	16	24	6	4	4	45.15	0		50.239351
63	126	1	0	14	0	18	14	2	3	54.35	1		1.792966
68	136	2	0	14	20	24	6	4	4	45.15	0		50.239351
68	137	2	0	15	12	12	6	4	4	45.15	0		50.239351
68	135	1	0	14	6	18	14	2	3	54.35	1		1.792966
17	33	2	0	15	12	16	6	4	4	45.15	0		50.239351
38	75	3	0	15	2	18	15	4	6	174.76	0		14.551836
38	74	1	0	14	0	21	14	2	3	54.35	1		1.792966
30	60	2	0	15	12	20	6	4	4	45.15	0		50.239351
30	61	2	0	15	2	24	6	4	4	45.15	0		50.239351
65	131	3	0	21	8	0	15	4	6	174.76	0		14.551836
13	28	2	0	15	12	24	6	4	4	45.15	0		50.239351
13	27	1	0	14	6	21	14	2	3	54.35	1		1.792966
53	104	1	0	14	0	24	14	2	3	54.35	1		1.792966
53	105	1	0	14	6	24	14	2	3	54.35	1		1.792966
20	39	2	0	20	20	12	6	4	4	45.15	0		50.239351
20	40	2	0	20	20	16	6	4	4	45.15	0		50.239351
20	38	1	0	14	0	27	14	2	3	54.35	1		1.792966
9	18	3	0	21	16	0	15	4	6	174.76	0		14.551836
9	17	2	0	20	20	20	6	4	4	45.15	0		50.239351
9	16	1	0	14	6	27	14	2	3	54.35	1		1.792966
19	35	1	0	21	8	6	14	2	3	54.35	1		1.792966
19	36	1	0	21	10	6	14	2	3	54.35	1		1.792966
19	37	1	0	21	16	6	14	2	3	54.35	1		1.792966
59	118	3	0	30	0	0	15	4	6	174.76	0		14.551836
59	117	2	0	20	20	24	6	4	4	45.15	0		50.239351
59	116	1	0	21	18	6	14	2	3	54.35	1		1.792966
21	41	2	0	21	12	12	6	4	4	45.15	0		50.239351
45	87	2	0	21	12	16	6	4	4	45.15	0		50.239351
45	88	2	0	21	12	20	6	4	4	45.15	0		50.239351
45	86	1	0	21	8	9	14	2	3	54.35	1		1.792966
31	62	2	0	21	2	24	6	4	4	45.15	0		50.239351
60	120	2	0	21	12	24	6	4	4	45.15	0		50.239351
60	121	2	0	30	4	0	6	4	4	45.15	0		50.239351
60	119	1	0	21	10	9	14	2	3	54.35	1		1.792966
3	5	1	0	21	16	9	14	2	3	54.35	1		1.792966
3	6	1	0	20	16	12	14	2	3	54.35	1		1.792966
2	4	3	0	30	12	0	15	4	6	174.76	0		14.551836
2	3	2	0	30	20	0	6	4	4	45.15	0		50.239351
2	2	1	0	20	16	15	14	2	3	54.35	1		1.792966
62	125	3	0	30	0	6	15	4	6	174.76	0		14.551836
62	124	1	0	20	16	18	14	2	3	54.35	1		1.792966
41	79	2	0	30	4	4	6	4	4	45.15	0		50.239351
41	80	2	0	30	20	4	6	4	4	45.15	0		50.239351
16	32	2	0	30	12	6	6	4	4	45.15	0		50.239351
64	129	3	0	30	0	12	15	4	6	174.76	0		14.551836
64	130	3	0	30	0	18	15	4	6	174.76	0		14.551836
64	128	2	0	27	2	24	6	4	4	45.15	0		50.239351
18	34	1	0	20	16	21	14	2	3	54.35	1		1.792966
47	93	3	0	33	0	24	15	4	6	174.76	0		14.551836
47	92	2	0	29	20	8	6	4	4	45.15	0		50.239351
28	56	3	0	36	4	0	15	4	6	174.76	0		14.551836
67	134	2	0	26	20	12	6	4	4	45.15	0		50.239351
35	69	2	0	26	20	16	6	4	4	45.15	0		50.239351
35	70	2	0	26	20	20	6	4	4	45.15	0		50.239351
36	72	3	0	36	8	0	15	4	6	174.76	0		14.551836
36	71	1	0	20	16	24	14	2	3	54.35	1		1.792966
40	77	2	0	26	20	24	6	4	4	45.15	0		50.239351
40	78	2	0	30	12	10	6	4	4	45.15	0		50.239351
6	13	2	0	30	12	14	6	4	4	45.15	0		50.239351
6	11	1	0	20	16	27	14	2	3	54.35	1		1.792966
6	12	1	0	21	18	9	14	2	3	54.35	1		1.792966


