Name:				313_n020_m400_bt100_24507
Problem:			3L-VRPTW
Number_of_used_Vehicles:	1
Total_Travel_Distance:		113.37
Calculation_Time:		14.17
Total_Iterations:		1
ConstraintSet:			P1

-------------------------------------------------------------------------------------------------------------------
Tour_Id:			1
No_of_Customers:		4
No_of_Items:			84
Customer_Sequence:		2 3 12 1 

CustId	Id	TypeId	Rotated	x	y	z	Length	Width	Height	mass	Fragility	LoadBearingStrength
1	5	31	0	0	0	0	17	7	8	70.13	0		1.646309
1	8	44	0	0	7	0	16	5	7	49.90	0		1.946368
1	11	56	0	0	12	0	17	5	5	48.65	0		20.065738
1	16	73	0	0	17	0	11	5	6	28.98	0		4.510876
1	12	59	0	0	12	5	8	5	7	17.18	0		5.867255
1	6	33	0	0	17	6	7	6	6	22.19	0		2.777600
1	14	63	0	0	22	0	17	3	4	10.21	0		3.098329
1	13	60	0	0	7	7	6	4	8	21.34	0		4.260449
1	3	7	0	0	23	4	11	2	5	5.62	0		13.635231
1	1	5	0	0	0	8	12	3	3	6.44	0		2.142439
1	2	6	0	0	3	8	8	4	3	13.77	0		3.418556
1	4	21	0	0	0	11	8	3	4	5.84	0		9.372482
1	19	85	0	0	3	11	6	4	3	10.12	0		22.696457
1	20	86	0	0	23	9	9	2	3	6.22	0		7.596817
1	21	86	0	0	12	12	9	2	3	6.22	0		7.596817
1	18	77	0	0	14	12	6	3	3	6.22	0		15.532618
1	17	76	0	11	17	0	14	4	8	22.53	1		2.453926
1	9	51	0	6	7	7	13	4	8	20.17	1		1.284869
1	7	41	0	0	7	15	14	6	4	18.86	1		0.566318
1	15	67	0	0	17	12	9	6	6	20.43	1		1.729440
1	10	54	0	0	17	18	7	6	7	29.09	1		1.650246
12	232	68	0	17	0	0	16	7	6	73.09	0		14.955792
12	237	81	0	17	0	6	15	6	5	48.90	0		5.386906
12	242	98	0	17	0	11	11	6	6	20.84	0		10.327924
12	229	42	0	17	11	0	9	5	8	26.41	0		4.935928
12	223	18	0	19	7	0	17	4	5	22.52	0		7.176639
12	243	99	0	17	11	8	11	5	6	30.63	0		2.477016
12	224	19	0	25	16	0	15	7	3	15.50	0		0.970768
12	222	15	0	17	11	14	9	6	5	17.12	0		5.099471
12	241	97	0	0	0	15	10	3	8	24.71	0		3.235539
12	236	79	0	17	0	17	14	2	8	15.57	0		1.528031
12	230	45	0	0	3	14	8	4	7	14.67	0		3.685154
12	231	61	0	0	3	21	7	5	6	23.24	0		3.994613
12	240	88	0	17	2	17	13	2	8	29.48	0		6.115324
12	233	69	0	0	13	15	7	4	7	22.97	0		6.107041
12	234	72	1	12	0	8	7	5	4	12.19	0		3.145604
12	228	40	0	0	0	23	11	3	4	6.38	0		2.333439
12	227	25	0	11	0	12	6	5	4	16	0		4.546553
12	226	25	0	10	0	16	6	5	4	16	0		4.546553
12	225	21	0	0	13	22	8	3	4	5.84	0		9.372482
12	238	86	0	0	23	12	9	2	3	6.22	0		7.596817
12	239	87	0	0	8	19	16	4	6	29.91	1		1.423676
12	235	74	0	9	17	8	9	3	8	29.32	1		1.106982
3	58	68	0	33	0	0	16	7	6	73.09	0		14.955792
3	55	55	0	28	11	0	15	5	6	33.83	0		12.188645
3	47	19	0	32	0	6	15	7	3	15.50	0		0.970768
3	53	33	0	16	11	19	7	6	6	22.19	0		2.777600
3	45	9	0	28	11	6	7	5	7	15.48	0		6.243891
3	43	3	0	26	16	3	15	5	3	27.21	0		5.271222
3	57	63	0	16	0	25	17	3	4	10.21	0		3.098329
3	56	63	0	19	7	5	17	3	4	10.21	0		3.098329
3	46	14	0	19	7	9	16	2	5	19.87	0		5.220092
3	50	30	0	16	11	25	8	5	4	9.66	0		1.802924
3	60	71	0	0	0	27	7	5	3	7.02	0		2.488960
3	44	6	0	0	13	26	8	4	3	13.77	0		3.418556
3	62	92	0	0	5	27	6	3	3	5.40	0		14.700517
3	54	38	0	26	16	6	10	6	6	37.56	1		2.140672
3	52	32	0	26	16	12	11	4	7	17.96	1		1.459583
3	51	32	0	23	16	19	11	4	7	17.96	1		1.459583
3	59	70	0	0	8	25	9	5	5	26.87	1		1.572541
3	49	23	0	9	17	16	9	4	6	21.72	1		0.863269
3	48	23	0	7	17	22	9	4	6	21.72	1		0.863269
3	61	90	0	32	0	9	17	3	4	12.68	1		0.495568
2	24	31	0	41	16	0	17	7	8	70.13	0		1.646309
2	31	64	0	35	3	9	11	5	7	47.94	0		11.992106
2	22	4	0	37	16	8	17	7	3	38.22	0		4.659474
2	26	37	0	35	11	6	10	4	8	21.34	0		6.441261
2	37	75	0	35	11	14	11	4	7	42.34	0		30.181308
2	27	46	0	37	15	11	14	7	3	23.25	0		3.939643
2	23	13	0	37	15	14	7	7	6	19.03	0		8.636223
2	32	65	0	43	7	0	16	5	3	30.54	0		5.903491
2	33	65	0	43	7	3	16	5	3	30.54	0		5.903491
2	39	79	0	16	4	17	14	2	8	15.57	0		1.528031
2	40	88	0	19	7	14	13	2	8	29.48	0		6.115324
2	30	63	0	16	3	25	17	3	4	10.21	0		3.098329
2	35	69	0	28	11	13	7	4	7	22.97	0		6.107041
2	36	72	0	28	11	20	7	5	4	12.19	0		3.145604
2	42	92	0	11	22	4	6	3	3	5.40	0		14.700517
2	38	76	0	35	3	16	14	4	8	22.53	1		2.453926
2	28	49	0	35	11	21	14	4	7	19.16	1		0.427201
2	34	67	0	35	15	20	9	6	6	20.43	1		1.729440
2	25	32	0	45	8	6	11	4	7	17.96	1		1.459583
2	29	54	0	44	15	14	7	6	7	29.09	1		1.650246
2	41	90	0	23	16	26	17	3	4	12.68	1		0.495568


