Name:				321_n020_m400_bt10_25399
Problem:			3L-VRPTW
Number_of_used_Vehicles:	1
Total_Travel_Distance:		154.84
Calculation_Time:		4.32
Total_Iterations:		1
ConstraintSet:			P1

-------------------------------------------------------------------------------------------------------------------
Tour_Id:			1
No_of_Customers:		3
No_of_Items:			64
Customer_Sequence:		1 2 5 

CustId	Id	TypeId	Rotated	x	y	z	Length	Width	Height	mass	Fragility	LoadBearingStrength
5	84	2	0	0	0	0	16	7	8	98.64	0		9.874351
5	85	2	0	0	7	0	16	7	8	98.64	0		9.874351
5	86	2	0	0	14	0	16	7	8	98.64	0		9.874351
5	96	8	0	0	0	8	10	5	7	43.04	0		3.398651
5	95	8	0	0	5	8	10	5	7	43.04	0		3.398651
5	93	6	0	0	21	0	11	4	7	38.82	0		4.681858
5	91	6	0	0	21	7	11	4	7	38.82	0		4.681858
5	92	6	0	0	10	8	11	4	7	38.82	0		4.681858
5	89	5	0	0	14	8	10	6	5	32.44	0		13.767275
5	90	5	0	0	14	13	10	6	5	32.44	0		13.767275
5	101	10	0	0	20	14	10	4	6	42.10	0		4.910823
5	100	10	0	0	0	15	10	4	6	42.10	0		4.910823
5	88	4	0	0	4	15	10	5	4	20.03	0		10.906988
5	94	7	0	0	9	15	7	2	8	21.35	0		16.824741
5	83	1	0	0	14	18	7	4	3	11.03	0		2.473601
5	82	1	0	0	4	19	7	4	3	11.03	0		2.473601
5	81	1	0	0	20	20	7	4	3	11.03	0		2.473601
5	87	3	0	16	0	0	16	6	8	74.44	1		0.981683
5	97	9	0	0	11	15	11	3	8	42.72	1		4.036976
5	98	9	0	0	0	21	11	3	8	42.72	1		4.036976
5	99	9	0	10	0	8	11	3	8	42.72	1		4.036976
2	24	2	0	16	6	0	16	7	8	98.64	0		9.874351
2	36	8	0	11	6	8	10	5	7	43.04	0		3.398651
2	35	8	1	11	11	8	10	5	7	43.04	0		3.398651
2	32	6	0	11	21	0	11	4	7	38.82	0		4.681858
2	31	5	0	11	6	15	10	6	5	32.44	0		13.767275
2	43	10	0	11	21	7	10	4	6	42.10	0		4.910823
2	42	10	0	11	21	13	10	4	6	42.10	0		4.910823
2	41	10	0	10	21	19	10	4	6	42.10	0		4.910823
2	30	4	0	11	6	20	10	5	4	20.03	0		10.906988
2	29	4	0	11	6	24	10	5	4	20.03	0		10.906988
2	33	7	0	0	18	18	7	2	8	21.35	0		16.824741
2	34	7	0	0	14	21	7	2	8	21.35	0		16.824741
2	23	1	0	0	3	22	7	4	3	11.03	0		2.473601
2	28	3	0	16	13	0	16	6	8	74.44	1		0.981683
2	27	3	0	16	12	8	16	6	8	74.44	1		0.981683
2	26	3	0	16	12	16	16	6	8	74.44	1		0.981683
2	25	3	0	32	0	0	16	6	8	74.44	1		0.981683
2	37	9	0	10	3	8	11	3	8	42.72	1		4.036976
2	38	9	0	10	3	16	11	3	8	42.72	1		4.036976
2	39	9	0	11	0	16	11	3	8	42.72	1		4.036976
2	40	9	0	21	0	8	11	3	8	42.72	1		4.036976
1	3	2	0	32	6	0	16	7	8	98.64	0		9.874351
1	4	2	0	32	13	0	16	7	8	98.64	0		9.874351
1	5	2	0	32	6	8	16	7	8	98.64	0		9.874351
1	6	2	0	32	13	8	16	7	8	98.64	0		9.874351
1	20	8	0	21	6	8	10	5	7	43.04	0		3.398651
1	19	8	0	21	6	15	10	5	7	43.04	0		3.398651
1	15	6	0	21	6	22	11	4	7	38.82	0		4.681858
1	13	6	0	22	20	0	11	4	7	38.82	0		4.681858
1	14	6	0	21	21	7	11	4	7	38.82	0		4.681858
1	10	5	0	31	6	16	10	6	5	32.44	0		13.767275
1	11	5	0	32	12	16	10	6	5	32.44	0		13.767275
1	12	5	0	32	12	21	10	6	5	32.44	0		13.767275
1	22	10	0	21	21	14	10	4	6	42.10	0		4.910823
1	21	10	0	20	21	20	10	4	6	42.10	0		4.910823
1	9	4	0	32	6	21	10	5	4	20.03	0		10.906988
1	8	4	0	32	6	25	10	5	4	20.03	0		10.906988
1	16	7	0	32	18	16	7	2	8	21.35	0		16.824741
1	17	7	0	33	20	0	7	2	8	21.35	0		16.824741
1	18	7	0	32	20	8	7	2	8	21.35	0		16.824741
1	2	1	0	10	21	25	7	4	3	11.03	0		2.473601
1	1	1	0	20	21	26	7	4	3	11.03	0		2.473601
1	7	3	0	32	0	8	16	6	8	74.44	1		0.981683


