Name:				324_n020_m400_bt10_25757
Problem:			3L-VRPTW
Number_of_used_Vehicles:	1
Total_Travel_Distance:		178.72
Calculation_Time:		7.20
Total_Iterations:		1
ConstraintSet:			P1

-------------------------------------------------------------------------------------------------------------------
Tour_Id:			1
No_of_Customers:		4
No_of_Items:			77
Customer_Sequence:		4 1 7 3 

CustId	Id	TypeId	Rotated	x	y	z	Length	Width	Height	mass	Fragility	LoadBearingStrength
3	46	4	0	0	0	0	13	7	6	49.75	0		3.600507
3	47	4	0	0	7	0	13	7	6	49.75	0		3.600507
3	48	4	0	0	14	0	13	7	6	49.75	0		3.600507
3	49	4	0	0	0	6	13	7	6	49.75	0		3.600507
3	54	6	0	0	7	6	16	5	5	33.22	0		4.427741
3	53	6	0	0	12	6	16	5	5	33.22	0		4.427741
3	52	6	0	0	7	11	16	5	5	33.22	0		4.427741
3	51	6	0	0	12	11	16	5	5	33.22	0		4.427741
3	43	3	0	0	17	6	13	5	5	27.46	0		6.050456
3	45	3	0	0	17	11	13	5	5	27.46	0		6.050456
3	44	3	0	0	0	12	13	5	5	27.46	0		6.050456
3	42	1	0	0	22	0	12	3	7	22.03	0		1.237398
3	50	5	0	0	7	16	8	5	5	18.09	0		10.028748
3	55	7	0	0	12	16	7	5	5	21.84	0		4.863515
3	56	7	0	0	17	16	7	5	5	21.84	0		4.863515
3	60	10	0	0	22	7	6	2	4	8.23	0		5.428621
3	61	10	0	0	22	11	6	2	4	8.23	0		5.428621
3	57	8	0	0	0	17	14	6	8	75.87	1		1.758874
3	58	9	1	0	6	21	17	3	5	40.78	1		1.363845
3	59	9	0	0	0	25	17	3	5	40.78	1		1.363845
7	122	4	1	8	6	16	13	7	6	49.75	0		3.600507
7	123	4	1	8	6	22	13	7	6	49.75	0		3.600507
7	119	2	1	3	6	21	13	4	8	60.17	0		9.041591
7	125	6	0	13	17	0	16	5	5	33.22	0		4.427741
7	126	6	0	13	17	5	16	5	5	33.22	0		4.427741
7	120	3	0	13	17	10	13	5	5	27.46	0		6.050456
7	121	3	0	16	3	0	13	5	5	27.46	0		6.050456
7	124	5	0	16	8	0	8	5	5	18.09	0		10.028748
7	127	7	0	16	3	5	7	5	5	21.84	0		4.863515
7	128	7	0	16	8	5	7	5	5	21.84	0		4.863515
7	129	7	0	16	3	10	7	5	5	21.84	0		4.863515
7	132	10	0	6	22	7	6	2	4	8.23	0		5.428621
7	133	10	0	6	22	11	6	2	4	8.23	0		5.428621
7	134	10	0	3	22	15	6	2	4	8.23	0		5.428621
7	130	9	0	0	3	25	17	3	5	40.78	1		1.363845
7	131	9	0	12	22	0	17	3	5	40.78	1		1.363845
1	9	4	0	24	8	0	13	7	6	49.75	0		3.600507
1	5	2	0	23	8	6	13	4	8	60.17	0		9.041591
1	10	6	0	29	0	0	16	5	5	33.22	0		4.427741
1	11	6	0	23	0	5	16	5	5	33.22	0		4.427741
1	6	3	0	23	0	10	13	5	5	27.46	0		6.050456
1	7	3	0	23	8	14	13	5	5	27.46	0		6.050456
1	8	3	0	23	0	15	13	5	5	27.46	0		6.050456
1	2	1	0	23	12	6	12	3	7	22.03	0		1.237398
1	3	1	0	23	8	19	12	3	7	22.03	0		1.237398
1	4	1	0	23	0	20	12	3	7	22.03	0		1.237398
1	1	1	0	29	5	0	12	3	7	22.03	0		1.237398
1	13	7	0	16	8	10	7	5	5	21.84	0		4.863515
1	12	7	0	16	6	15	7	5	5	21.84	0		4.863515
1	17	10	0	3	22	19	6	2	4	8.23	0		5.428621
1	18	10	0	3	22	23	6	2	4	8.23	0		5.428621
1	19	10	0	7	19	16	6	2	4	8.23	0		5.428621
1	20	10	0	7	19	20	6	2	4	8.23	0		5.428621
1	21	10	0	7	19	24	6	2	4	8.23	0		5.428621
1	22	10	0	13	19	15	6	2	4	8.23	0		5.428621
1	23	10	0	13	19	19	6	2	4	8.23	0		5.428621
1	24	10	0	13	19	23	6	2	4	8.23	0		5.428621
1	14	8	0	29	15	0	14	6	8	75.87	1		1.758874
1	15	8	0	29	15	8	14	6	8	75.87	1		1.758874
1	16	9	0	12	22	5	17	3	5	40.78	1		1.363845
4	64	2	0	29	21	0	13	4	8	60.17	0		9.041591
4	65	2	0	29	21	8	13	4	8	60.17	0		9.041591
4	66	2	0	29	21	16	13	4	8	60.17	0		9.041591
4	67	2	0	37	8	0	13	4	8	60.17	0		9.041591
4	68	3	0	37	8	8	13	5	5	27.46	0		6.050456
4	69	3	0	36	8	13	13	5	5	27.46	0		6.050456
4	63	1	0	29	5	7	12	3	7	22.03	0		1.237398
4	62	1	0	29	5	14	12	3	7	22.03	0		1.237398
4	70	5	0	36	8	18	8	5	5	18.09	0		10.028748
4	71	5	0	35	8	23	8	5	5	18.09	0		10.028748
4	72	7	0	39	0	5	7	5	5	21.84	0		4.863515
4	77	10	0	15	6	20	6	2	4	8.23	0		5.428621
4	78	10	0	15	6	24	6	2	4	8.23	0		5.428621
4	73	8	0	29	15	16	14	6	8	75.87	1		1.758874
4	74	8	0	43	13	0	14	6	8	75.87	1		1.758874
4	75	9	0	12	22	10	17	3	5	40.78	1		1.363845
4	76	9	0	9	22	15	17	3	5	40.78	1		1.363845


