Name:				327_n020_m400_bt100_26045
Problem:			3L-VRPTW
Number_of_used_Vehicles:	1
Total_Travel_Distance:		89.84
Calculation_Time:		9.98
Total_Iterations:		1
ConstraintSet:			P1

-------------------------------------------------------------------------------------------------------------------
Tour_Id:			1
No_of_Customers:		4
No_of_Items:			85
Customer_Sequence:		10 6 9 12 

CustId	Id	TypeId	Rotated	x	y	z	Length	Width	Height	mass	Fragility	LoadBearingStrength
12	225	82	0	0	0	0	15	5	6	68.59	0		5.839612
12	233	100	0	0	5	0	11	5	7	35.17	0		3.663786
12	224	70	0	0	10	0	15	6	4	58.66	0		4.810667
12	216	20	0	0	16	0	15	3	7	33.38	0		4.022181
12	215	16	0	0	19	0	13	6	4	32.95	0		3.983380
12	218	48	0	0	10	4	14	5	4	42.68	0		4.566482
12	219	49	0	0	19	4	13	4	5	22.30	0		2.489044
12	217	39	0	0	0	6	17	3	5	37.14	0		2.865097
12	226	84	0	0	5	7	6	5	8	40.85	0		6.444330
12	232	95	0	0	16	7	13	3	6	40.42	0		3.498392
12	222	56	0	0	23	4	15	2	7	36.37	0		18.225274
12	229	90	0	0	10	8	8	6	4	21.44	0		2.797484
12	212	9	0	0	19	9	8	3	8	26.83	0		7.331028
12	211	3	0	0	3	6	13	2	6	12.04	0		3.299237
12	214	15	0	0	0	11	16	3	3	13.78	0		4.094613
12	223	63	0	0	10	12	9	4	4	12.25	0		2.844895
12	230	93	0	0	23	11	6	2	7	9.65	0		6.202369
12	231	93	0	0	3	12	6	2	7	9.65	0		6.202369
12	220	53	0	0	14	12	9	2	4	10.03	0		6.105758
12	213	11	0	0	16	13	7	3	3	10.82	0		6.204146
12	228	88	0	11	5	0	15	5	7	62.55	1		6.123958
12	227	87	0	15	10	0	16	6	5	61.95	1		1.946315
12	221	54	0	0	0	14	13	3	4	12.70	1		0.627119
9	157	34	0	15	16	0	16	7	8	73.01	0		5.047887
9	154	22	0	13	16	8	13	4	8	39.32	0		1.831735
9	165	67	0	13	16	16	17	4	6	37.11	0		4.901990
9	158	35	0	13	16	22	17	4	6	50.63	0		4.003278
9	155	26	0	26	0	0	14	7	4	48.01	0		3.255179
9	161	45	0	13	20	8	16	3	8	36.61	0		2.625663
9	166	70	0	26	0	4	15	6	4	58.66	0		4.810667
9	167	77	0	0	10	16	11	6	5	34.96	0		8.685774
9	162	48	0	0	10	21	14	5	4	42.68	0		4.566482
9	160	43	0	13	20	16	13	3	6	18.66	0		3.024976
9	168	90	0	0	10	25	8	6	4	21.44	0		2.797484
9	152	9	0	0	5	15	8	3	8	26.83	0		7.331028
9	151	3	0	13	20	22	13	2	6	12.04	0		3.299237
9	159	36	0	26	0	8	12	4	3	20.16	0		4.880079
9	163	53	0	0	16	16	9	2	4	10.03	0		6.105758
9	153	11	0	0	19	17	7	3	3	10.82	0		6.204146
9	164	60	0	0	0	18	12	3	8	49.24	1		2.558092
9	156	31	0	6	5	7	10	4	5	30.56	1		3.345167
6	106	51	0	31	7	0	16	5	6	54.01	0		4.989549
6	97	2	0	31	12	0	17	5	5	35.62	0		12.212069
6	96	2	0	31	17	0	17	5	5	35.62	0		12.212069
6	99	22	0	26	0	11	13	4	8	39.32	0		1.831735
6	101	27	0	31	12	5	14	5	5	33.25	0		2.307547
6	112	77	0	31	17	5	11	6	5	34.96	0		8.685774
6	104	42	0	26	0	19	10	5	6	26.85	0		1.493583
6	105	48	0	30	16	10	14	5	4	42.68	0		4.566482
6	98	7	0	41	0	0	8	7	5	30.75	0		7.122442
6	115	89	0	30	16	14	15	3	6	29.96	0		4.945354
6	102	39	0	30	16	20	17	3	5	37.14	0		2.865097
6	113	78	0	31	7	6	12	3	7	36.27	0		3.639183
6	117	95	0	31	12	10	13	3	6	40.42	0		3.498392
6	111	74	0	30	16	25	16	3	4	23.82	0		22.578412
6	103	40	0	0	5	23	9	3	5	20.74	0		8.111722
6	116	93	0	0	8	15	6	2	7	9.65	0		6.202369
6	100	24	0	0	23	18	6	2	7	9.65	0		3.781395
6	108	57	0	14	10	5	16	6	3	40.92	1		1.123023
6	109	60	0	14	10	8	12	3	8	49.24	1		2.558092
6	114	83	0	8	5	12	9	4	7	20.61	1		0.851451
6	110	61	0	9	5	19	10	4	6	29.81	1		1.010815
6	107	55	0	0	0	26	8	3	4	8.56	1		0.529851
10	176	37	1	49	0	0	14	4	8	54.69	0		5.109371
10	183	77	0	26	0	25	11	6	5	34.96	0		8.685774
10	169	4	1	49	0	8	15	4	5	48.12	0		4.345117
10	189	89	0	31	7	13	15	3	6	29.96	0		4.945354
10	181	69	0	31	12	16	15	3	6	43.20	0		25.736588
10	180	69	0	31	7	19	15	3	6	43.20	0		25.736588
10	177	56	0	15	23	0	15	2	7	36.37	0		18.225274
10	171	10	0	41	0	5	7	5	6	32.33	0		6.427938
10	172	10	0	41	0	11	7	5	6	32.33	0		6.427938
10	182	71	0	15	23	7	16	2	6	14.98	0		6.746480
10	179	66	0	15	23	13	12	2	8	16.67	0		2.185726
10	190	90	0	48	14	0	8	6	4	21.44	0		2.797484
10	184	85	0	31	12	22	9	4	5	25.17	0		11.775814
10	185	85	0	31	7	25	9	4	5	25.17	0		11.775814
10	174	19	0	8	9	25	6	6	4	15.04	0		2.878867
10	170	6	0	39	0	17	9	5	3	23.40	0		2.920578
10	188	88	1	48	0	13	15	5	7	62.55	1		6.123958
10	187	87	0	37	0	20	16	6	5	61.95	1		1.946315
10	178	60	0	14	10	16	12	3	8	49.24	1		2.558092
10	186	86	0	37	0	25	15	6	3	45.16	1		1.959810
10	173	17	1	53	0	0	11	6	4	27.12	1		0.857857
10	175	31	0	9	5	25	10	4	5	30.56	1		3.345167


