Name:				338_n020_m400_bt10_26994
Problem:			3L-VRPTW
Number_of_used_Vehicles:	1
Total_Travel_Distance:		221.76
Calculation_Time:		12.09
Total_Iterations:		1
ConstraintSet:			P1

-------------------------------------------------------------------------------------------------------------------
Tour_Id:			1
No_of_Customers:		4
No_of_Items:			92
Customer_Sequence:		3 1 16 10 

CustId	Id	TypeId	Rotated	x	y	z	Length	Width	Height	mass	Fragility	LoadBearingStrength
10	184	5	0	0	0	0	15	5	8	90.79	0		4.282665
10	192	9	0	0	5	0	12	7	7	64.98	0		2.867422
10	191	9	0	0	12	0	12	7	7	64.98	0		2.867422
10	175	3	0	0	19	0	11	6	5	45.52	0		12.334080
10	176	3	0	0	5	7	11	6	5	45.52	0		12.334080
10	177	3	0	0	19	5	11	6	5	45.52	0		12.334080
10	178	3	0	0	11	7	11	6	5	45.52	0		12.334080
10	179	3	0	0	19	10	11	6	5	45.52	0		12.334080
10	180	3	0	0	5	12	11	6	5	45.52	0		12.334080
10	181	3	0	0	11	12	11	6	5	45.52	0		12.334080
10	182	3	0	0	19	15	11	6	5	45.52	0		12.334080
10	172	1	0	0	0	8	7	5	8	31.61	0		1.826012
10	171	1	0	0	0	16	7	5	8	31.61	0		1.826012
10	185	6	0	0	5	17	7	6	4	18.71	0		2.278427
10	187	6	0	0	11	17	7	6	4	18.71	0		2.278427
10	186	6	0	0	19	20	7	6	4	18.71	0		2.278427
10	188	7	1	0	5	21	10	3	4	13.23	0		4.545742
10	189	7	1	0	5	25	10	3	4	13.23	0		4.545742
10	174	2	0	0	0	24	6	4	4	14.73	0		8.018705
10	173	2	0	0	19	24	6	4	4	14.73	0		8.018705
10	183	4	0	0	17	7	14	2	3	13.20	0		6.740539
10	190	8	1	3	5	21	14	4	6	48.53	1		0.987427
10	193	10	1	3	4	27	8	4	3	11.19	1		0.817350
10	194	10	0	7	0	8	8	4	3	11.19	1		0.817350
10	195	10	0	7	0	11	8	4	3	11.19	1		0.817350
10	196	10	0	7	0	14	8	4	3	11.19	1		0.817350
10	197	10	0	7	0	17	8	4	3	11.19	1		0.817350
10	198	10	1	7	4	17	8	4	3	11.19	1		0.817350
16	309	5	0	11	19	0	15	5	8	90.79	0		4.282665
16	308	5	0	11	19	8	15	5	8	90.79	0		4.282665
16	307	5	0	11	19	16	15	5	8	90.79	0		4.282665
16	305	5	0	12	5	0	15	5	8	90.79	0		4.282665
16	306	5	0	11	4	8	15	5	8	90.79	0		4.282665
16	319	9	0	12	10	0	12	7	7	64.98	0		2.867422
16	301	3	0	11	10	7	11	6	5	45.52	0		12.334080
16	302	3	0	11	9	12	11	6	5	45.52	0		12.334080
16	298	1	0	7	12	17	7	5	8	31.61	0		1.826012
16	310	6	0	7	12	25	7	6	4	18.71	0		2.278427
16	311	6	0	11	19	24	7	6	4	18.71	0		2.278427
16	312	6	0	18	19	24	7	6	4	18.71	0		2.278427
16	316	7	0	11	4	16	10	3	4	13.23	0		4.545742
16	317	7	0	11	9	17	10	3	4	13.23	0		4.545742
16	313	7	0	11	4	20	10	3	4	13.23	0		4.545742
16	314	7	0	11	9	21	10	3	4	13.23	0		4.545742
16	315	7	0	11	4	24	10	3	4	13.23	0		4.545742
16	299	2	1	7	19	20	6	4	4	14.73	0		8.018705
16	300	2	1	6	19	24	6	4	4	14.73	0		8.018705
16	304	4	0	11	7	16	14	2	3	13.20	0		6.740539
16	303	4	0	11	7	19	14	2	3	13.20	0		6.740539
16	318	8	0	15	0	0	14	4	6	48.53	1		0.987427
16	320	10	0	7	0	20	8	4	3	11.19	1		0.817350
1	11	5	0	24	10	0	15	5	8	90.79	0		4.282665
1	21	9	0	29	0	0	12	7	7	64.98	0		2.867422
1	20	9	0	27	0	7	12	7	7	64.98	0		2.867422
1	19	9	0	26	0	14	12	7	7	64.98	0		2.867422
1	5	3	0	22	9	8	11	6	5	45.52	0		12.334080
1	6	3	0	22	9	13	11	6	5	45.52	0		12.334080
1	13	6	0	21	9	18	7	6	4	18.71	0		2.278427
1	12	6	0	21	9	22	7	6	4	18.71	0		2.278427
1	16	7	0	11	9	25	10	3	4	13.23	0		4.545742
1	15	7	0	24	15	0	10	3	4	13.23	0		4.545742
1	14	7	0	24	15	4	10	3	4	13.23	0		4.545742
1	2	2	0	14	12	17	6	4	4	14.73	0		8.018705
1	4	2	0	14	12	21	6	4	4	14.73	0		8.018705
1	3	2	0	14	12	25	6	4	4	14.73	0		8.018705
1	1	2	0	21	9	26	6	4	4	14.73	0		8.018705
1	10	4	0	11	7	22	14	2	3	13.20	0		6.740539
1	9	4	0	11	7	25	14	2	3	13.20	0		6.740539
1	8	4	0	26	18	0	14	2	3	13.20	0		6.740539
1	7	4	0	26	20	0	14	2	3	13.20	0		6.740539
1	17	8	0	26	18	3	14	4	6	48.53	1		0.987427
1	18	8	0	26	18	9	14	4	6	48.53	1		0.987427
1	22	10	0	7	0	23	8	4	3	11.19	1		0.817350
1	23	10	0	6	0	26	8	4	3	11.19	1		0.817350
3	52	5	0	26	0	21	15	5	8	90.79	0		4.282665
3	57	9	0	39	7	0	12	7	7	64.98	0		2.867422
3	56	9	0	39	7	7	12	7	7	64.98	0		2.867422
3	46	3	0	39	7	14	11	6	5	45.52	0		12.334080
3	44	1	1	28	9	18	7	5	8	31.61	0		1.826012
3	43	1	0	39	7	19	7	5	8	31.61	0		1.826012
3	53	6	0	27	9	26	7	6	4	18.71	0		2.278427
3	54	7	0	22	15	8	10	3	4	13.23	0		4.545742
3	45	2	0	33	9	8	6	4	4	14.73	0		8.018705
3	48	4	0	20	15	12	14	2	3	13.20	0		6.740539
3	49	4	0	20	15	15	14	2	3	13.20	0		6.740539
3	50	4	0	26	22	0	14	2	3	13.20	0		6.740539
3	51	4	0	26	22	3	14	2	3	13.20	0		6.740539
3	47	4	0	26	22	6	14	2	3	13.20	0		6.740539
3	55	8	0	26	17	15	14	4	6	48.53	1		0.987427
3	58	10	0	26	16	21	8	4	3	11.19	1		0.817350
3	59	10	0	25	16	24	8	4	3	11.19	1		0.817350
3	60	10	0	25	15	27	8	4	3	11.19	1		0.817350


