Name:				345_n020_m400_bt100_27800
Problem:			3L-VRPTW
Number_of_used_Vehicles:	1
Total_Travel_Distance:		83.61
Calculation_Time:		17.32
Total_Iterations:		1
ConstraintSet:			P1

-------------------------------------------------------------------------------------------------------------------
Tour_Id:			1
No_of_Customers:		3
No_of_Items:			65
Customer_Sequence:		7 9 10 

CustId	Id	TypeId	Rotated	x	y	z	Length	Width	Height	mass	Fragility	LoadBearingStrength
10	192	38	0	0	0	0	16	7	8	49.14	0		1.252649
10	197	57	0	0	7	0	11	6	7	48.35	0		4.011532
10	204	94	0	0	13	0	10	7	6	37.26	0		3.354778
10	187	22	0	0	0	8	17	6	4	20.25	0		1.483339
10	181	5	0	0	13	6	13	6	5	15	0		1.426724
10	200	73	0	0	7	7	10	6	6	45.53	0		4.242037
10	182	10	0	0	13	11	10	7	5	33.66	0		10.121972
10	180	1	0	0	0	12	16	6	3	23.47	0		7.891938
10	186	18	0	0	20	0	7	5	8	22.81	0		2.358400
10	196	56	0	0	0	15	15	6	3	23.03	0		9.440912
10	189	32	0	0	0	18	16	3	5	25.53	0		3.285643
10	188	23	0	0	7	13	12	4	5	9.59	0		1.398279
10	198	61	0	0	13	16	11	5	4	26.68	0		4.724040
10	199	72	0	7	20	0	17	4	3	11.96	0		4.650786
10	194	46	0	0	3	18	8	6	4	19.14	0		4.969985
10	184	14	0	0	13	20	10	6	3	12.71	0		10.704533
10	191	33	0	0	3	22	10	3	6	12.99	0		2.717568
10	190	33	0	0	6	22	10	3	6	12.99	0		2.717568
10	202	81	0	13	7	0	17	7	7	93.55	1		2.511386
9	179	99	0	0	0	23	16	3	7	30.72	0		3.258905
10	185	17	0	7	20	3	17	4	7	55.01	1		2.690791
10	205	100	0	0	13	23	8	7	7	51.13	1		3.263320
10	195	47	0	10	7	7	12	6	5	39.75	1		1.454094
10	193	39	0	7	20	10	14	3	4	8.22	1		2.039902
10	183	13	0	7	20	14	9	3	6	7.39	1		2.612400
10	203	93	0	0	20	8	6	3	6	10.97	1		2.421958
9	165	38	0	17	0	0	16	7	8	49.14	0		1.252649
9	162	11	0	13	14	0	11	5	8	20.32	0		3.342089
9	172	65	0	13	14	8	13	4	8	22.60	0		3.381063
9	171	65	0	11	14	16	13	4	8	22.60	0		3.381063
9	161	5	0	17	0	8	13	6	5	15	0		1.426724
9	164	21	0	8	14	24	15	4	6	26.91	0		2.209698
10	201	81	0	30	7	0	17	7	7	93.55	1		2.511386
9	178	99	0	16	0	13	16	3	7	30.72	0		3.258905
9	175	89	0	16	3	13	14	3	8	44.82	0		15.700143
9	160	1	0	24	14	0	16	6	3	23.47	0		7.891938
9	174	83	0	16	0	20	13	3	7	21.05	0		2.503168
9	170	63	0	16	3	21	13	3	5	11.69	0		2.389042
9	169	60	0	24	20	0	16	4	3	8.48	0		3.619942
9	168	46	0	24	14	3	8	6	4	19.14	0		4.969985
9	167	44	0	24	20	3	6	4	7	11.92	0		6.173021
9	166	44	0	24	20	10	6	4	7	11.92	0		6.173021
9	173	71	0	16	3	26	10	3	4	7.80	0		5.098715
9	163	15	0	22	7	7	12	7	3	16.28	1		1.613754
9	176	93	0	7	20	20	6	3	6	10.97	1		2.421958
9	177	93	0	10	3	18	6	3	6	10.97	1		2.421958
7	124	9	0	26	14	7	8	5	7	27.53	0		3.131179
7	127	38	0	33	0	0	16	7	8	49.14	0		1.252649
7	123	8	0	32	0	8	17	7	7	41.42	0		2.109822
7	122	7	0	32	0	15	15	7	7	39.63	0		2.798399
7	121	5	0	29	0	22	13	6	5	15	0		1.426724
7	130	48	0	40	14	0	16	6	4	17.78	0		2.504776
7	137	91	0	12	6	12	10	7	4	34.56	1		1.965546
7	129	43	0	40	14	4	12	7	4	19.13	0		3.015760
7	136	86	0	26	0	27	17	6	3	15.51	0		16.966395
7	128	38	0	40	14	8	16	7	8	49.14	0		1.252649
7	139	96	0	40	14	16	17	2	8	20.77	0		6.123689
7	133	56	0	40	16	16	15	6	3	23.03	0		9.440912
7	126	32	0	40	16	19	16	3	5	25.53	0		3.285643
7	135	81	0	34	7	7	17	7	7	93.55	1		2.511386
7	132	52	0	34	7	14	16	5	7	37.33	1		4.657861
7	125	17	0	34	7	21	17	4	7	55.01	1		2.690791
7	134	73	1	34	14	3	10	6	6	45.53	0		4.242037
7	138	91	0	12	6	16	10	7	4	34.56	1		1.965546
7	131	50	0	0	11	13	8	2	7	9.73	1		1.538833


