Name:				411_n060_m400_bt10_33300
Problem:			3L-VRPTW
Number_of_used_Vehicles:	1
Total_Travel_Distance:		481.07
Calculation_Time:		4.33
Total_Iterations:		1
ConstraintSet:			P1

-------------------------------------------------------------------------------------------------------------------
Tour_Id:			1
No_of_Customers:		9
No_of_Items:			64
Customer_Sequence:		5 16 15 3 6 4 11 13 14 

CustId	Id	TypeId	Rotated	x	y	z	Length	Width	Height	mass	Fragility	LoadBearingStrength
14	85	8	0	0	0	0	11	6	8	288.75	0		40.060432
14	86	8	0	0	6	0	11	6	8	288.75	0		40.060432
14	84	4	0	0	12	0	15	6	5	103.81	0		12.008776
14	82	2	0	0	18	0	14	4	8	211.49	0		27.064210
14	83	3	0	0	22	0	15	3	7	65.56	0		7.279036
14	81	1	0	0	0	8	10	7	3	151.46	0		11.437319
14	87	9	0	0	12	5	11	4	4	125.59	0		17.142355
14	88	10	0	0	22	7	16	3	3	32.22	1		1.606343
13	79	4	0	11	0	0	15	6	5	103.81	0		12.008776
13	80	4	0	11	6	0	15	6	5	103.81	0		12.008776
13	77	2	0	0	7	8	14	4	8	211.49	0		27.064210
13	78	3	0	0	18	8	15	3	7	65.56	0		7.279036
13	76	1	0	0	0	11	10	7	3	151.46	0		11.437319
11	68	8	0	0	0	14	11	6	8	288.75	0		40.060432
11	63	3	0	0	18	15	15	3	7	65.56	0		7.279036
11	64	3	0	0	7	16	15	3	7	65.56	0		7.279036
11	65	3	0	0	18	22	15	3	7	65.56	0		7.279036
11	62	1	0	0	0	22	10	7	3	151.46	0		11.437319
11	66	6	0	11	0	5	14	6	8	210.04	1		2.505533
11	67	6	0	11	0	13	14	6	8	210.04	1		2.505533
4	21	4	0	15	12	0	15	6	5	103.81	0		12.008776
4	22	4	0	11	11	5	15	6	5	103.81	0		12.008776
4	23	5	0	0	11	9	11	4	8	154.66	0		10.188613
4	20	1	0	0	0	25	10	7	3	151.46	0		11.437319
4	26	9	0	0	10	17	11	4	4	125.59	0		17.142355
4	24	7	0	0	10	21	8	3	3	51.71	0		53.771101
4	25	7	0	0	7	23	8	3	3	51.71	0		53.771101
6	37	2	0	11	11	10	14	4	8	211.49	0		27.064210
6	40	5	0	11	10	18	11	4	8	154.66	0		10.188613
6	38	3	0	15	18	0	15	3	7	65.56	0		7.279036
6	39	3	0	15	18	7	15	3	7	65.56	0		7.279036
6	36	1	0	26	0	0	10	7	3	151.46	0		11.437319
6	41	10	0	0	22	10	16	3	3	32.22	1		1.606343
3	17	8	0	26	0	3	11	6	8	288.75	0		40.060432
3	12	2	0	15	18	14	14	4	8	211.49	0		27.064210
3	13	5	0	15	18	22	11	4	8	154.66	0		10.188613
3	18	9	0	11	10	26	11	4	4	125.59	0		17.142355
3	16	7	0	0	7	26	8	3	3	51.71	0		53.771101
3	14	6	0	11	0	21	14	6	8	210.04	1		2.505533
3	15	6	0	25	0	11	14	6	8	210.04	1		2.505533
3	19	10	0	0	22	13	16	3	3	32.22	1		1.606343
15	92	4	0	30	7	0	15	6	5	103.81	0		12.008776
15	89	2	0	15	6	5	14	4	8	211.49	0		27.064210
15	90	2	0	15	6	13	14	4	8	211.49	0		27.064210
15	91	3	0	15	6	21	15	3	7	65.56	0		7.279036
15	94	9	0	30	13	0	11	4	4	125.59	0		17.142355
15	95	9	0	30	17	0	11	4	4	125.59	0		17.142355
15	96	9	0	29	21	0	11	4	4	125.59	0		17.142355
15	93	7	0	16	22	0	8	3	3	51.71	0		53.771101
16	98	3	0	26	10	5	15	3	7	65.56	0		7.279036
16	97	1	0	30	13	4	10	7	3	151.46	0		11.437319
16	99	6	0	25	0	19	14	6	8	210.04	1		2.505533
16	100	6	0	39	0	0	14	6	8	210.04	1		2.505533
16	101	6	0	39	0	8	14	6	8	210.04	1		2.505533
16	102	10	0	0	22	16	16	3	3	32.22	1		1.606343
5	30	4	0	41	13	0	15	6	5	103.81	0		12.008776
5	29	2	0	26	10	12	14	4	8	211.49	0		27.064210
5	31	5	0	26	10	20	11	4	8	154.66	0		10.188613
5	27	1	0	30	13	7	10	7	3	151.46	0		11.437319
5	28	1	0	40	13	5	10	7	3	151.46	0		11.437319
5	35	9	0	29	21	4	11	4	4	125.59	0		17.142355
5	34	7	0	29	21	8	8	3	3	51.71	0		53.771101
5	32	6	0	39	0	16	14	6	8	210.04	1		2.505533
5	33	6	0	45	6	0	14	6	8	210.04	1		2.505533


