Name:				420_n060_m400_bt100_34113
Problem:			3L-VRPTW
Number_of_used_Vehicles:	1
Total_Travel_Distance:		580.33
Calculation_Time:		57.94
Total_Iterations:		1
ConstraintSet:			P1

-------------------------------------------------------------------------------------------------------------------
Tour_Id:			1
No_of_Customers:		11
No_of_Items:			75
Customer_Sequence:		19 17 11 7 9 10 8 4 3 15 12 

CustId	Id	TypeId	Rotated	x	y	z	Length	Width	Height	mass	Fragility	LoadBearingStrength
12	79	46	0	0	0	0	16	7	6	229.30	0		24.851923
12	76	14	0	0	7	0	15	5	8	154.85	0		8.781450
12	80	69	0	0	12	0	16	3	8	135.18	0		14.484802
12	75	8	0	0	15	0	9	4	8	50.38	0		6.841614
12	78	31	0	0	19	0	6	3	7	17.47	0		13.717995
12	77	18	0	0	22	0	14	3	5	32.18	1		2.429701
15	100	99	0	0	0	6	17	6	5	66.99	0		18.469319
15	95	61	0	0	6	8	12	4	6	133.89	0		15.889822
15	92	11	0	0	10	8	16	4	4	86.52	0		24.714480
15	94	55	0	0	14	8	7	6	6	43.71	0		4.855277
15	96	65	0	0	0	11	16	3	4	49.70	0		10.196580
15	98	83	0	0	3	11	11	2	7	37.79	0		9.025134
3	16	15	0	9	15	0	11	6	7	151.43	0		15.368434
15	99	93	0	0	10	12	13	4	5	52.96	1		10.057620
15	93	28	0	0	14	14	9	5	3	21.40	1		3.178905
3	19	39	0	16	6	0	15	6	7	100.55	0		3.153309
15	97	78	0	0	6	14	9	2	4	23.11	0		24.099259
3	20	44	0	9	15	7	13	5	6	101.39	0		5.685991
3	18	35	0	0	3	18	10	5	6	74.48	0		60.698868
3	21	75	0	0	8	14	16	2	8	71.71	0		52.573387
3	17	34	0	0	3	24	11	5	4	46.89	0		14.143061
4	27	99	0	16	6	7	17	6	5	66.99	0		18.469319
4	26	96	0	9	14	13	13	6	4	99.32	0		86.770576
4	24	51	0	9	14	17	16	6	3	99.38	0		84.169201
9	57	22	0	9	14	20	16	7	4	101.59	0		18.907544
4	22	18	0	0	22	5	14	3	5	32.18	1		2.429701
4	23	36	0	0	22	10	16	3	3	21.20	1		1.223168
10	63	26	0	0	0	15	8	3	5	37.78	0		51.397706
8	49	60	0	16	6	12	13	5	5	66.05	0		15.335373
8	47	47	0	17	0	0	16	6	3	68.44	0		26.847701
8	48	51	0	17	0	3	16	6	3	99.38	0		84.169201
8	50	65	0	16	21	0	16	3	4	49.70	0		10.196580
9	56	22	0	9	14	24	16	7	4	101.59	0		18.907544
8	52	93	0	0	10	17	13	4	5	52.96	1		10.057620
10	64	38	0	33	0	0	14	7	8	98.84	0		9.674633
10	65	40	0	17	0	6	16	6	8	111.20	0		8.259878
10	67	69	0	16	21	4	16	3	8	135.18	0		14.484802
10	68	86	0	16	6	17	7	6	7	39.07	0		16.927000
10	60	1	0	16	6	24	7	7	4	155.23	0		29.340614
10	66	56	0	16	0	14	9	5	4	42.97	0		10.886916
10	62	24	0	0	0	20	8	3	6	19.15	0		2.842373
8	46	42	0	33	7	0	9	6	8	52.51	0		2.087962
10	61	18	0	0	22	13	14	3	5	32.18	1		2.429701
8	51	78	0	0	8	22	9	2	4	23.11	0		24.099259
4	25	56	0	22	12	0	9	5	4	42.97	0		10.886916
9	58	25	0	16	21	12	16	3	5	59.78	0		9.722664
9	53	1	0	31	13	0	7	7	4	155.23	0		29.340614
9	59	64	0	16	21	17	14	4	3	23.18	0		9.167712
9	55	20	0	16	0	18	9	4	4	182.38	0		152.999155
9	54	4	0	16	21	20	11	2	3	14.37	0		16.934531
7	44	74	0	25	13	4	14	6	4	211.38	0		26.583079
7	45	74	0	25	12	8	14	6	4	211.38	0		26.583079
7	41	35	0	25	11	12	10	5	6	74.48	0		60.698868
7	42	73	0	16	0	22	11	4	3	44.78	0		31.514234
7	43	73	0	16	0	25	11	4	3	44.78	0		31.514234
11	70	32	0	33	0	8	17	5	8	174.07	0		7.765924
11	71	32	0	33	0	16	17	5	8	174.07	0		7.765924
11	73	68	0	23	5	17	6	4	8	60.74	0		56.758177
11	72	53	0	25	11	18	6	4	6	41.96	0		15.453481
11	74	76	0	32	20	0	12	3	3	139.03	0		36.557040
11	69	9	0	27	0	14	6	3	7	13.39	1		1.892898
17	114	91	0	33	5	8	9	6	7	109.80	0		27.422669
17	109	8	0	32	20	3	9	4	8	50.38	0		6.841614
17	113	79	0	39	13	0	12	7	3	35.94	0		8.866099
17	112	45	0	16	23	20	9	2	7	12.67	0		4.452657
17	108	2	0	16	21	23	10	2	3	14.25	0		10.909460
17	111	33	0	39	13	3	16	7	8	108.12	1		1.547323
17	110	29	0	33	5	15	10	5	6	110.77	1		5.276831
19	122	14	0	44	20	0	15	5	8	154.85	0		8.781450
19	127	99	0	33	0	24	17	6	5	66.99	0		18.469319
19	124	61	0	32	20	11	12	4	6	133.89	0		15.889822
19	126	87	0	50	0	0	6	6	8	95.11	0		42.890998
19	123	19	0	30	20	17	17	4	4	34.28	0		1.989963
19	125	80	0	30	20	21	9	5	5	76.86	0		24.140582
19	121	1	0	47	6	0	7	7	4	155.23	0		29.340614


