Name:				445_n060_m400_bt10_36229
Problem:			3L-VRPTW
Number_of_used_Vehicles:	1
Total_Travel_Distance:		300.27
Calculation_Time:		4.75
Total_Iterations:		1
ConstraintSet:			P1

-------------------------------------------------------------------------------------------------------------------
Tour_Id:			1
No_of_Customers:		8
No_of_Items:			66
Customer_Sequence:		8 2 14 20 16 1 3 17 

CustId	Id	TypeId	Rotated	x	y	z	Length	Width	Height	mass	Fragility	LoadBearingStrength
17	112	4	0	0	0	0	15	5	7	103.10	0		6.011592
17	110	2	0	0	5	0	15	6	5	77.24	0		7.421475
17	111	2	0	0	11	0	15	6	5	77.24	0		7.421475
17	117	9	0	0	17	0	12	5	7	128.65	0		12.541150
17	115	8	0	0	22	0	12	3	6	86.65	0		19.080700
17	116	8	0	0	5	5	12	3	6	86.65	0		19.080700
17	118	10	0	0	8	5	15	3	6	51.99	1		1.226036
17	113	6	0	0	11	5	8	4	3	23.36	1		7.542558
17	114	6	0	0	0	7	8	4	3	23.36	1		7.542558
3	19	4	0	0	17	7	15	5	7	103.10	0		6.011592
3	18	3	0	0	17	14	13	6	6	133.51	0		13.100675
3	16	2	0	0	17	20	15	6	5	77.24	0		7.421475
3	17	2	0	0	17	25	15	6	5	77.24	0		7.421475
3	20	5	0	12	17	0	15	7	4	144.40	0		4.390342
3	24	9	0	15	0	0	12	5	7	128.65	0		12.541150
3	22	7	0	8	11	5	7	6	3	41.45	0		9.182722
3	23	7	0	8	11	8	7	6	3	41.45	0		9.182722
3	21	6	0	0	11	8	8	4	3	23.36	1		7.542558
1	1	4	0	8	0	7	15	5	7	103.10	0		6.011592
1	2	4	0	8	0	14	15	5	7	103.10	0		6.011592
1	3	4	0	8	0	21	15	5	7	103.10	0		6.011592
1	5	9	0	15	5	0	12	5	7	128.65	0		12.541150
1	4	7	0	8	11	11	7	6	3	41.45	0		9.182722
1	6	10	0	0	5	11	15	3	6	51.99	1		1.226036
16	104	4	0	15	10	0	15	5	7	103.10	0		6.011592
16	102	3	0	15	5	7	13	6	6	133.51	0		13.100675
16	103	3	0	15	17	4	13	6	6	133.51	0		13.100675
16	101	2	0	15	17	10	15	6	5	77.24	0		7.421475
16	105	5	0	15	17	15	15	7	4	144.40	0		4.390342
16	106	5	0	15	17	19	15	7	4	144.40	0		4.390342
16	108	9	0	15	11	7	12	5	7	128.65	0		12.541150
16	109	10	0	0	8	11	15	3	6	51.99	1		1.226036
16	107	6	0	0	5	17	8	4	3	23.36	1		7.542558
20	139	4	0	8	11	14	15	5	7	103.10	0		6.011592
20	138	3	0	8	11	21	13	6	6	133.51	0		13.100675
20	137	2	0	15	5	13	15	6	5	77.24	0		7.421475
20	140	5	0	15	17	23	15	7	4	144.40	0		4.390342
20	142	9	0	15	5	18	12	5	7	128.65	0		12.541150
20	141	7	0	8	11	27	7	6	3	41.45	0		9.182722
14	88	3	0	30	0	0	13	6	6	133.51	0		13.100675
14	89	3	0	30	6	0	13	6	6	133.51	0		13.100675
14	86	2	0	30	12	0	15	6	5	77.24	0		7.421475
14	87	2	0	30	18	0	15	6	5	77.24	0		7.421475
14	91	9	0	30	12	5	12	5	7	128.65	0		12.541150
14	92	10	0	30	17	5	15	3	6	51.99	1		1.226036
14	93	10	0	30	20	5	15	3	6	51.99	1		1.226036
14	94	10	0	27	0	6	15	3	6	51.99	1		1.226036
14	90	6	0	15	5	25	8	4	3	23.36	1		7.542558
2	8	4	0	30	3	6	15	5	7	103.10	0		6.011592
2	7	2	0	30	3	13	15	6	5	77.24	0		7.421475
2	12	9	0	27	5	18	12	5	7	128.65	0		12.541150
2	13	9	0	27	12	12	12	5	7	128.65	0		12.541150
2	11	8	0	27	12	19	12	3	6	86.65	0		19.080700
2	14	10	0	27	0	12	15	3	6	51.99	1		1.226036
2	15	10	0	27	0	18	15	3	6	51.99	1		1.226036
2	9	6	0	15	11	27	8	4	3	23.36	1		7.542558
2	10	6	0	15	15	27	8	4	3	23.36	1		7.542558
8	50	4	0	45	0	0	15	5	7	103.10	0		6.011592
8	49	2	0	23	5	25	15	6	5	77.24	0		7.421475
8	51	5	0	45	5	0	15	7	4	144.40	0		4.390342
8	57	9	0	45	12	0	12	5	7	128.65	0		12.541150
8	55	8	0	42	0	7	12	3	6	86.65	0		19.080700
8	56	8	0	42	0	13	12	3	6	86.65	0		19.080700
8	54	7	0	15	19	27	7	6	3	41.45	0		9.182722
8	52	6	0	22	19	27	8	4	3	23.36	1		7.542558
8	53	6	0	27	0	24	8	4	3	23.36	1		7.542558


