Name:				468_n060_m400_bt3_38041
Problem:			3L-VRPTW
Number_of_used_Vehicles:	1
Total_Travel_Distance:		507.00
Calculation_Time:		9.08
Total_Iterations:		1
ConstraintSet:			P1

-------------------------------------------------------------------------------------------------------------------
Tour_Id:			1
No_of_Customers:		10
No_of_Items:			80
Customer_Sequence:		17 8 7 9 18 10 14 13 1 2 

CustId	Id	TypeId	Rotated	x	y	z	Length	Width	Height	mass	Fragility	LoadBearingStrength
2	10	1	0	0	0	0	15	4	6	53.86	0		2.289502
2	11	1	0	0	4	0	15	4	6	53.86	0		2.289502
2	12	1	0	0	8	0	15	4	6	53.86	0		2.289502
2	15	3	0	0	12	0	11	6	4	46.42	0		18.874321
2	13	2	0	0	18	0	13	5	3	66.56	1		1.285593
2	14	2	0	0	12	4	13	5	3	66.56	1		1.285593
1	1	1	0	0	0	6	15	4	6	53.86	0		2.289502
1	2	1	0	0	4	6	15	4	6	53.86	0		2.289502
1	3	1	0	0	8	6	15	4	6	53.86	0		2.289502
1	6	3	0	0	0	12	11	6	4	46.42	0		18.874321
1	7	3	0	0	6	12	11	6	4	46.42	0		18.874321
1	8	3	0	0	0	16	11	6	4	46.42	0		18.874321
1	9	3	0	0	6	16	11	6	4	46.42	0		18.874321
1	4	2	0	0	18	3	13	5	3	66.56	1		1.285593
1	5	2	0	0	17	6	13	5	3	66.56	1		1.285593
13	83	1	1	0	0	20	15	4	6	53.86	0		2.289502
13	84	1	1	4	0	20	15	4	6	53.86	0		2.289502
13	85	1	1	11	0	12	15	4	6	53.86	0		2.289502
13	86	1	1	11	0	18	15	4	6	53.86	0		2.289502
13	90	3	1	0	0	26	11	6	4	46.42	0		18.874321
13	91	3	0	13	12	0	11	6	4	46.42	0		18.874321
13	87	2	0	0	12	7	13	5	3	66.56	1		1.285593
13	88	2	0	0	17	9	13	5	3	66.56	1		1.285593
13	89	2	0	0	17	12	13	5	3	66.56	1		1.285593
14	92	1	1	11	0	24	15	4	6	53.86	0		2.289502
14	93	1	0	13	18	0	15	4	6	53.86	0		2.289502
14	96	3	0	15	0	0	11	6	4	46.42	0		18.874321
14	97	3	0	15	6	0	11	6	4	46.42	0		18.874321
14	94	2	0	0	17	15	13	5	3	66.56	1		1.285593
14	95	2	0	0	17	18	13	5	3	66.56	1		1.285593
10	64	1	0	13	17	6	15	4	6	53.86	0		2.289502
10	65	1	0	13	17	12	15	4	6	53.86	0		2.289502
10	66	1	0	13	17	18	15	4	6	53.86	0		2.289502
10	67	1	0	13	17	24	15	4	6	53.86	0		2.289502
10	70	3	0	15	0	4	11	6	4	46.42	0		18.874321
10	71	3	0	15	6	4	11	6	4	46.42	0		18.874321
10	68	2	0	0	17	21	13	5	3	66.56	1		1.285593
10	69	2	0	0	17	24	13	5	3	66.56	1		1.285593
18	115	1	1	15	0	8	15	4	6	53.86	0		2.289502
18	116	1	1	15	0	14	15	4	6	53.86	0		2.289502
18	120	3	1	19	0	8	11	6	4	46.42	0		18.874321
18	121	3	1	19	0	12	11	6	4	46.42	0		18.874321
18	122	3	1	19	0	16	11	6	4	46.42	0		18.874321
18	123	3	0	15	0	20	11	6	4	46.42	0		18.874321
18	117	2	0	15	6	20	13	5	3	66.56	1		1.285593
18	118	2	0	15	6	23	13	5	3	66.56	1		1.285593
18	119	2	0	15	0	24	13	5	3	66.56	1		1.285593
9	55	1	0	24	12	0	15	4	6	53.86	0		2.289502
9	56	1	0	24	12	6	15	4	6	53.86	0		2.289502
9	57	1	0	24	12	12	15	4	6	53.86	0		2.289502
9	58	1	0	24	12	18	15	4	6	53.86	0		2.289502
9	62	3	0	28	16	0	11	6	4	46.42	0		18.874321
9	63	3	0	28	16	4	11	6	4	46.42	0		18.874321
9	59	2	0	15	5	26	13	5	3	66.56	1		1.285593
9	60	2	0	24	12	24	13	5	3	66.56	1		1.285593
9	61	2	0	28	16	8	13	5	3	66.56	1		1.285593
7	37	1	0	28	0	0	15	4	6	53.86	0		2.289502
7	38	1	0	28	4	0	15	4	6	53.86	0		2.289502
7	39	1	0	28	8	0	15	4	6	53.86	0		2.289502
7	40	1	0	28	0	6	15	4	6	53.86	0		2.289502
7	41	1	0	28	4	6	15	4	6	53.86	0		2.289502
7	43	3	0	28	0	12	11	6	4	46.42	0		18.874321
7	44	3	0	28	0	16	11	6	4	46.42	0		18.874321
7	45	3	0	28	0	20	11	6	4	46.42	0		18.874321
7	42	2	0	28	17	11	13	5	3	66.56	1		1.285593
8	46	1	0	28	8	6	15	4	6	53.86	0		2.289502
8	47	1	0	28	6	12	15	4	6	53.86	0		2.289502
8	48	1	0	28	6	18	15	4	6	53.86	0		2.289502
8	50	3	0	28	0	24	11	6	4	46.42	0		18.874321
8	51	3	0	41	12	0	11	6	4	46.42	0		18.874321
8	52	3	0	41	18	0	11	6	4	46.42	0		18.874321
8	53	3	0	41	12	4	11	6	4	46.42	0		18.874321
8	54	3	0	41	18	4	11	6	4	46.42	0		18.874321
8	49	2	0	28	17	14	13	5	3	66.56	1		1.285593
17	109	1	0	28	6	24	15	4	6	53.86	0		2.289502
17	110	1	0	43	0	0	15	4	6	53.86	0		2.289502
17	114	3	0	41	12	8	11	6	4	46.42	0		18.874321
17	111	2	0	28	17	17	13	5	3	66.56	1		1.285593
17	112	2	0	28	17	20	13	5	3	66.56	1		1.285593
17	113	2	0	28	17	23	13	5	3	66.56	1		1.285593


