Name:				472_n060_m400_bt10_38423
Problem:			3L-VRPTW
Number_of_used_Vehicles:	1
Total_Travel_Distance:		277.77
Calculation_Time:		6.48
Total_Iterations:		1
ConstraintSet:			P1

-------------------------------------------------------------------------------------------------------------------
Tour_Id:			1
No_of_Customers:		8
No_of_Items:			64
Customer_Sequence:		8 12 9 13 5 1 3 11 

CustId	Id	TypeId	Rotated	x	y	z	Length	Width	Height	mass	Fragility	LoadBearingStrength
11	82	8	0	0	0	0	16	5	8	115.22	0		3.682125
11	83	9	0	0	5	0	16	7	3	49.51	0		6.454856
11	79	3	0	0	12	0	10	6	5	95.09	0		15.121424
5	38	8	0	0	18	0	16	5	8	115.22	0		3.682125
11	81	4	0	0	5	3	7	4	6	29.68	1		3.034069
11	76	2	0	0	12	5	7	4	5	29.12	1		1.863225
11	77	2	0	0	0	8	7	4	5	29.12	1		1.863225
11	78	2	0	0	4	9	7	4	5	29.12	1		1.863225
3	22	8	0	10	12	0	16	5	8	115.22	0		3.682125
3	21	6	0	7	5	3	11	5	8	216.33	0		8.181031
3	23	10	0	18	0	0	12	7	5	128.56	0		9.715215
3	18	1	0	7	12	8	16	5	4	84.84	0		3.902070
3	20	5	0	0	23	0	12	2	3	33.64	0		14.913841
3	19	2	0	0	12	10	7	4	5	29.12	1		1.863225
1	5	8	0	7	12	12	16	5	8	115.22	0		3.682125
1	6	8	0	7	12	20	16	5	8	115.22	0		3.682125
1	7	8	0	18	7	0	16	5	8	115.22	0		3.682125
1	8	10	0	18	0	5	12	7	5	128.56	0		9.715215
1	9	10	0	18	0	10	12	7	5	128.56	0		9.715215
1	1	1	0	18	7	8	16	5	4	84.84	0		3.902070
1	2	1	0	18	7	12	16	5	4	84.84	0		3.902070
1	4	5	0	0	23	3	12	2	3	33.64	0		14.913841
1	3	4	0	0	0	13	7	4	6	29.68	1		3.034069
11	80	4	0	0	4	14	7	4	6	29.68	1		3.034069
5	37	7	0	16	17	0	11	7	7	92.50	0		4.836117
5	39	10	0	16	17	7	12	7	5	128.56	0		9.715215
5	31	1	0	0	17	8	16	5	4	84.84	0		3.902070
5	34	4	0	0	17	12	7	4	6	29.68	1		3.034069
5	35	4	0	0	17	18	7	4	6	29.68	1		3.034069
5	36	4	0	0	0	19	7	4	6	29.68	1		3.034069
5	32	2	0	0	4	20	7	4	5	29.12	1		1.863225
5	33	2	0	0	17	24	7	4	5	29.12	1		1.863225
13	96	7	0	7	17	12	11	7	7	92.50	0		4.836117
13	97	7	0	7	17	19	11	7	7	92.50	0		4.836117
13	94	6	0	18	17	12	11	5	8	216.33	0		8.181031
13	95	6	0	18	0	15	11	5	8	216.33	0		8.181031
13	99	10	0	28	12	0	12	7	5	128.56	0		9.715215
13	98	9	0	28	12	5	16	7	3	49.51	0		6.454856
13	91	1	0	18	7	16	16	5	4	84.84	0		3.902070
13	93	3	0	18	17	20	10	6	5	95.09	0		15.121424
13	92	2	0	0	0	25	7	4	5	29.12	1		1.863225
9	68	7	0	29	12	8	11	7	7	92.50	0		4.836117
9	67	6	0	18	7	20	11	5	8	216.33	0		8.181031
9	69	10	0	29	12	15	12	7	5	128.56	0		9.715215
9	63	1	0	28	12	20	16	5	4	84.84	0		3.902070
9	64	1	0	28	12	24	16	5	4	84.84	0		3.902070
9	65	3	0	18	0	23	10	6	5	95.09	0		15.121424
9	66	5	0	7	17	26	12	2	3	33.64	0		14.913841
12	88	8	0	29	19	0	16	5	8	115.22	0		3.682125
12	86	6	0	29	19	8	11	5	8	216.33	0		8.181031
12	87	6	0	29	19	16	11	5	8	216.33	0		8.181031
12	90	10	0	30	0	0	12	7	5	128.56	0		9.715215
12	89	9	0	30	0	5	16	7	3	49.51	0		6.454856
12	84	1	0	30	0	8	16	5	4	84.84	0		3.902070
12	85	3	0	28	19	24	10	6	5	95.09	0		15.121424
8	61	8	0	30	0	12	16	5	8	115.22	0		3.682125
8	62	8	0	29	0	20	16	5	8	115.22	0		3.682125
8	59	6	0	34	7	0	11	5	8	216.33	0		8.181031
8	60	6	0	34	5	8	11	5	8	216.33	0		8.181031
8	54	1	0	44	12	0	16	5	4	84.84	0		3.902070
8	55	1	0	44	12	4	16	5	4	84.84	0		3.902070
8	57	3	0	34	5	16	10	6	5	95.09	0		15.121424
8	58	3	0	34	5	21	10	6	5	95.09	0		15.121424
8	56	2	0	44	12	8	7	4	5	29.12	1		1.863225


