Name:				022_n020_m200_bt10_2156
Problem:			3L-VRPTW
Number_of_used_Vehicles:	1
Total_Travel_Distance:		169.91
Calculation_Time:		5.57
Total_Iterations:		1
ConstraintSet:			P1

-------------------------------------------------------------------------------------------------------------------
Tour_Id:			1
No_of_Customers:		6
No_of_Items:			62
Customer_Sequence:		2 1 5 9 10 4 

CustId	Id	TypeId	Rotated	x	y	z	Length	Width	Height	mass	Fragility	LoadBearingStrength
4	35	6	0	0	0	0	9	6	8	153.54	0		5.408716
4	34	3	0	0	6	0	10	7	6	103.22	0		22.328069
4	38	8	0	0	13	0	17	4	6	423.34	0		24.605437
4	39	8	0	0	17	0	17	4	6	423.34	0		24.605437
4	32	1	0	0	21	0	7	4	7	36.60	0		4.136306
4	33	1	0	0	6	6	7	4	7	36.60	0		4.136306
4	36	7	0	0	10	6	8	4	6	64.73	0		13.239133
4	37	7	0	0	14	6	8	4	6	64.73	0		13.239133
4	40	10	0	0	0	8	11	4	4	95.64	0		42.604060
10	95	6	0	0	10	12	9	6	8	153.54	0		5.408716
10	90	3	0	0	10	20	10	7	6	103.22	0		22.328069
10	91	3	1	8	10	6	10	7	6	103.22	0		22.328069
10	92	3	1	9	10	12	10	7	6	103.22	0		22.328069
10	97	8	0	7	21	0	17	4	6	423.34	0		24.605437
10	87	1	0	0	21	7	7	4	7	36.60	0		4.136306
10	88	1	0	0	0	12	7	4	7	36.60	0		4.136306
10	96	7	0	0	6	13	8	4	6	64.73	0		13.239133
10	93	4	0	0	10	26	11	4	4	45.57	0		7.326794
10	94	4	0	7	20	6	11	4	4	45.57	0		7.326794
10	98	9	0	7	20	10	13	4	8	56.66	1		1.095477
10	89	2	1	0	0	19	10	3	8	56.74	1		2.380435
9	82	5	0	10	4	0	15	4	5	131.28	0		7.097357
9	79	1	0	10	4	5	7	4	7	36.60	0		4.136306
9	80	1	0	10	4	12	7	4	7	36.60	0		4.136306
9	81	4	0	11	0	0	11	4	4	45.57	0		7.326794
9	83	9	0	7	20	18	13	4	8	56.66	1		1.095477
9	84	9	0	11	0	4	13	4	8	56.66	1		1.095477
9	85	9	0	7	0	12	13	4	8	56.66	1		1.095477
9	86	9	0	7	0	20	13	4	8	56.66	1		1.095477
5	43	3	0	17	8	0	10	7	6	103.22	0		22.328069
5	47	8	0	17	15	0	17	4	6	423.34	0		24.605437
5	46	5	0	16	15	6	15	4	5	131.28	0		7.097357
5	41	1	0	10	4	19	7	4	7	36.60	0		4.136306
5	42	1	0	16	8	6	7	4	7	36.60	0		4.136306
5	44	4	0	16	15	11	11	4	4	45.57	0		7.326794
5	45	4	0	16	15	15	11	4	4	45.57	0		7.326794
5	48	9	0	16	15	19	13	4	8	56.66	1		1.095477
5	49	9	0	24	19	0	13	4	8	56.66	1		1.095477
1	8	6	0	25	0	0	9	6	8	153.54	0		5.408716
1	4	5	0	27	6	0	15	4	5	131.28	0		7.097357
1	5	5	0	27	10	0	15	4	5	131.28	0		7.097357
1	6	5	0	27	6	5	15	4	5	131.28	0		7.097357
1	7	5	0	27	10	5	15	4	5	131.28	0		7.097357
1	1	1	0	16	8	13	7	4	7	36.60	0		4.136306
1	12	10	0	24	0	8	11	4	4	95.64	0		42.604060
1	9	9	0	20	0	12	13	4	8	56.66	1		1.095477
1	10	9	0	20	0	20	13	4	8	56.66	1		1.095477
1	11	9	0	24	19	8	13	4	8	56.66	1		1.095477
1	2	2	0	16	12	6	10	3	8	56.74	1		2.380435
1	3	2	0	16	12	14	10	3	8	56.74	1		2.380435
2	15	3	0	26	6	10	10	7	6	103.22	0		22.328069
2	18	5	0	34	14	0	15	4	5	131.28	0		7.097357
2	19	5	0	34	14	5	15	4	5	131.28	0		7.097357
2	13	1	0	16	8	20	7	4	7	36.60	0		4.136306
2	20	7	0	26	6	16	8	4	6	64.73	0		13.239133
2	16	4	0	31	13	10	11	4	4	45.57	0		7.326794
2	17	4	0	29	13	14	11	4	4	45.57	0		7.326794
2	23	10	0	29	13	18	11	4	4	95.64	0		42.604060
2	24	10	0	29	13	22	11	4	4	95.64	0		42.604060
2	21	9	0	24	19	16	13	4	8	56.66	1		1.095477
2	22	9	0	35	0	0	13	4	8	56.66	1		1.095477
2	14	2	0	16	12	22	10	3	8	56.74	1		2.380435


