Name:				024_n020_m200_bt10_2355
Problem:			3L-VRPTW
Number_of_used_Vehicles:	1
Total_Travel_Distance:		197.23
Calculation_Time:		7.72
Total_Iterations:		1
ConstraintSet:			P1

-------------------------------------------------------------------------------------------------------------------
Tour_Id:			1
No_of_Customers:		6
No_of_Items:			65
Customer_Sequence:		14 1 7 5 6 19 

CustId	Id	TypeId	Rotated	x	y	z	Length	Width	Height	mass	Fragility	LoadBearingStrength
19	183	8	0	0	0	0	16	5	6	146.23	0		5.864389
19	184	8	0	0	5	0	16	5	6	146.23	0		5.864389
19	177	1	0	0	10	0	17	4	6	45.56	0		2.066560
19	178	1	0	0	14	0	17	4	6	45.56	0		2.066560
19	179	3	0	0	18	0	15	3	6	42.88	0		6.729354
19	180	4	0	0	0	6	6	6	7	43.15	0		3.824431
19	181	4	0	0	6	6	6	6	7	43.15	0		3.824431
19	185	9	0	0	12	6	9	5	4	33.75	0		2.587540
19	186	9	0	0	17	6	9	5	4	33.75	0		2.587540
19	187	9	0	0	12	10	9	5	4	33.75	0		2.587540
19	188	10	0	0	21	0	15	2	4	15.89	0		3.759821
19	189	10	0	0	23	0	15	2	4	15.89	0		3.759821
19	182	6	0	6	0	6	13	6	6	153.36	1		1.660400
6	55	8	0	15	18	0	16	5	6	146.23	0		5.864389
6	56	8	0	9	17	6	16	5	6	146.23	0		5.864389
6	47	1	0	9	17	12	17	4	6	45.56	0		2.066560
6	48	1	0	9	17	18	17	4	6	45.56	0		2.066560
6	51	3	0	0	22	4	15	3	6	42.88	0		6.729354
6	52	4	0	0	17	10	6	6	7	43.15	0		3.824431
6	53	7	0	9	17	24	14	3	3	19.77	0		8.333952
6	54	7	0	9	17	27	14	3	3	19.77	0		8.333952
6	57	10	0	0	23	10	15	2	4	15.89	0		3.759821
6	49	2	0	0	0	13	7	6	4	95.38	1		4.007928
6	50	2	0	0	6	13	7	6	4	95.38	1		4.007928
5	43	8	0	17	6	0	16	5	6	146.23	0		5.864389
5	44	8	0	7	6	6	16	5	6	146.23	0		5.864389
5	45	8	0	7	6	12	16	5	6	146.23	0		5.864389
5	36	1	0	7	6	18	17	4	6	45.56	0		2.066560
5	37	4	0	17	11	0	6	6	7	43.15	0		3.824431
5	38	4	0	9	11	6	6	6	7	43.15	0		3.824431
5	39	4	0	9	11	13	6	6	7	43.15	0		3.824431
5	40	4	0	9	11	20	6	6	7	43.15	0		3.824431
5	46	9	0	0	12	14	9	5	4	33.75	0		2.587540
5	41	7	0	7	6	24	14	3	3	19.77	0		8.333952
5	42	7	0	7	6	27	14	3	3	19.77	0		8.333952
7	58	1	0	19	0	0	17	4	6	45.56	0		2.066560
7	59	1	0	19	0	6	17	4	6	45.56	0		2.066560
7	60	1	0	19	0	12	17	4	6	45.56	0		2.066560
7	63	3	0	19	0	18	15	3	6	42.88	0		6.729354
7	64	4	0	17	11	7	6	6	7	43.15	0		3.824431
7	65	4	0	17	11	14	6	6	7	43.15	0		3.824431
7	67	9	0	23	11	0	9	5	4	33.75	0		2.587540
7	68	9	0	23	11	4	9	5	4	33.75	0		2.587540
7	66	6	0	31	16	0	13	6	6	153.36	1		1.660400
7	61	2	0	0	0	17	7	6	4	95.38	1		4.007928
7	62	2	0	0	0	21	7	6	4	95.38	1		4.007928
1	1	1	0	32	11	0	17	4	6	45.56	0		2.066560
1	2	3	0	19	0	24	15	3	6	42.88	0		6.729354
1	3	3	0	31	22	0	15	3	6	42.88	0		6.729354
1	7	9	0	23	10	8	9	5	4	33.75	0		2.587540
1	8	9	0	23	10	12	9	5	4	33.75	0		2.587540
1	9	9	0	23	10	16	9	5	4	33.75	0		2.587540
1	4	7	0	31	22	6	14	3	3	19.77	0		8.333952
1	5	7	0	31	22	9	14	3	3	19.77	0		8.333952
1	6	7	0	31	22	12	14	3	3	19.77	0		8.333952
14	134	8	0	32	11	6	16	5	6	146.23	0		5.864389
14	135	8	0	32	10	12	16	5	6	146.23	0		5.864389
14	128	1	0	32	10	18	17	4	6	45.56	0		2.066560
14	130	3	0	31	22	15	15	3	6	42.88	0		6.729354
14	131	4	0	17	11	21	6	6	7	43.15	0		3.824431
14	136	9	0	23	10	20	9	5	4	33.75	0		2.587540
14	133	7	0	23	10	24	14	3	3	19.77	0		8.333952
14	137	10	0	19	4	0	15	2	4	15.89	0		3.759821
14	132	6	0	26	16	6	13	6	6	153.36	1		1.660400
14	129	2	0	26	15	12	7	6	4	95.38	1		4.007928


