Name:				032_n020_m200_bt3_3164
Problem:			3L-VRPTW
Number_of_used_Vehicles:	1
Total_Travel_Distance:		164.94
Calculation_Time:		1.35
Total_Iterations:		1
ConstraintSet:			P1

-------------------------------------------------------------------------------------------------------------------
Tour_Id:			1
No_of_Customers:		3
No_of_Items:			38
Customer_Sequence:		20 16 15 

CustId	Id	TypeId	Rotated	x	y	z	Length	Width	Height	mass	Fragility	LoadBearingStrength
15	140	1	0	0	0	0	15	3	8	46.79	0		2.102335
15	141	1	0	0	3	0	15	3	8	46.79	0		2.102335
15	142	1	0	0	6	0	15	3	8	46.79	0		2.102335
15	143	1	0	0	9	0	15	3	8	46.79	0		2.102335
15	144	1	0	0	12	0	15	3	8	46.79	0		2.102335
15	145	2	0	0	15	0	9	6	5	124.55	0		15.886810
15	146	2	0	0	15	5	9	6	5	124.55	0		15.886810
15	147	3	0	0	0	8	17	5	7	96.36	1		2.905919
15	148	3	0	0	5	8	17	5	7	96.36	1		2.905919
15	149	3	0	0	10	8	17	5	7	96.36	1		2.905919
15	150	3	0	0	0	15	17	5	7	96.36	1		2.905919
15	151	3	0	0	5	15	17	5	7	96.36	1		2.905919
16	152	1	0	0	21	0	15	3	8	46.79	0		2.102335
16	153	1	0	0	21	8	15	3	8	46.79	0		2.102335
16	154	1	0	0	21	16	15	3	8	46.79	0		2.102335
16	155	1	0	9	15	0	15	3	8	46.79	0		2.102335
16	156	1	0	9	18	0	15	3	8	46.79	0		2.102335
16	157	1	0	9	15	8	15	3	8	46.79	0		2.102335
16	158	2	0	0	15	10	9	6	5	124.55	0		15.886810
16	159	2	0	0	15	15	9	6	5	124.55	0		15.886810
16	160	2	0	0	15	20	9	6	5	124.55	0		15.886810
16	161	2	0	0	15	25	9	6	5	124.55	0		15.886810
16	162	3	0	0	10	15	17	5	7	96.36	1		2.905919
16	163	3	0	0	0	22	17	5	7	96.36	1		2.905919
16	164	3	0	0	5	22	17	5	7	96.36	1		2.905919
20	188	1	0	9	18	8	15	3	8	46.79	0		2.102335
20	189	1	0	9	15	16	15	3	8	46.79	0		2.102335
20	190	2	0	17	0	0	9	6	5	124.55	0		15.886810
20	191	2	0	17	6	0	9	6	5	124.55	0		15.886810
20	192	2	0	17	0	5	9	6	5	124.55	0		15.886810
20	193	2	0	17	6	5	9	6	5	124.55	0		15.886810
20	194	3	0	0	10	22	17	5	7	96.36	1		2.905919
20	195	3	0	24	12	0	17	5	7	96.36	1		2.905919
20	196	3	0	24	17	0	17	5	7	96.36	1		2.905919
20	197	3	0	24	12	7	17	5	7	96.36	1		2.905919
20	198	3	0	24	17	7	17	5	7	96.36	1		2.905919
20	199	3	0	24	12	14	17	5	7	96.36	1		2.905919
20	200	3	0	24	17	14	17	5	7	96.36	1		2.905919


