Name:				113_n060_m200_bt10_11454
Problem:			3L-VRPTW
Number_of_used_Vehicles:	1
Total_Travel_Distance:		695.76
Calculation_Time:		5.02
Total_Iterations:		1
ConstraintSet:			P1

-------------------------------------------------------------------------------------------------------------------
Tour_Id:			1
No_of_Customers:		17
No_of_Items:			67
Customer_Sequence:		11 8 12 6 14 23 3 9 19 10 17 22 21 5 20 7 18 

CustId	Id	TypeId	Rotated	x	y	z	Length	Width	Height	mass	Fragility	LoadBearingStrength
18	62	7	0	0	0	0	17	4	5	178.06	0		22.175618
18	63	8	0	0	4	0	14	6	4	218.92	0		12.655080
18	64	8	0	0	10	0	14	6	4	218.92	0		12.655080
18	60	3	0	0	16	0	11	6	3	225.10	0		30.582006
18	61	4	0	0	22	0	8	3	8	103.07	0		20.975061
7	23	8	0	0	16	3	14	6	4	218.92	0		12.655080
7	21	2	0	0	4	4	12	4	6	90.99	0		10.261145
7	24	9	0	0	8	4	6	6	8	90.04	0		14.416972
7	22	3	0	0	16	7	11	6	3	225.10	0		30.582006
7	20	1	0	0	16	10	6	6	3	77.77	0		18.464458
20	71	8	0	14	4	0	14	6	4	218.92	0		12.655080
20	70	2	0	0	0	5	12	4	6	90.99	0		10.261145
20	69	1	0	0	8	12	6	6	3	77.77	0		18.464458
20	72	10	0	0	4	10	6	4	6	120.67	1		5.335820
5	14	5	0	0	16	13	8	5	8	299.04	0		21.768093
5	13	2	0	0	0	11	12	4	6	90.99	0		10.261145
5	15	6	0	0	0	17	10	5	5	120.26	1		5.238866
21	73	2	0	6	8	4	12	4	6	90.99	0		10.261145
21	74	2	0	6	8	10	12	4	6	90.99	0		10.261145
21	77	9	0	0	8	15	6	6	8	90.04	0		14.416972
21	75	6	0	0	16	21	10	5	5	120.26	1		5.238866
21	76	6	0	0	0	22	10	5	5	120.26	1		5.238866
22	79	8	0	14	12	0	14	6	4	218.92	0		12.655080
22	80	9	0	14	18	0	6	6	8	90.04	0		14.416972
22	78	4	0	0	22	8	8	3	8	103.07	0		20.975061
17	57	8	0	14	12	4	14	6	4	218.92	0		12.655080
17	58	9	0	14	12	8	6	6	8	90.04	0		14.416972
17	59	9	0	14	18	8	6	6	8	90.04	0		14.416972
17	55	6	0	6	8	16	10	5	5	120.26	1		5.238866
17	56	6	0	6	8	21	10	5	5	120.26	1		5.238866
10	33	7	0	12	4	4	17	4	5	178.06	0		22.175618
10	34	8	0	20	18	0	14	6	4	218.92	0		12.655080
10	32	5	0	14	18	16	8	5	8	299.04	0		21.768093
10	31	1	0	14	18	24	6	6	3	77.77	0		18.464458
19	66	8	0	22	18	4	14	6	4	218.92	0		12.655080
19	67	8	0	22	18	8	14	6	4	218.92	0		12.655080
19	65	5	0	20	12	8	8	5	8	299.04	0		21.768093
19	68	10	0	12	0	5	6	4	6	120.67	1		5.335820
9	29	7	0	12	4	9	17	4	5	178.06	0		22.175618
9	30	8	0	16	12	16	14	6	4	218.92	0		12.655080
9	28	2	0	10	4	14	12	4	6	90.99	0		10.261145
3	8	8	0	16	12	20	14	6	4	218.92	0		12.655080
3	6	2	0	10	4	20	12	4	6	90.99	0		10.261145
3	9	9	0	22	18	12	6	6	8	90.04	0		14.416972
3	7	4	0	18	0	0	8	3	8	103.07	0		20.975061
23	81	7	0	16	12	24	17	4	5	178.06	0		22.175618
23	82	7	0	26	0	0	17	4	5	178.06	0		22.175618
23	83	10	0	12	0	11	6	4	6	120.67	1		5.335820
14	47	5	0	22	18	20	8	5	8	299.04	0		21.768093
14	48	9	0	28	18	12	6	6	8	90.04	0		14.416972
14	46	3	0	29	4	0	11	6	3	225.10	0		30.582006
14	45	1	0	14	18	27	6	6	3	77.77	0		18.464458
6	17	7	0	26	0	5	17	4	5	178.06	0		22.175618
6	18	8	0	29	4	3	14	6	4	218.92	0		12.655080
6	16	4	0	18	0	8	8	3	8	103.07	0		20.975061
6	19	10	0	10	0	17	6	4	6	120.67	1		5.335820
12	41	7	0	26	0	10	17	4	5	178.06	0		22.175618
12	42	7	0	26	0	15	17	4	5	178.06	0		22.175618
12	38	3	0	29	4	7	11	6	3	225.10	0		30.582006
12	39	4	0	18	0	16	8	3	8	103.07	0		20.975061
12	40	6	0	26	0	20	10	5	5	120.26	1		5.238866
8	26	8	0	33	10	0	14	6	4	218.92	0		12.655080
8	27	8	0	33	10	4	14	6	4	218.92	0		12.655080
8	25	6	0	26	0	25	10	5	5	120.26	1		5.238866
11	36	7	0	33	10	8	17	4	5	178.06	0		22.175618
11	35	5	0	29	5	10	8	5	8	299.04	0		21.768093
11	37	9	0	29	5	18	6	6	8	90.04	0		14.416972


