Name:				310_n020_m400_bt10_30301
Problem:			3L-VRPTW
Number_of_used_Vehicles:	1
Total_Travel_Distance:		119.46
Calculation_Time:		3.99
Total_Iterations:		1
ConstraintSet:			P1

-------------------------------------------------------------------------------------------------------------------
Tour_Id:			1
No_of_Customers:		3
No_of_Items:			63
Customer_Sequence:		11 6 3 

CustId	Id	TypeId	Rotated	x	y	z	Length	Width	Height	mass	Fragility	LoadBearingStrength
3	43	3	0	0	0	0	16	7	6	107.41	0		8.055076
3	42	2	0	0	7	0	10	5	8	66.50	0		6.560611
3	54	7	0	0	12	0	14	4	7	65.17	0		5.835611
3	53	7	0	0	16	0	14	4	7	65.17	0		5.835611
3	52	6	0	0	20	0	13	5	6	83.33	0		4.126139
3	51	6	0	0	0	6	13	5	6	83.33	0		4.126139
3	58	10	0	0	20	6	13	4	7	145.06	0		13.239944
3	57	10	0	0	12	7	13	4	7	145.06	0		13.239944
3	56	10	0	0	16	7	13	4	7	145.06	0		13.239944
3	55	10	0	0	7	8	13	4	7	145.06	0		13.239944
3	50	5	0	0	0	12	6	5	5	24.76	0		4.175824
3	49	5	0	0	20	13	6	5	5	24.76	0		4.175824
3	48	5	0	0	11	14	6	5	5	24.76	0		4.175824
3	47	4	0	0	5	6	6	2	7	17.23	1		1.545034
3	46	4	0	0	5	13	6	2	7	17.23	1		1.545034
3	45	4	0	0	16	14	6	2	7	17.23	1		1.545034
3	44	4	0	0	18	14	6	2	7	17.23	1		1.545034
6	106	3	0	14	7	0	16	7	6	107.41	0		8.055076
6	103	2	1	6	11	14	10	5	8	66.50	0		6.560611
6	104	2	1	6	11	22	10	5	8	66.50	0		6.560611
6	105	2	0	13	20	0	10	5	8	66.50	0		6.560611
6	115	7	0	0	7	15	14	4	7	65.17	0		5.835611
6	113	6	0	13	7	6	13	5	6	83.33	0		4.126139
6	114	6	0	13	20	8	13	5	6	83.33	0		4.126139
6	112	6	0	11	20	14	13	5	6	83.33	0		4.126139
6	119	10	0	0	7	22	13	4	7	145.06	0		13.239944
6	120	10	0	11	20	20	13	4	7	145.06	0		13.239944
6	121	10	0	14	14	0	13	4	7	145.06	0		13.239944
6	122	10	0	13	14	7	13	4	7	145.06	0		13.239944
6	123	10	0	11	14	14	13	4	7	145.06	0		13.239944
6	118	9	0	6	0	12	9	5	4	41.03	0		10.336386
6	110	5	0	0	0	17	6	5	5	24.76	0		4.175824
6	111	5	0	0	20	18	6	5	5	24.76	0		4.175824
6	116	8	0	6	0	16	7	6	3	20.40	0		15.571704
6	117	8	0	6	0	19	7	6	3	20.40	0		15.571704
6	102	1	0	0	0	22	15	4	7	52.78	1		1.648576
6	109	4	0	0	11	19	6	2	7	17.23	1		1.545034
6	108	4	0	0	13	19	6	2	7	17.23	1		1.545034
6	107	4	0	0	5	20	6	2	7	17.23	1		1.545034
11	206	3	0	16	0	0	16	7	6	107.41	0		8.055076
11	207	3	0	15	0	6	16	7	6	107.41	0		8.055076
11	208	3	0	14	5	12	16	7	6	107.41	0		8.055076
11	209	3	0	14	4	18	16	7	6	107.41	0		8.055076
11	210	3	0	13	4	24	16	7	6	107.41	0		8.055076
11	204	2	0	11	14	21	10	5	8	66.50	0		6.560611
11	205	2	0	26	18	0	10	5	8	66.50	0		6.560611
11	219	7	0	15	0	12	14	4	7	65.17	0		5.835611
11	220	7	0	15	0	19	14	4	7	65.17	0		5.835611
11	221	7	0	27	14	0	14	4	7	65.17	0		5.835611
11	216	6	0	26	18	8	13	5	6	83.33	0		4.126139
11	217	6	0	24	18	14	13	5	6	83.33	0		4.126139
11	218	6	0	24	18	20	13	5	6	83.33	0		4.126139
11	223	9	0	24	18	26	9	5	4	41.03	0		10.336386
11	224	9	0	30	7	0	9	5	4	41.03	0		10.336386
11	225	9	0	30	7	4	9	5	4	41.03	0		10.336386
11	226	9	0	30	7	8	9	5	4	41.03	0		10.336386
11	215	5	0	30	7	12	6	5	5	24.76	0		4.175824
11	214	5	0	30	7	17	6	5	5	24.76	0		4.175824
11	213	5	0	30	7	22	6	5	5	24.76	0		4.175824
11	222	8	0	32	0	0	7	6	3	20.40	0		15.571704
11	203	1	0	26	14	7	15	4	7	52.78	1		1.648576
11	212	4	0	14	18	0	6	2	7	17.23	1		1.545034
11	211	4	0	13	18	7	6	2	7	17.23	1		1.545034


