Name:				325_n020_m400_bt10_31925
Problem:			3L-VRPTW
Number_of_used_Vehicles:	1
Total_Travel_Distance:		173.71
Calculation_Time:		4.42
Total_Iterations:		1
ConstraintSet:			P1

-------------------------------------------------------------------------------------------------------------------
Tour_Id:			1
No_of_Customers:		3
No_of_Items:			63
Customer_Sequence:		6 14 16 

CustId	Id	TypeId	Rotated	x	y	z	Length	Width	Height	mass	Fragility	LoadBearingStrength
16	319	8	0	0	0	0	14	6	7	100.16	0		2.574903
16	318	8	0	0	6	0	14	6	7	100.16	0		2.574903
16	317	8	0	0	12	0	14	6	7	100.16	0		2.574903
16	301	3	0	0	18	0	16	5	6	59.41	0		10.369826
16	302	3	0	0	18	6	16	5	6	59.41	0		10.369826
16	303	3	0	0	0	7	16	5	6	59.41	0		10.369826
16	304	4	0	0	5	7	11	6	4	30.84	0		2.411353
16	305	4	0	0	11	7	11	6	4	30.84	0		2.411353
16	306	4	0	0	5	11	11	6	4	30.84	0		2.411353
16	307	4	0	0	11	11	11	6	4	30.84	0		2.411353
16	308	4	0	0	17	12	11	6	4	30.84	0		2.411353
16	316	7	0	0	0	13	8	3	7	27.75	0		7.148205
16	300	2	0	0	5	15	9	3	6	19.09	0		3.741785
16	309	5	0	0	8	15	7	4	4	11.62	0		10.596865
16	311	6	0	0	23	0	15	2	7	38.86	1		3.938385
16	315	6	0	0	23	7	15	2	7	38.86	1		3.938385
16	314	6	0	0	3	13	15	2	7	38.86	1		3.938385
16	313	6	0	0	23	14	15	2	7	38.86	1		3.938385
16	312	6	0	0	3	20	15	2	7	38.86	1		3.938385
16	310	6	0	0	23	21	15	2	7	38.86	1		3.938385
16	320	9	0	0	17	16	7	6	5	35.79	1		1.346165
16	321	9	0	0	17	21	7	6	5	35.79	1		1.346165
16	322	9	0	14	0	0	7	6	5	35.79	1		1.346165
14	277	8	0	14	6	0	14	6	7	100.16	0		2.574903
14	276	8	0	11	5	7	14	6	7	100.16	0		2.574903
14	263	3	0	11	5	14	16	5	6	59.41	0		10.369826
14	264	3	0	9	5	20	16	5	6	59.41	0		10.369826
14	259	1	0	0	12	15	10	5	7	44.53	0		2.328649
14	258	1	0	0	12	22	10	5	7	44.53	0		2.328649
14	265	4	0	9	5	26	11	6	4	30.84	0		2.411353
14	275	7	0	0	8	19	8	3	7	27.75	0		7.148205
14	274	7	0	0	0	20	8	3	7	27.75	0		7.148205
14	260	2	0	0	5	21	9	3	6	19.09	0		3.741785
14	261	2	0	8	0	13	9	3	6	19.09	0		3.741785
14	262	2	0	8	0	19	9	3	6	19.09	0		3.741785
14	269	5	0	0	8	26	7	4	4	11.62	0		10.596865
14	270	5	1	11	11	7	7	4	4	11.62	0		10.596865
14	268	5	1	11	11	11	7	4	4	11.62	0		10.596865
14	267	5	1	10	10	15	7	4	4	11.62	0		10.596865
14	266	5	1	10	10	19	7	4	4	11.62	0		10.596865
14	271	6	0	15	23	0	15	2	7	38.86	1		3.938385
14	272	6	0	15	23	7	15	2	7	38.86	1		3.938385
14	273	6	0	15	23	14	15	2	7	38.86	1		3.938385
14	278	9	0	14	12	0	7	6	5	35.79	1		1.346165
14	279	9	0	21	0	0	7	6	5	35.79	1		1.346165
6	114	8	0	21	12	0	14	6	7	100.16	0		2.574903
6	113	8	0	21	12	7	14	6	7	100.16	0		2.574903
6	112	8	0	21	12	14	14	6	7	100.16	0		2.574903
6	111	8	0	21	12	21	14	6	7	100.16	0		2.574903
6	106	3	0	16	18	0	16	5	6	59.41	0		10.369826
6	107	3	0	16	18	6	16	5	6	59.41	0		10.369826
6	118	10	0	11	18	12	17	3	8	54.63	0		4.036011
6	117	10	0	7	18	20	17	3	8	54.63	0		4.036011
6	102	1	0	28	0	0	10	5	7	44.53	0		2.328649
6	103	1	0	27	0	7	10	5	7	44.53	0		2.328649
6	101	1	0	27	0	14	10	5	7	44.53	0		2.328649
6	108	4	0	27	0	21	11	6	4	30.84	0		2.411353
6	105	2	0	28	5	0	9	3	6	19.09	0		3.741785
6	104	2	0	28	8	0	9	3	6	19.09	0		3.741785
6	110	5	0	27	0	25	7	4	4	11.62	0		10.596865
6	109	5	0	28	5	6	7	4	4	11.62	0		10.596865
6	115	9	0	32	18	0	7	6	5	35.79	1		1.346165
6	116	9	0	32	18	5	7	6	5	35.79	1		1.346165


