Name:				327_n020_m400_bt100_32256
Problem:			3L-VRPTW
Number_of_used_Vehicles:	1
Total_Travel_Distance:		134.31
Calculation_Time:		10.23
Total_Iterations:		1
ConstraintSet:			P1

-------------------------------------------------------------------------------------------------------------------
Tour_Id:			1
No_of_Customers:		3
No_of_Items:			65
Customer_Sequence:		15 17 13 

CustId	Id	TypeId	Rotated	x	y	z	Length	Width	Height	mass	Fragility	LoadBearingStrength
13	242	37	0	0	0	0	14	4	8	54.69	0		5.109371
13	244	45	0	0	4	0	16	3	8	36.61	0		2.625663
13	249	65	0	0	7	0	15	5	5	37.59	0		5.106755
13	240	27	0	0	12	0	14	5	5	33.25	0		2.307547
13	257	99	0	0	17	0	17	5	4	51.27	0		16.639478
13	238	14	0	0	17	4	8	6	7	26.91	0		8.920066
13	245	47	0	0	7	5	11	4	7	39.91	0		5.037285
13	255	89	0	0	11	5	15	3	6	29.96	0		4.945354
13	241	33	0	0	0	8	7	6	6	37.10	0		4.799558
13	236	12	0	0	17	11	6	6	7	20.38	0		4.139555
13	252	84	0	0	6	12	6	5	8	40.85	0		6.444330
13	253	84	0	0	0	14	6	5	8	40.85	0		6.444330
13	243	43	0	0	14	5	13	3	6	18.66	0		3.024976
13	250	72	0	0	11	11	10	4	5	23.40	0		4.941147
13	234	3	0	0	23	0	13	2	6	12.04	0		3.299237
13	239	15	0	14	0	0	16	3	3	13.78	0		4.094613
13	235	6	0	0	11	16	9	5	3	23.40	0		2.920578
13	237	13	0	0	11	19	10	3	4	17.09	0		3.741604
13	254	87	0	15	7	0	16	6	5	61.95	1		1.946315
13	256	96	0	15	7	5	13	7	4	47.60	1		1.484006
13	246	52	0	14	0	3	14	3	7	23.79	1		1.478834
13	248	57	0	15	7	9	16	6	3	40.92	1		1.123023
13	251	83	0	0	11	23	9	4	7	20.61	1		0.851451
13	247	55	0	0	17	18	8	3	4	8.56	1		0.529851
17	332	44	0	17	14	0	13	7	8	78.94	0		6.459443
17	329	32	0	17	21	0	17	4	8	60.47	0		3.916172
17	340	91	0	16	3	0	17	3	4	21.94	0		6.224831
17	323	2	0	13	14	8	17	5	5	35.62	0		12.212069
17	330	35	0	13	19	8	17	4	6	50.63	0		4.003278
17	336	67	0	10	14	13	17	4	6	37.11	0		4.901990
17	327	20	0	9	14	19	15	3	7	33.38	0		4.022181
17	325	16	0	30	13	0	13	6	4	32.95	0		3.983380
17	326	16	0	30	13	4	13	6	4	32.95	0		3.983380
17	338	69	0	13	19	14	15	3	6	43.20	0		25.736588
17	337	69	0	13	19	20	15	3	6	43.20	0		25.736588
17	324	12	0	0	0	22	6	6	7	20.38	0		4.139555
17	331	37	0	16	3	4	14	4	8	54.69	0		5.109371
17	341	91	0	9	14	26	17	3	4	21.94	0		6.224831
17	328	24	0	0	23	6	6	2	7	9.65	0		3.781395
17	334	57	0	15	7	12	16	6	3	40.92	1		1.123023
17	339	83	0	15	7	15	9	4	7	20.61	1		0.851451
17	335	61	0	15	7	22	10	4	6	29.81	1		1.010815
17	333	55	0	0	20	18	8	3	4	8.56	1		0.529851
15	291	37	0	16	3	12	14	4	8	54.69	0		5.109371
15	297	67	0	16	3	20	17	4	6	37.11	0		4.901990
15	290	35	0	30	13	8	17	4	6	50.63	0		4.003278
15	292	45	0	27	13	14	16	3	8	36.61	0		2.625663
15	295	65	0	31	6	0	15	5	5	37.59	0		5.106755
15	285	14	0	31	6	5	8	6	7	26.91	0		8.920066
15	286	14	0	31	6	12	8	6	7	26.91	0		8.920066
15	293	47	0	27	13	22	11	4	7	39.91	0		5.037285
15	288	25	0	33	0	0	12	6	4	32.49	0		4.630048
15	301	76	0	30	0	4	12	3	8	47.83	0		14.789185
15	284	7	0	43	11	0	8	7	5	30.75	0		7.122442
15	289	33	0	39	6	5	7	6	6	37.10	0		4.799558
15	304	95	0	30	3	4	13	3	6	40.42	0		3.498392
15	287	21	0	30	3	10	12	3	6	31.72	0		3.827659
15	299	72	0	34	19	0	10	4	5	23.40	0		4.941147
15	296	66	0	30	17	8	12	2	8	16.67	0		2.185726
15	305	96	0	46	0	0	13	7	4	47.60	1		1.484006
15	298	68	0	34	19	5	7	4	8	22.72	1		3.395807
15	300	73	0	39	6	11	7	6	4	23.79	1		1.611547
15	302	80	0	39	6	15	7	6	4	24.77	1		1.033043
15	303	80	0	33	6	19	7	6	4	24.77	1		1.033043
15	294	64	0	33	6	23	7	4	6	26.80	1		2.420868


