Name:				329_n020_m400_bt100_32410
Problem:			3L-VRPTW
Number_of_used_Vehicles:	1
Total_Travel_Distance:		115.07
Calculation_Time:		9.79
Total_Iterations:		1
ConstraintSet:			P1

-------------------------------------------------------------------------------------------------------------------
Tour_Id:			1
No_of_Customers:		3
No_of_Items:			68
Customer_Sequence:		6 3 2 

CustId	Id	TypeId	Rotated	x	y	z	Length	Width	Height	mass	Fragility	LoadBearingStrength
2	31	83	0	0	0	0	16	4	8	57.30	0		4.497265
2	32	89	0	0	4	0	16	6	4	29.58	0		1.886161
2	29	69	0	0	10	0	13	4	7	18.65	0		3.281323
2	28	69	0	0	14	0	13	4	7	18.65	0		3.281323
2	16	1	0	0	18	0	16	5	4	35.14	0		6.904120
2	34	94	0	0	4	4	13	3	8	43.55	0		36.564041
2	30	81	0	0	18	4	7	6	7	15.58	0		2.862063
2	17	2	0	0	10	7	12	6	4	15.88	0		2.677882
2	36	96	0	0	10	11	7	5	7	14.75	0		3.759368
2	37	97	0	0	18	11	6	5	7	18.15	0		4.840116
2	23	42	0	0	7	4	11	3	6	22.21	0		3.420479
2	22	27	0	0	0	8	12	3	5	11.63	0		2.620104
2	27	63	0	13	10	0	14	4	3	21.70	0		6.132393
2	35	95	0	0	3	12	6	4	7	20.31	0		2.318383
2	25	60	0	0	7	10	9	3	6	8.32	0		9.544181
2	26	61	0	0	0	13	14	3	3	8.13	0		2.145119
2	24	58	0	0	0	16	8	3	5	14.30	0		4.453359
2	21	19	0	0	16	7	8	2	7	6.95	0		1.188537
2	20	19	0	0	16	14	8	2	7	6.95	0		1.188537
2	33	91	0	16	0	0	12	6	8	40.62	1		1.635431
2	19	3	0	0	7	16	11	2	5	6.46	1		0.686834
2	18	3	0	0	7	21	11	2	5	6.46	1		0.686834
3	42	30	0	16	14	0	14	7	7	61.95	0		1.558036
3	43	38	0	12	14	7	15	7	5	56.19	0		9.643093
3	51	78	0	8	16	12	17	4	6	28.18	0		1.792755
3	38	13	0	28	0	0	14	7	4	24.21	0		1.726634
3	39	18	0	8	16	18	17	3	6	20.11	0		1.429898
3	52	79	0	0	10	18	9	4	8	36.92	0		12.910247
3	46	59	0	0	18	18	6	6	6	16.21	0		3.182599
3	44	42	0	8	16	24	11	3	6	22.21	0		3.420479
3	41	27	0	13	10	3	12	3	5	11.63	0		2.620104
3	49	67	0	0	18	24	7	5	5	17.40	0		3.786439
3	47	63	0	16	21	0	14	4	3	21.70	0		6.132393
3	48	63	0	16	21	3	14	4	3	21.70	0		6.132393
3	45	57	0	12	14	12	13	2	6	13.57	0		2.430950
3	40	19	0	0	3	19	8	2	7	6.95	0		1.188537
3	50	74	0	0	5	19	7	2	3	3.03	0		1.923728
3	53	100	0	14	0	8	9	5	7	16.01	1		0.487998
6	109	40	0	27	7	0	14	7	7	97.60	0		7.423215
6	112	62	0	25	7	7	14	5	8	29.27	0		1.695593
6	97	11	0	25	7	15	15	6	6	69.61	0		7.330240
6	106	38	0	25	7	21	15	7	5	56.19	0		9.643093
6	103	32	0	16	21	6	14	3	8	18.42	0		2.351569
6	95	7	0	28	0	4	7	6	8	21.59	0		4.308937
6	96	7	0	28	0	12	7	6	8	21.59	0		4.308937
6	101	25	0	16	21	14	15	3	7	43.49	0		4.355759
6	98	14	0	16	21	21	14	3	7	27.42	0		4.300077
6	123	98	0	30	14	0	16	3	6	34.24	0		10.222964
6	122	98	0	30	17	0	16	3	6	34.24	0		10.222964
6	94	2	0	25	7	26	12	6	4	15.88	0		2.677882
6	120	90	0	13	10	8	9	4	7	34.43	0		5.029899
6	119	87	0	30	14	6	11	6	3	15.26	0		2.168454
6	102	27	0	13	10	15	12	3	5	11.63	0		2.620104
6	100	23	0	0	0	21	10	3	6	11.66	0		1.268587
6	115	67	0	28	0	20	7	5	5	17.40	0		3.786439
6	113	63	0	30	20	0	14	4	3	21.70	0		6.132393
6	111	60	0	13	10	20	9	3	6	8.32	0		9.544181
6	110	45	0	0	9	26	7	5	4	11.62	0		2.130869
6	121	93	0	30	20	3	11	4	3	8.87	0		3.547641
6	104	34	0	0	0	27	10	3	3	4.97	0		3.164600
6	105	37	0	14	0	15	9	6	6	18.91	1		0.612653
6	116	76	0	41	7	0	16	5	4	34.79	1		0.711552
6	117	76	0	41	7	4	16	5	4	34.79	1		0.711552
6	114	65	0	14	0	21	8	5	5	25.94	1		2.139428
6	99	21	0	12	14	18	15	2	6	13.18	1		1.823882
6	118	82	0	8	0	16	6	3	3	3.59	1		1.175590
6	108	39	0	11	7	4	6	3	3	3.06	1		0.527325
6	107	39	0	11	7	7	6	3	3	3.06	1		0.527325


