Name:				333_n020_m400_bt3_32985
Problem:			3L-VRPTW
Number_of_used_Vehicles:	1
Total_Travel_Distance:		131.13
Calculation_Time:		6.07
Total_Iterations:		1
ConstraintSet:			P1

-------------------------------------------------------------------------------------------------------------------
Tour_Id:			1
No_of_Customers:		3
No_of_Items:			67
Customer_Sequence:		3 5 8 

CustId	Id	TypeId	Rotated	x	y	z	Length	Width	Height	mass	Fragility	LoadBearingStrength
8	168	3	0	0	0	0	8	2	6	35.95	0		11.227156
8	167	3	0	0	2	0	8	2	6	35.95	0		11.227156
8	166	3	0	0	4	0	8	2	6	35.95	0		11.227156
8	165	3	0	0	6	0	8	2	6	35.95	0		11.227156
8	164	3	0	0	8	0	8	2	6	35.95	0		11.227156
8	163	3	0	0	10	0	8	2	6	35.95	0		11.227156
8	162	3	0	0	12	0	8	2	6	35.95	0		11.227156
8	161	3	0	0	14	0	8	2	6	35.95	0		11.227156
8	160	3	0	0	16	0	8	2	6	35.95	0		11.227156
8	146	1	0	0	18	0	6	3	3	17.96	0		4.951209
8	151	1	0	0	21	0	6	3	3	17.96	0		4.951209
8	150	1	0	0	18	3	6	3	3	17.96	0		4.951209
8	149	1	0	0	21	3	6	3	3	17.96	0		4.951209
8	148	1	0	0	0	6	6	3	3	17.96	0		4.951209
8	147	1	0	0	3	6	6	3	3	17.96	0		4.951209
8	145	1	0	0	6	6	6	3	3	17.96	0		4.951209
8	155	2	1	0	9	6	12	6	8	149.60	1		2.796351
8	156	2	1	0	9	14	12	6	8	149.60	1		2.796351
8	157	2	1	0	9	22	12	6	8	149.60	1		2.796351
8	158	2	0	6	18	0	12	6	8	149.60	1		2.796351
8	159	2	0	6	18	8	12	6	8	149.60	1		2.796351
8	154	2	0	6	18	16	12	6	8	149.60	1		2.796351
8	153	2	0	8	0	0	12	6	8	149.60	1		2.796351
8	152	2	0	8	6	0	12	6	8	149.60	1		2.796351
5	105	3	0	0	0	9	8	2	6	35.95	0		11.227156
5	106	3	0	0	2	9	8	2	6	35.95	0		11.227156
5	107	3	0	0	4	9	8	2	6	35.95	0		11.227156
5	92	1	0	0	6	9	6	3	3	17.96	0		4.951209
5	93	1	0	0	6	12	6	3	3	17.96	0		4.951209
5	94	1	0	0	0	15	6	3	3	17.96	0		4.951209
5	95	1	0	0	3	15	6	3	3	17.96	0		4.951209
5	96	1	0	0	6	15	6	3	3	17.96	0		4.951209
5	97	1	0	0	0	18	6	3	3	17.96	0		4.951209
5	98	1	0	0	3	18	6	3	3	17.96	0		4.951209
5	99	1	0	0	6	18	6	3	3	17.96	0		4.951209
5	100	1	0	0	0	21	6	3	3	17.96	0		4.951209
5	101	1	0	0	3	21	6	3	3	17.96	0		4.951209
5	102	2	0	6	6	8	12	6	8	149.60	1		2.796351
5	103	2	0	6	6	16	12	6	8	149.60	1		2.796351
5	104	2	0	8	12	0	12	6	8	149.60	1		2.796351
3	70	3	0	0	0	24	8	2	6	35.95	0		11.227156
3	69	3	0	0	2	24	8	2	6	35.95	0		11.227156
3	68	3	0	0	4	24	8	2	6	35.95	0		11.227156
3	67	3	0	18	18	0	8	2	6	35.95	0		11.227156
3	45	1	0	18	20	0	6	3	3	17.96	0		4.951209
3	55	1	0	18	20	3	6	3	3	17.96	0		4.951209
3	54	1	0	18	18	6	6	3	3	17.96	0		4.951209
3	53	1	0	18	18	9	6	3	3	17.96	0		4.951209
3	51	1	0	18	18	12	6	3	3	17.96	0		4.951209
3	44	1	0	18	18	15	6	3	3	17.96	0		4.951209
3	46	1	0	18	18	18	6	3	3	17.96	0		4.951209
3	47	1	0	18	18	21	6	3	3	17.96	0		4.951209
3	48	1	0	18	18	24	6	3	3	17.96	0		4.951209
3	49	1	0	18	18	27	6	3	3	17.96	0		4.951209
3	50	1	0	20	0	0	6	3	3	17.96	0		4.951209
3	52	1	0	20	3	0	6	3	3	17.96	0		4.951209
3	57	2	0	6	12	8	12	6	8	149.60	1		2.796351
3	58	2	0	6	12	16	12	6	8	149.60	1		2.796351
3	59	2	0	8	0	8	12	6	8	149.60	1		2.796351
3	60	2	0	8	0	16	12	6	8	149.60	1		2.796351
3	61	2	0	20	6	0	12	6	8	149.60	1		2.796351
3	62	2	0	18	6	8	12	6	8	149.60	1		2.796351
3	63	2	0	18	6	16	12	6	8	149.60	1		2.796351
3	64	2	0	20	12	0	12	6	8	149.60	1		2.796351
3	65	2	0	18	12	8	12	6	8	149.60	1		2.796351
3	66	2	0	18	12	16	12	6	8	149.60	1		2.796351
3	56	2	0	26	0	0	12	6	8	149.60	1		2.796351


