Name:				339_n020_m400_bt10_33561
Problem:			3L-VRPTW
Number_of_used_Vehicles:	1
Total_Travel_Distance:		137.00
Calculation_Time:		2.93
Total_Iterations:		1
ConstraintSet:			P1

-------------------------------------------------------------------------------------------------------------------
Tour_Id:			1
No_of_Customers:		3
No_of_Items:			60
Customer_Sequence:		3 4 11 

CustId	Id	TypeId	Rotated	x	y	z	Length	Width	Height	mass	Fragility	LoadBearingStrength
11	219	5	0	0	0	0	12	5	8	49.33	0		7.781386
11	220	6	0	0	5	0	13	5	6	52.07	0		6.255974
11	225	9	0	0	10	0	10	5	7	37.89	0		4.536295
11	224	8	0	0	15	0	12	4	7	47.94	0		1.765599
11	223	8	0	0	19	0	12	4	7	47.94	0		1.765599
11	222	8	0	0	5	6	12	4	7	47.94	0		1.765599
11	210	1	0	0	9	7	8	5	7	29.20	0		3.728258
11	211	1	0	0	14	7	8	5	7	29.20	0		3.728258
11	209	1	0	0	19	7	8	5	7	29.20	0		3.728258
11	221	7	0	0	0	8	12	3	7	31.16	0		3.618175
11	218	4	0	0	3	8	15	2	8	37.96	0		15.463073
11	217	3	0	0	5	13	15	2	8	29.46	0		6.089815
11	216	3	0	0	7	13	15	2	8	29.46	0		6.089815
11	215	3	1	0	9	14	15	2	8	29.46	0		6.089815
11	226	10	1	2	9	14	16	7	7	109.12	1		1.561458
11	214	2	0	2	9	21	6	6	6	37.99	1		2.650038
11	213	2	0	2	15	21	6	6	6	37.99	1		2.650038
11	212	2	0	12	10	0	6	6	6	37.99	1		2.650038
4	70	5	0	12	16	0	12	5	8	49.33	0		7.781386
4	71	5	0	9	16	8	12	5	8	49.33	0		7.781386
4	72	5	0	9	16	16	12	5	8	49.33	0		7.781386
4	73	6	0	8	16	24	13	5	6	52.07	0		6.255974
4	74	6	0	15	0	0	13	5	6	52.07	0		6.255974
4	77	8	0	0	5	21	12	4	7	47.94	0		1.765599
4	64	1	0	15	5	0	8	5	7	29.20	0		3.728258
4	75	7	0	0	0	15	12	3	7	31.16	0		3.618175
4	76	7	0	0	0	22	12	3	7	31.16	0		3.618175
4	68	3	0	0	3	16	15	2	8	29.46	0		6.089815
4	69	4	0	12	21	0	15	2	8	37.96	0		15.463073
4	78	10	0	23	5	0	16	7	7	109.12	1		1.561458
4	65	2	0	12	10	6	6	6	6	37.99	1		2.650038
4	66	2	0	12	10	12	6	6	6	37.99	1		2.650038
4	67	2	0	12	10	18	6	6	6	37.99	1		2.650038
3	46	5	0	15	0	6	12	5	8	49.33	0		7.781386
3	47	5	0	15	0	14	12	5	8	49.33	0		7.781386
3	48	5	0	15	0	22	12	5	8	49.33	0		7.781386
3	61	9	0	24	12	0	10	5	7	37.89	0		4.536295
3	60	9	0	24	12	7	10	5	7	37.89	0		4.536295
3	59	9	0	24	12	14	10	5	7	37.89	0		4.536295
3	58	9	0	24	12	21	10	5	7	37.89	0		4.536295
3	57	9	0	28	0	0	10	5	7	37.89	0		4.536295
3	56	8	0	24	17	0	12	4	7	47.94	0		1.765599
3	55	8	0	24	17	7	12	4	7	47.94	0		1.765599
3	54	8	0	21	17	14	12	4	7	47.94	0		1.765599
3	53	8	0	21	17	21	12	4	7	47.94	0		1.765599
3	38	1	0	15	5	7	8	5	7	29.20	0		3.728258
3	37	1	0	15	5	14	8	5	7	29.20	0		3.728258
3	50	7	0	12	5	21	12	3	7	31.16	0		3.618175
3	52	7	0	27	21	0	12	3	7	31.16	0		3.618175
3	51	7	0	27	21	7	12	3	7	31.16	0		3.618175
3	49	7	0	27	0	7	12	3	7	31.16	0		3.618175
3	45	4	0	9	21	8	15	2	8	37.96	0		15.463073
3	44	3	0	9	23	0	15	2	8	29.46	0		6.089815
3	43	3	0	9	23	8	15	2	8	29.46	0		6.089815
3	42	3	0	9	21	16	15	2	8	29.46	0		6.089815
3	62	10	0	23	5	7	16	7	7	109.12	1		1.561458
3	63	10	0	24	5	14	16	7	7	109.12	1		1.561458
3	41	2	0	12	10	24	6	6	6	37.99	1		2.650038
3	40	2	0	24	5	21	6	6	6	37.99	1		2.650038
3	39	2	0	30	5	21	6	6	6	37.99	1		2.650038


