Name:				340_n020_m400_bt10_33653
Problem:			3L-VRPTW
Number_of_used_Vehicles:	1
Total_Travel_Distance:		132.68
Calculation_Time:		2.38
Total_Iterations:		1
ConstraintSet:			P1

-------------------------------------------------------------------------------------------------------------------
Tour_Id:			1
No_of_Customers:		3
No_of_Items:			53
Customer_Sequence:		7 15 16 

CustId	Id	TypeId	Rotated	x	y	z	Length	Width	Height	mass	Fragility	LoadBearingStrength
16	308	9	0	0	0	0	15	6	7	84.49	0		7.981485
16	299	4	0	0	6	0	11	6	8	82.94	0		16.194101
16	305	8	0	0	12	0	13	4	6	60.94	0		3.730744
16	306	8	0	0	16	0	13	4	6	60.94	0		3.730744
16	307	8	0	0	20	0	13	4	6	60.94	0		3.730744
16	298	3	0	0	12	6	9	6	5	27.23	0		9.026001
16	312	10	0	0	18	6	7	6	6	46.98	0		5.634454
16	311	10	0	0	0	7	7	6	6	46.98	0		5.634454
16	310	10	0	0	6	8	7	6	6	46.98	0		5.634454
16	309	10	0	0	12	11	7	6	6	46.98	0		5.634454
16	300	5	1	9	12	6	11	3	7	38.45	0		2.971555
16	301	5	0	11	6	0	11	3	7	38.45	0		2.971555
16	304	7	0	0	18	12	9	4	6	22.59	0		4.899972
16	303	7	0	0	0	13	9	4	6	22.59	0		4.899972
16	302	7	0	0	6	14	9	4	6	22.59	0		4.899972
16	296	2	0	13	9	0	10	5	7	36.16	1		1.337100
16	297	2	0	11	6	7	10	5	7	36.16	1		1.337100
15	293	9	0	13	14	0	15	6	7	84.49	0		7.981485
15	292	8	0	13	20	0	13	4	6	60.94	0		3.730744
15	289	8	0	12	20	6	13	4	6	60.94	0		3.730744
15	290	8	0	12	20	12	13	4	6	60.94	0		3.730744
15	291	8	0	12	20	18	13	4	6	60.94	0		3.730744
15	282	3	0	0	12	17	9	6	5	27.23	0		9.026001
15	283	3	0	0	12	22	9	6	5	27.23	0		9.026001
15	295	10	0	9	0	7	7	6	6	46.98	0		5.634454
15	294	10	0	9	0	13	7	6	6	46.98	0		5.634454
15	284	5	0	0	18	18	11	3	7	38.45	0		2.971555
15	285	5	0	0	0	19	11	3	7	38.45	0		2.971555
15	286	5	0	0	6	20	11	3	7	38.45	0		2.971555
15	287	7	0	11	20	24	9	4	6	22.59	0		4.899972
15	288	7	0	12	14	7	9	4	6	22.59	0		4.899972
15	279	1	0	0	18	25	10	4	3	30.32	1		3.978754
15	281	1	0	0	0	26	10	4	3	30.32	1		3.978754
15	280	1	0	0	6	27	10	4	3	30.32	1		3.978754
7	133	6	0	16	0	0	17	5	8	82.50	0		9.892342
7	132	6	0	16	0	8	17	5	8	82.50	0		9.892342
7	140	9	0	16	0	16	15	6	7	84.49	0		7.981485
7	139	9	0	16	0	23	15	6	7	84.49	0		7.981485
7	130	4	0	9	12	13	11	6	8	82.94	0		16.194101
7	127	3	0	9	12	21	9	6	5	27.23	0		9.026001
7	128	3	0	21	14	7	9	6	5	27.23	0		9.026001
7	129	3	0	21	14	12	9	6	5	27.23	0		9.026001
7	141	10	0	20	14	17	7	6	6	46.98	0		5.634454
7	131	5	0	22	5	0	11	3	7	38.45	0		2.971555
7	134	7	0	18	14	23	9	4	6	22.59	0		4.899972
7	135	7	0	21	5	7	9	4	6	22.59	0		4.899972
7	136	7	0	23	8	0	9	4	6	22.59	0		4.899972
7	137	7	0	26	20	0	9	4	6	22.59	0		4.899972
7	138	7	0	25	20	6	9	4	6	22.59	0		4.899972
7	126	2	0	11	6	14	10	5	7	36.16	1		1.337100
7	125	1	0	0	12	27	10	4	3	30.32	1		3.978754
7	124	1	0	11	6	21	10	4	3	30.32	1		3.978754
7	123	1	0	11	6	24	10	4	3	30.32	1		3.978754


