Name:				343_n020_m400_bt100_34101
Problem:			3L-VRPTW
Number_of_used_Vehicles:	1
Total_Travel_Distance:		131.36
Calculation_Time:		9.39
Total_Iterations:		1
ConstraintSet:			P1

-------------------------------------------------------------------------------------------------------------------
Tour_Id:			1
No_of_Customers:		3
No_of_Items:			57
Customer_Sequence:		7 8 13 

CustId	Id	TypeId	Rotated	x	y	z	Length	Width	Height	mass	Fragility	LoadBearingStrength
13	244	17	0	0	0	0	15	6	8	51.77	0		2.817326
13	255	92	0	0	6	0	15	7	6	60.13	0		16.680005
13	253	85	0	0	13	0	15	6	6	36.26	0		18.343407
13	248	37	0	0	19	0	10	6	8	57.90	0		5.643704
13	251	81	0	0	6	6	14	5	6	20.47	0		2.208434
13	252	83	0	0	11	6	12	4	8	19.68	0		2.483728
13	243	13	0	0	15	6	17	3	6	12.32	0		4.798603
13	246	28	0	0	0	8	12	5	5	24.77	0		3.612457
13	250	76	0	0	18	8	10	6	5	29.54	0		1.416234
13	242	9	0	0	0	13	10	6	4	25.46	0		7.074165
13	247	35	0	0	6	12	13	3	6	21.27	0		5.934047
13	240	4	0	0	11	14	14	4	4	17.20	0		2.636282
13	257	100	0	0	15	12	15	3	4	19.61	0		3.852278
13	254	91	0	0	9	12	12	2	7	9.52	0		3.317174
13	241	7	0	0	18	13	8	2	8	15.55	0		18.957462
13	245	23	0	0	20	13	12	4	5	18.74	1		2.309857
13	256	99	0	0	0	17	8	4	5	8.18	1		0.501860
13	249	49	0	0	15	16	15	3	3	10.84	1		2.404531
8	154	46	0	12	19	0	17	5	8	73.07	0		4.665954
8	163	80	0	12	18	8	17	5	8	75.71	0		5.315906
8	162	80	0	12	18	16	17	5	8	75.71	0		5.315906
8	158	61	0	15	0	0	16	7	5	45.22	0		8.366138
8	152	29	0	12	18	24	14	6	6	21.50	0		3.038739
8	153	36	0	0	11	18	14	4	7	51.57	0		4.946577
8	149	20	0	15	7	0	15	5	5	40.77	0		4.076333
8	164	84	0	15	0	5	10	6	6	26.38	0		3.964463
8	151	28	0	0	11	25	12	5	5	24.77	0		3.612457
7	136	43	0	0	6	18	10	3	4	14.09	0		5.705223
8	150	25	0	15	6	5	14	5	4	16.99	0		2.247098
8	155	52	0	14	6	9	17	5	3	22.71	0		3.162369
8	156	52	0	13	6	12	17	5	3	22.71	0		3.162369
8	157	52	0	13	6	15	17	5	3	22.71	0		3.162369
8	165	95	0	15	0	11	9	4	7	23.72	0		4.119348
8	166	95	0	15	0	18	9	4	7	23.72	0		4.119348
8	147	4	0	17	12	0	14	4	4	17.20	0		2.636282
8	167	96	0	17	16	0	9	3	7	21.29	0		4.582971
8	168	100	0	15	12	4	15	3	4	19.61	0		3.852278
8	159	65	0	29	16	0	16	4	7	23.07	1		0.992823
8	148	6	0	31	0	0	17	6	3	19.26	1		0.544127
8	161	79	0	0	20	18	8	5	6	31.87	1		1.129109
7	140	80	0	12	6	18	17	5	8	75.71	0		5.315906
7	141	82	0	29	20	0	17	5	8	32.21	0		1.029507
7	142	82	0	29	20	8	17	5	8	32.21	0		1.029507
7	139	56	0	31	6	0	9	7	6	22.45	0		1.844340
7	143	84	0	31	6	6	10	6	6	26.38	0		3.964463
7	144	84	0	30	6	12	10	6	6	26.38	0		3.964463
7	135	38	0	25	0	5	7	6	7	15.33	0		1.053059
7	133	25	0	12	6	26	14	5	4	16.99	0		2.247098
7	137	47	0	29	20	16	10	5	4	27.64	0		4.158813
7	138	47	0	29	6	18	10	5	4	27.64	0		4.158813
7	145	89	0	40	6	0	9	7	3	18.07	0		2.694901
7	132	24	0	0	6	22	10	4	4	16.21	0		1.889397
7	130	11	0	15	0	25	7	4	5	14.53	0		4.940389
8	160	77	0	45	13	0	9	4	8	18.18	0		11.153926
7	134	33	0	0	6	26	9	4	3	10.47	0		3.229720
7	131	14	0	14	12	8	16	3	5	20.58	1		2.789751
7	146	93	0	0	4	17	12	2	7	12.07	1		2.139414


