Name:				437_n060_m400_bt3_41919
Problem:			3L-VRPTW
Number_of_used_Vehicles:	1
Total_Travel_Distance:		230.96
Calculation_Time:		1.58
Total_Iterations:		1
ConstraintSet:			P1

-------------------------------------------------------------------------------------------------------------------
Tour_Id:			1
No_of_Customers:		6
No_of_Items:			49
Customer_Sequence:		2 3 9 15 1 12 

CustId	Id	TypeId	Rotated	x	y	z	Length	Width	Height	mass	Fragility	LoadBearingStrength
12	81	2	0	0	0	0	14	4	8	105.13	0		11.139644
12	82	3	0	0	4	0	17	4	6	126.23	0		5.922601
12	83	3	0	0	8	0	17	4	6	126.23	0		5.922601
12	75	1	0	0	12	0	13	4	6	102.88	1		3.696882
12	76	1	0	0	16	0	13	4	6	102.88	1		3.696882
12	77	1	0	0	20	0	13	4	6	102.88	1		3.696882
12	78	1	0	0	4	6	13	4	6	102.88	1		3.696882
12	79	1	0	0	8	6	13	4	6	102.88	1		3.696882
12	80	1	0	0	12	6	13	4	6	102.88	1		3.696882
1	3	2	0	0	0	8	14	4	8	105.13	0		11.139644
1	4	2	0	0	0	16	14	4	8	105.13	0		11.139644
1	5	3	0	0	0	24	17	4	6	126.23	0		5.922601
1	6	3	0	13	12	0	17	4	6	126.23	0		5.922601
1	7	3	0	13	16	0	17	4	6	126.23	0		5.922601
1	1	1	0	0	16	6	13	4	6	102.88	1		3.696882
1	2	1	0	0	20	6	13	4	6	102.88	1		3.696882
15	98	2	0	13	20	0	14	4	8	105.13	0		11.139644
15	99	2	1	13	4	6	14	4	8	105.13	0		11.139644
15	100	3	0	13	20	8	17	4	6	126.23	0		5.922601
15	101	3	1	13	4	14	17	4	6	126.23	0		5.922601
15	94	1	0	0	4	12	13	4	6	102.88	1		3.696882
15	95	1	0	0	8	12	13	4	6	102.88	1		3.696882
15	96	1	0	0	12	12	13	4	6	102.88	1		3.696882
15	97	1	0	0	16	12	13	4	6	102.88	1		3.696882
9	56	2	0	13	21	14	14	4	8	105.13	0		11.139644
9	57	2	1	13	4	20	14	4	8	105.13	0		11.139644
9	58	3	0	13	21	22	17	4	6	126.23	0		5.922601
9	50	1	0	17	0	0	13	4	6	102.88	1		3.696882
9	51	1	0	17	4	0	13	4	6	102.88	1		3.696882
9	52	1	0	17	8	0	13	4	6	102.88	1		3.696882
9	53	1	0	17	0	6	13	4	6	102.88	1		3.696882
9	54	1	0	17	4	6	13	4	6	102.88	1		3.696882
9	55	1	0	17	8	6	13	4	6	102.88	1		3.696882
3	17	2	0	17	12	6	14	4	8	105.13	0		11.139644
3	18	2	0	17	16	6	14	4	8	105.13	0		11.139644
3	19	3	0	17	12	14	17	4	6	126.23	0		5.922601
3	20	3	0	17	16	14	17	4	6	126.23	0		5.922601
3	21	3	0	17	12	20	17	4	6	126.23	0		5.922601
3	22	3	0	17	16	20	17	4	6	126.23	0		5.922601
3	23	3	0	30	0	0	17	4	6	126.23	0		5.922601
3	15	1	0	17	0	12	13	4	6	102.88	1		3.696882
3	16	1	0	17	4	12	13	4	6	102.88	1		3.696882
2	11	2	0	30	4	0	14	4	8	105.13	0		11.139644
2	12	2	0	30	8	0	14	4	8	105.13	0		11.139644
2	13	3	0	30	0	6	17	4	6	126.23	0		5.922601
2	14	3	0	30	4	8	17	4	6	126.23	0		5.922601
2	8	1	0	17	8	12	13	4	6	102.88	1		3.696882
2	9	1	0	17	0	18	13	4	6	102.88	1		3.696882
2	10	1	0	17	4	18	13	4	6	102.88	1		3.696882


