Name:				VRPTWP20
Problem:			3L-VRPTW
Number_of_used_Vehicles:	17
Total_Travel_Distance:		1355.48
Calculation_Time:		3600.00
Total_Iterations:		643
ConstraintSet:			P18

-------------------------------------------------------------------------------------------------------------------
Tour_Id:			1
No_of_Customers:		6
No_of_Items:			10
Customer_Sequence:		42 43 15 41 57 13 

CustId	Id	TypeId	Rotated	x	y	z	Length	Width	Height	mass	Fragility	LoadBearingStrength
41	89	89	0	0	0	0	17	15	17	58.50	0		3.074663
41	90	90	0	17	0	0	17	13	17	58.50	0		3.052193
15	26	26	0	0	0	17	31	13	9	179	0		2.172220
57	124	124	0	0	15	0	33	10	18	1125	1		0.861431
42	91	91	0	34	0	0	15	12	8	15.33	0		2.616994
13	22	22	0	34	12	0	13	11	7	51	0		1.055810
42	92	92	0	34	12	7	15	7	7	15.33	0		1.361689
57	123	123	0	34	0	8	13	9	13	1125	0		2.467141
43	94	94	0	0	15	18	35	10	12	8	1		0.718040
42	93	93	1	49	0	0	14	8	18	15.33	1		0.839345


-------------------------------------------------------------------------------------------------------------------
Tour_Id:			2
No_of_Customers:		3
No_of_Items:			7
Customer_Sequence:		22 56 4 

CustId	Id	TypeId	Rotated	x	y	z	Length	Width	Height	mass	Fragility	LoadBearingStrength
4	7	7	0	0	0	0	31	9	10	3074	0		2.994219
56	120	120	0	0	9	0	28	13	16	2383	0		2.625993
22	39	39	0	0	9	16	27	11	8	405	0		1.309487
56	122	122	0	0	0	10	30	8	13	2383	1		0.667601
56	121	121	0	28	9	0	29	15	15	2383	1		0.681957
22	40	40	0	0	0	23	32	5	6	405	1		0.780310
22	38	38	0	31	0	0	27	9	15	405	0		1.290572


-------------------------------------------------------------------------------------------------------------------
Tour_Id:			3
No_of_Customers:		5
No_of_Items:			10
Customer_Sequence:		39 67 55 25 54 

CustId	Id	TypeId	Rotated	x	y	z	Length	Width	Height	mass	Fragility	LoadBearingStrength
67	140	140	0	0	0	0	34	13	15	377	0		1.721226
55	117	117	0	0	13	0	30	12	18	48.33	0		3.098345
39	84	84	0	0	0	15	17	13	15	165.33	0		2.894728
39	83	83	0	30	13	0	20	10	17	165.33	0		1.530439
55	118	118	0	34	0	0	19	11	17	48.33	0		1.883264
39	85	85	1	53	0	0	24	7	15	165.33	0		3.383026
67	141	141	0	0	13	18	16	6	11	377	0		2.085513
54	116	116	0	16	13	18	14	7	6	12	0		3.696750
25	46	46	1	34	0	17	22	14	11	4	1		0.952830
55	119	119	0	0	19	18	14	5	11	48.33	1		0.656423


-------------------------------------------------------------------------------------------------------------------
Tour_Id:			4
No_of_Customers:		5
No_of_Items:			11
Customer_Sequence:		30 20 71 35 3 

CustId	Id	TypeId	Rotated	x	y	z	Length	Width	Height	mass	Fragility	LoadBearingStrength
35	74	74	0	0	0	0	24	13	15	964.67	0		2.982749
35	75	75	0	0	13	0	26	12	13	964.67	0		3.067518
35	76	76	0	24	0	0	19	13	16	964.67	0		3.932933
30	59	59	0	0	13	13	26	11	6	340.67	0		2.629635
30	60	60	0	0	0	15	23	6	8	340.67	0		1.468736
71	146	146	0	26	13	0	32	7	15	1226	0		2.951574
3	6	6	0	0	6	15	16	6	13	23	0		1.666525
20	35	35	0	43	0	0	13	13	16	444.50	1		0.873162
30	61	61	0	24	0	16	29	6	14	340.67	1		0.906524
71	147	147	0	24	6	16	23	7	13	1226	1		0.539288
20	36	36	0	0	13	19	19	10	11	444.50	1		0.703502


-------------------------------------------------------------------------------------------------------------------
Tour_Id:			5
No_of_Customers:		4
No_of_Items:			9
Customer_Sequence:		50 33 9 51 

CustId	Id	TypeId	Rotated	x	y	z	Length	Width	Height	mass	Fragility	LoadBearingStrength
9	15	15	0	0	0	0	36	12	16	31	0		2.148814
51	109	109	0	0	12	0	25	9	18	683	0		2.773490
33	68	68	0	25	12	0	25	13	11	3411.67	0		3.914624
33	70	70	0	0	0	16	25	11	9	3411.67	1		0.722702
50	107	107	0	25	12	11	26	5	15	20.67	0		3.994248
33	69	69	0	25	17	11	27	6	12	3411.67	0		2.571659
50	108	108	0	0	12	18	15	9	12	20.67	0		1.057962
51	110	110	0	25	0	16	12	11	9	683	0		2.257934
50	106	106	0	36	0	0	17	12	16	20.67	0		1.037383


-------------------------------------------------------------------------------------------------------------------
Tour_Id:			6
No_of_Customers:		4
No_of_Items:			9
Customer_Sequence:		65 66 32 63 

CustId	Id	TypeId	Rotated	x	y	z	Length	Width	Height	mass	Fragility	LoadBearingStrength
63	132	132	0	0	0	0	36	10	17	234	0		3.028520
65	136	136	0	0	10	0	20	14	16	44.33	0		1.752658
63	133	133	0	0	10	16	19	15	10	234	0		1.476487
32	65	65	0	20	10	0	22	12	10	563	0		1.843397
65	137	137	0	0	0	17	22	5	10	44.33	0		2.481036
32	66	66	0	20	10	10	20	6	13	563	0		2.503684
66	139	139	0	0	5	17	31	5	8	2340	0		3.432467
32	67	67	0	20	16	10	22	6	10	563	0		2.183243
65	138	138	0	20	16	20	15	5	7	44.33	0		3.565606


-------------------------------------------------------------------------------------------------------------------
Tour_Id:			7
No_of_Customers:		5
No_of_Items:			9
Customer_Sequence:		59 61 16 17 18 

CustId	Id	TypeId	Rotated	x	y	z	Length	Width	Height	mass	Fragility	LoadBearingStrength
18	32	32	0	0	0	0	22	10	17	1416	1		0.767710
16	27	27	0	0	10	0	28	10	10	3	0		1.107491
17	30	30	0	0	10	10	17	13	7	176	0		2.967141
18	33	33	0	0	0	17	12	14	13	1416	1		0.719275
59	126	126	0	0	14	17	14	8	10	134	0		3.055249
61	128	128	0	28	10	0	31	12	6	182	0		2.109729
17	31	31	0	28	10	6	32	13	14	176	1		0.705902
16	28	28	0	22	0	0	18	7	14	3	0		3.650691
17	29	29	0	22	0	14	20	8	16	176	0		3.851864


-------------------------------------------------------------------------------------------------------------------
Tour_Id:			8
No_of_Customers:		4
No_of_Items:			9
Customer_Sequence:		28 69 70 31 

CustId	Id	TypeId	Rotated	x	y	z	Length	Width	Height	mass	Fragility	LoadBearingStrength
28	55	55	0	0	0	0	17	15	8	510.67	1		0.508159
28	53	53	0	17	0	0	18	14	8	510.67	0		2.142321
70	145	145	0	0	0	8	34	12	13	1832.50	1		0.524669
31	62	62	0	0	15	0	35	7	10	294.33	0		1.032294
28	54	54	0	0	15	10	30	8	15	510.67	1		0.830796
69	143	143	0	0	0	21	28	15	9	806	1		0.949666
31	63	63	0	35	0	0	20	12	18	294.33	1		0.924257
70	144	144	0	35	12	0	21	12	15	1832.50	0		3.031321
31	64	64	0	35	12	15	25	7	7	294.33	1		0.787038


-------------------------------------------------------------------------------------------------------------------
Tour_Id:			9
No_of_Customers:		5
No_of_Items:			8
Customer_Sequence:		44 38 14 2 58 

CustId	Id	TypeId	Rotated	x	y	z	Length	Width	Height	mass	Fragility	LoadBearingStrength
38	82	82	0	0	0	0	27	12	16	207	0		2.875104
2	4	4	0	0	12	0	12	13	12	25.50	0		3.041736
14	24	24	0	12	12	0	26	7	18	183.67	0		1.697037
44	95	95	0	12	19	0	28	6	16	18	0		1.059311
14	23	23	0	0	0	16	35	11	13	183.67	0		3.085228
2	5	5	0	12	19	16	30	5	11	25.50	0		1.187866
58	125	125	0	12	12	18	24	6	10	383	0		1.057332
14	25	25	0	27	0	0	33	12	8	183.67	1		0.569286


-------------------------------------------------------------------------------------------------------------------
Tour_Id:			10
No_of_Customers:		7
No_of_Items:			11
Customer_Sequence:		36 64 49 47 19 7 52 

CustId	Id	TypeId	Rotated	x	y	z	Length	Width	Height	mass	Fragility	LoadBearingStrength
7	13	13	0	0	0	0	26	13	12	698	0		3.225056
36	77	77	0	0	0	12	23	13	9	225	0		2.216137
64	134	134	0	0	13	0	17	12	12	9	0		1.996881
36	78	78	0	17	13	0	23	5	16	225	0		3.657940
49	105	105	0	0	13	12	15	8	8	967	0		2.336157
52	111	111	0	0	13	20	15	7	9	76.67	0		1.699389
52	112	112	0	26	0	0	32	8	16	76.67	1		0.953761
19	34	34	0	17	18	0	32	7	14	1514	1		0.528013
52	113	113	0	26	0	16	26	9	10	76.67	1		0.943504
47	101	101	0	0	0	21	18	12	9	3542	1		0.616604
64	135	135	0	17	18	14	16	5	16	9	1		0.789414


-------------------------------------------------------------------------------------------------------------------
Tour_Id:			11
No_of_Customers:		4
No_of_Items:			7
Customer_Sequence:		60 45 46 8 

CustId	Id	TypeId	Rotated	x	y	z	Length	Width	Height	mass	Fragility	LoadBearingStrength
8	14	14	0	0	0	0	32	13	12	3001	0		2.492041
45	97	97	0	0	13	0	30	12	16	187	0		3.340077
45	96	96	0	32	0	0	28	15	14	187	0		2.290500
45	98	98	0	32	0	14	17	15	13	187	0		1.070565
46	99	99	0	0	0	12	31	13	7	938.50	0		3.966962
46	100	100	0	0	13	16	23	5	13	938.50	0		1.319376
60	127	127	0	32	15	0	24	8	16	1947	1		0.975075


-------------------------------------------------------------------------------------------------------------------
Tour_Id:			12
No_of_Customers:		5
No_of_Items:			12
Customer_Sequence:		1 34 29 24 68 

CustId	Id	TypeId	Rotated	x	y	z	Length	Width	Height	mass	Fragility	LoadBearingStrength
29	56	56	0	0	0	0	31	7	17	236.33	0		2.460591
29	57	57	0	0	7	0	22	9	9	236.33	0		1.290490
34	72	72	0	0	16	0	32	9	9	9.67	0		2.442768
24	45	45	0	0	7	9	25	7	15	1525	0		3.408243
1	1	1	0	0	14	9	23	11	10	2354.33	0		1.131439
24	44	44	0	31	0	0	16	15	13	1525	0		3.450250
34	73	73	0	31	0	13	16	6	17	9.67	0		1.034355
68	142	142	1	47	0	0	16	13	10	1264	0		1.748746
34	71	71	0	32	16	0	27	8	16	9.67	0		1.795058
1	3	3	0	0	0	17	29	5	12	2354.33	0		3.699319
1	2	2	0	0	14	19	24	10	9	2354.33	0		2.096114
29	58	58	0	31	6	13	21	9	7	236.33	0		3.016471


-------------------------------------------------------------------------------------------------------------------
Tour_Id:			13
No_of_Customers:		3
No_of_Items:			8
Customer_Sequence:		27 5 6 

CustId	Id	TypeId	Rotated	x	y	z	Length	Width	Height	mass	Fragility	LoadBearingStrength
5	8	8	0	0	0	0	33	13	14	174.50	0		2.211493
5	9	9	0	0	0	14	28	13	12	174.50	0		3.733341
6	11	11	0	0	13	0	32	10	16	349	1		0.557909
6	10	10	0	32	13	0	23	6	9	349	0		2.081789
27	51	51	0	32	13	9	17	8	7	247	0		3.953186
27	50	50	0	33	0	0	15	12	17	247	0		1.588154
6	12	12	0	33	0	17	17	13	12	349	1		0.579486
27	52	52	1	28	0	14	13	5	9	247	0		3.750599


-------------------------------------------------------------------------------------------------------------------
Tour_Id:			14
No_of_Customers:		4
No_of_Items:			9
Customer_Sequence:		62 11 48 10 

CustId	Id	TypeId	Rotated	x	y	z	Length	Width	Height	mass	Fragility	LoadBearingStrength
48	102	102	0	0	0	0	31	7	11	267	0		2.511955
62	131	131	0	0	7	0	30	12	14	1311.33	1		0.599687
48	103	103	0	0	0	11	20	7	7	267	0		3.568722
48	104	104	0	0	7	14	31	7	14	267	1		0.759713
11	18	18	0	0	0	18	21	7	9	21611	1		0.850657
62	129	129	0	0	19	0	33	6	16	1311.33	0		3.763801
62	130	130	0	31	0	0	29	15	14	1311.33	1		0.592858
10	17	17	0	0	14	14	34	5	15	567.50	1		0.528292
10	16	16	0	31	0	14	20	11	16	567.50	1		0.574783


-------------------------------------------------------------------------------------------------------------------
Tour_Id:			15
No_of_Customers:		3
No_of_Items:			8
Customer_Sequence:		12 40 53 

CustId	Id	TypeId	Rotated	x	y	z	Length	Width	Height	mass	Fragility	LoadBearingStrength
40	87	87	0	0	0	0	31	6	16	340.33	0		1.842842
53	114	114	0	0	6	0	27	13	15	2	0		3.896790
12	19	19	0	0	6	15	21	14	12	19	0		3.435466
40	86	86	0	27	6	0	33	10	18	340.33	0		3.518475
53	115	115	0	27	6	18	27	12	8	2	0		1.355114
40	88	88	0	0	19	0	26	6	6	340.33	0		2.727250
12	20	20	0	27	16	0	23	9	13	19	1		0.858091
12	21	21	0	0	0	16	18	6	12	19	1		0.500446


-------------------------------------------------------------------------------------------------------------------
Tour_Id:			16
No_of_Customers:		3
No_of_Items:			7
Customer_Sequence:		21 23 26 

CustId	Id	TypeId	Rotated	x	y	z	Length	Width	Height	mass	Fragility	LoadBearingStrength
26	48	48	0	0	0	0	26	8	16	521	0		3.732971
26	47	47	0	0	8	0	35	14	17	521	0		1.184272
26	49	49	0	26	0	0	23	8	17	521	0		3.900577
23	41	41	0	0	8	17	23	10	11	603.33	0		2.410641
21	37	37	0	35	8	0	24	13	8	2554	0		3.833189
23	42	42	0	0	0	16	16	6	6	603.33	0		1.943533
23	43	43	0	35	8	8	25	15	13	603.33	1		0.665385


-------------------------------------------------------------------------------------------------------------------
Tour_Id:			17
No_of_Customers:		1
No_of_Items:			0
Customer_Sequence:		37 

