Name:				VRPTWP25
Problem:			3L-VRPTW
Number_of_used_Vehicles:	22
Total_Travel_Distance:		1492.62
Calculation_Time:		3600.0
Total_Iterations:		108
ConstraintSet:			P18

-------------------------------------------------------------------------------------------------------------------
Tour_Id:			1
No_of_Customers:		1
No_of_Items:			0
Customer_Sequence:		28 

-------------------------------------------------------------------------------------------------------------------
Tour_Id:			2
No_of_Customers:		4
No_of_Items:			10
Customer_Sequence:		88 62 10 70 

CustId	Id	TypeId	Rotated	x	y	z	Length	Width	Height	mass	Fragility	LoadBearingStrength
62	124	124	0	0	0	0	27	14	18	6.33	0		1.043780
10	17	17	0	27	0	0	26	14	15	8	0		2.812774
88	170	170	0	0	14	0	35	8	15	3	0		3.951913
62	125	125	0	0	0	18	17	14	12	6.33	0		2.686522
88	172	172	0	0	14	15	30	7	8	3	0		2.534236
62	126	126	0	27	0	15	13	12	15	6.33	0		3.903514
70	146	146	0	35	14	0	18	10	7	2.50	0		1.371074
10	18	18	0	0	14	23	36	7	7	8	1		0.759095
88	171	171	0	35	14	7	21	6	16	3	0		1.822798
70	147	147	0	35	20	7	15	5	14	2.50	1		0.613183


-------------------------------------------------------------------------------------------------------------------
Tour_Id:			3
No_of_Customers:		5
No_of_Items:			11
Customer_Sequence:		51 66 71 65 35 

CustId	Id	TypeId	Rotated	x	y	z	Length	Width	Height	mass	Fragility	LoadBearingStrength
66	136	136	0	0	0	0	23	14	15	8.33	0		2.950368
35	72	72	0	0	0	15	14	13	6	2.67	0		1.631531
65	133	133	0	23	0	0	32	13	18	6.67	0		1.773997
35	70	70	0	0	14	0	36	10	9	2.67	0		2.482092
66	137	137	0	0	14	9	33	8	9	8.33	0		1.931534
66	138	138	0	36	14	0	13	7	18	8.33	0		3.568378
71	148	148	0	0	14	18	36	5	9	15	0		1.529522
65	134	134	0	23	0	18	27	13	12	6.67	0		1.075045
65	135	135	1	55	0	0	23	5	11	6.67	0		2.124121
35	71	71	1	14	0	15	14	8	14	2.67	0		3.333587
51	105	105	0	0	0	21	14	7	8	10	1		0.977013


-------------------------------------------------------------------------------------------------------------------
Tour_Id:			4
No_of_Customers:		4
No_of_Items:			8
Customer_Sequence:		60 84 45 83 

CustId	Id	TypeId	Rotated	x	y	z	Length	Width	Height	mass	Fragility	LoadBearingStrength
84	165	165	0	0	0	0	31	12	13	3.50	0		1.437163
60	119	119	0	0	12	0	34	12	13	1.50	0		2.825892
45	90	90	0	0	0	13	30	15	17	5.33	0		1.597388
83	164	164	0	31	0	0	29	8	18	11	0		3.847341
84	166	166	0	34	12	0	18	11	14	3.50	0		2.998530
45	91	91	0	0	15	13	29	6	14	5.33	0		2.078231
60	120	120	0	31	0	18	25	10	9	1.50	0		3.569804
45	92	92	0	34	12	14	22	5	15	5.33	1		0.844870


-------------------------------------------------------------------------------------------------------------------
Tour_Id:			5
No_of_Customers:		6
No_of_Items:			11
Customer_Sequence:		21 73 74 22 41 57 

CustId	Id	TypeId	Rotated	x	y	z	Length	Width	Height	mass	Fragility	LoadBearingStrength
74	151	151	0	0	0	0	31	15	10	4	0		1.293075
41	82	82	0	0	0	10	14	12	11	2.50	0		3.361981
22	42	42	0	14	0	10	14	13	12	6	0		2.348582
57	115	115	0	0	15	0	28	7	14	3.50	1		0.943497
57	114	114	0	28	15	0	20	10	10	3.50	0		1.167443
74	152	152	0	28	15	10	24	9	9	4	0		2.062149
22	41	41	0	31	0	0	24	14	11	6	0		3.253428
73	150	150	1	0	0	21	15	11	7	9	0		3.264424
22	43	43	0	31	0	11	24	9	18	6	1		0.785103
41	81	81	0	28	15	19	30	9	8	2.50	0		3.812262
21	40	40	0	0	15	14	23	9	7	11	1		0.779634


-------------------------------------------------------------------------------------------------------------------
Tour_Id:			6
No_of_Customers:		5
No_of_Items:			9
Customer_Sequence:		61 16 85 93 59 

CustId	Id	TypeId	Rotated	x	y	z	Length	Width	Height	mass	Fragility	LoadBearingStrength
59	117	117	0	0	0	0	36	8	15	14	0		3.164507
16	31	31	0	0	8	0	30	13	13	9.50	0		1.345617
16	32	32	0	0	8	13	29	15	9	9.50	0		2.232948
59	118	118	0	30	8	0	20	11	12	14	0		3.737048
93	181	181	0	0	0	15	27	6	12	22	0		3.791541
61	121	121	0	30	19	0	27	6	12	4.33	0		1.800864
61	122	122	0	0	8	22	33	7	8	4.33	0		1.140327
85	167	167	0	30	8	12	22	11	7	41	1		0.644768
61	123	123	0	0	15	22	12	5	8	4.33	1		0.599983


-------------------------------------------------------------------------------------------------------------------
Tour_Id:			7
No_of_Customers:		3
No_of_Items:			8
Customer_Sequence:		1 69 27 

CustId	Id	TypeId	Rotated	x	y	z	Length	Width	Height	mass	Fragility	LoadBearingStrength
1	1	1	0	0	0	0	32	6	8	3.33	0		3.337213
27	53	53	0	0	6	0	23	5	14	8	0		1.131275
69	143	143	0	0	11	0	18	13	15	2	0		2.481560
69	144	144	0	0	0	8	14	6	17	2	0		1.120139
27	54	54	0	0	11	15	19	9	8	8	1		0.602076
69	145	145	0	14	0	8	23	6	9	2	0		2.927561
1	3	3	0	18	11	0	33	14	10	3.33	1		0.832480
1	2	2	0	14	0	17	16	8	11	3.33	0		1.184932


-------------------------------------------------------------------------------------------------------------------
Tour_Id:			8
No_of_Customers:		5
No_of_Items:			11
Customer_Sequence:		76 12 54 4 26 

CustId	Id	TypeId	Rotated	x	y	z	Length	Width	Height	mass	Fragility	LoadBearingStrength
76	156	156	0	0	0	0	18	14	7	4.33	0		3.031543
12	20	20	0	18	0	0	36	15	11	9.50	0		1.262601
76	154	154	0	18	15	0	34	9	15	4.33	0		1.907995
54	109	109	0	18	0	11	29	15	10	9	0		3.121355
4	6	6	0	18	15	15	33	10	14	9.50	0		3.148017
54	110	110	0	0	0	7	17	13	9	9	0		1.073379
12	21	21	0	0	14	0	17	7	16	9.50	0		3.707351
26	51	51	0	18	0	21	33	7	8	8.50	0		3.408177
76	155	155	1	0	0	16	24	12	10	4.33	0		2.509312
4	7	7	1	12	0	16	19	5	8	9.50	0		2.330389
26	52	52	0	18	7	21	14	8	8	8.50	1		0.896351


-------------------------------------------------------------------------------------------------------------------
Tour_Id:			9
No_of_Customers:		4
No_of_Items:			8
Customer_Sequence:		52 7 48 89 

CustId	Id	TypeId	Rotated	x	y	z	Length	Width	Height	mass	Fragility	LoadBearingStrength
89	173	173	0	0	0	0	24	7	17	15	0		3.362656
7	13	13	0	0	7	0	12	9	11	1.67	0		2.510599
7	12	12	0	0	16	0	18	8	15	1.67	0		2.945163
48	98	98	0	0	16	15	19	6	15	12	0		1.487950
48	99	99	0	0	0	17	32	5	8	12	0		1.968387
48	97	97	0	24	0	0	33	10	16	12	0		1.134264
52	106	106	0	24	10	0	27	14	10	9	1		0.630547
7	14	14	0	24	10	10	32	14	7	1.67	1		0.713988


-------------------------------------------------------------------------------------------------------------------
Tour_Id:			10
No_of_Customers:		5
No_of_Items:			9
Customer_Sequence:		99 37 100 91 98 

CustId	Id	TypeId	Rotated	x	y	z	Length	Width	Height	mass	Fragility	LoadBearingStrength
37	76	76	0	0	0	0	33	9	6	8	0		2.116799
91	175	175	0	0	9	0	32	11	12	0.33	0		1.112921
91	176	176	0	0	0	6	26	8	16	0.33	0		3.850334
100	192	192	0	0	20	0	18	5	15	5.67	0		1.072155
100	191	191	0	0	9	12	34	10	18	5.67	0		2.527245
91	177	177	0	0	0	22	22	8	8	0.33	0		3.869089
98	189	189	0	32	9	0	26	10	12	10	0		2.716237
100	193	193	0	34	9	12	17	13	6	5.67	0		2.774374
99	190	190	0	33	0	0	20	8	11	9	1		0.815073


-------------------------------------------------------------------------------------------------------------------
Tour_Id:			11
No_of_Customers:		6
No_of_Items:			10
Customer_Sequence:		72 75 56 23 67 39 

CustId	Id	TypeId	Rotated	x	y	z	Length	Width	Height	mass	Fragility	LoadBearingStrength
23	44	44	0	0	0	0	33	8	17	9.67	0		3.965974
23	45	45	0	0	8	0	28	8	12	9.67	0		3.591110
67	140	140	0	0	16	0	13	9	12	8.33	0		2.827068
67	139	139	0	0	8	12	27	11	7	8.33	0		3.251239
75	153	153	0	28	8	0	32	5	15	18	1		0.939603
23	46	46	0	28	13	0	13	12	17	9.67	0		3.612200
72	149	149	0	28	13	17	16	12	12	25	1		0.888527
39	78	78	0	0	0	17	18	7	7	31	0		2.264323
56	113	113	0	41	13	0	15	9	14	6	0		3.003407
67	141	141	0	0	8	19	23	5	9	8.33	0		3.585107


-------------------------------------------------------------------------------------------------------------------
Tour_Id:			12
No_of_Customers:		2
No_of_Items:			6
Customer_Sequence:		6 94 

CustId	Id	TypeId	Rotated	x	y	z	Length	Width	Height	mass	Fragility	LoadBearingStrength
94	183	183	0	0	0	0	12	10	8	9	0		2.946438
94	184	184	0	0	10	0	31	14	15	9	1		0.788658
6	9	9	0	31	10	0	15	12	17	1	0		1.834734
94	182	182	0	12	0	0	24	8	7	9	0		2.980088
6	10	10	0	0	10	15	31	12	11	1	1		0.666729
6	11	11	0	0	0	8	15	8	13	1	1		0.962339


-------------------------------------------------------------------------------------------------------------------
Tour_Id:			13
No_of_Customers:		3
No_of_Items:			6
Customer_Sequence:		96 92 95 

CustId	Id	TypeId	Rotated	x	y	z	Length	Width	Height	mass	Fragility	LoadBearingStrength
92	178	178	0	0	0	0	32	11	15	0.67	0		2.461663
96	186	186	0	0	11	0	31	10	15	5.50	0		1.715795
92	179	179	0	0	0	15	31	8	12	0.67	0		1.589000
96	187	187	0	0	8	15	13	8	14	5.50	0		1.676047
95	185	185	0	13	8	15	23	13	9	20	1		0.609429
92	180	180	0	31	11	0	24	10	7	0.67	1		0.989661


-------------------------------------------------------------------------------------------------------------------
Tour_Id:			14
No_of_Customers:		6
No_of_Items:			12
Customer_Sequence:		8 46 36 47 82 18 

CustId	Id	TypeId	Rotated	x	y	z	Length	Width	Height	mass	Fragility	LoadBearingStrength
18	34	34	0	0	0	0	15	13	12	4	0		3.467678
36	74	74	0	0	13	0	31	7	18	1.67	0		1.671941
82	163	163	0	15	0	0	21	12	17	16	0		3.702429
8	15	15	0	0	13	18	22	6	8	9	0		3.797564
36	75	75	0	0	0	12	13	8	12	1.67	1		0.949393
36	73	73	1	36	0	0	25	14	13	1.67	0		2.861291
18	35	35	0	0	20	0	20	5	7	4	0		1.782753
47	96	96	0	0	20	7	16	5	17	13.50	0		2.823648
47	95	95	1	36	0	13	20	12	16	13.50	0		2.080976
46	94	94	1	50	0	0	22	6	11	0.50	0		1.116587
18	36	36	1	50	0	11	19	6	17	4	1		0.843899
46	93	93	0	15	0	17	17	12	12	0.50	0		2.572500


-------------------------------------------------------------------------------------------------------------------
Tour_Id:			15
No_of_Customers:		3
No_of_Items:			6
Customer_Sequence:		13 58 40 

CustId	Id	TypeId	Rotated	x	y	z	Length	Width	Height	mass	Fragility	LoadBearingStrength
13	22	22	0	0	0	0	26	15	16	7.67	0		3.625106
13	23	23	0	0	15	0	34	7	18	7.67	0		1.326256
40	79	79	0	26	0	0	22	12	15	4.50	0		2.751438
40	80	80	0	26	0	15	12	14	15	4.50	0		2.062934
13	24	24	0	0	0	16	13	11	14	7.67	0		3.663004
58	116	116	0	0	15	18	33	9	6	18	0		2.769956


-------------------------------------------------------------------------------------------------------------------
Tour_Id:			16
No_of_Customers:		8
No_of_Items:			11
Customer_Sequence:		2 97 14 44 38 86 17 5 

CustId	Id	TypeId	Rotated	x	y	z	Length	Width	Height	mass	Fragility	LoadBearingStrength
17	33	33	0	0	0	0	27	14	17	2	0		1.014992
86	168	168	0	0	14	0	34	11	14	35	0		2.772949
44	88	88	0	0	0	17	19	14	12	9	0		1.483131
38	77	77	0	27	0	0	19	12	14	16	0		2.779393
97	188	188	0	46	0	0	13	12	17	12	0		3.073529
2	4	4	0	0	14	14	28	10	16	7	1		0.637696
14	26	26	0	34	14	0	22	6	11	6.67	0		1.573515
14	25	25	0	27	0	14	13	13	9	6.67	0		1.495079
44	89	89	0	34	14	11	23	6	13	9	0		1.414448
14	27	27	0	34	20	0	23	5	6	6.67	0		1.509627
5	8	8	0	46	0	17	14	9	8	26	0		3.347062


-------------------------------------------------------------------------------------------------------------------
Tour_Id:			17
No_of_Customers:		4
No_of_Items:			7
Customer_Sequence:		50 33 3 77 

CustId	Id	TypeId	Rotated	x	y	z	Length	Width	Height	mass	Fragility	LoadBearingStrength
3	5	5	0	0	0	0	28	13	14	13	0		3.667883
33	66	66	0	0	13	0	31	8	14	3.67	0		1.271547
50	103	103	0	0	0	14	28	9	10	6.50	0		1.320041
33	67	67	0	0	9	14	27	7	7	3.67	0		2.450432
33	68	68	0	0	9	21	14	9	9	3.67	0		3.455201
77	157	157	0	28	0	0	31	10	16	14	1		0.812501
50	104	104	0	31	13	0	19	9	16	6.50	1		0.861144


-------------------------------------------------------------------------------------------------------------------
Tour_Id:			18
No_of_Customers:		5
No_of_Items:			11
Customer_Sequence:		42 43 15 87 53 

CustId	Id	TypeId	Rotated	x	y	z	Length	Width	Height	mass	Fragility	LoadBearingStrength
53	107	107	0	0	0	0	24	10	17	7	0		3.165650
15	29	29	0	0	10	0	28	14	6	2.67	0		3.540237
43	86	86	0	0	10	6	21	12	8	2.33	0		1.791439
15	28	28	0	0	10	14	21	13	12	2.67	0		1.296259
42	83	83	0	28	10	0	14	14	15	2.50	0		2.522199
43	85	85	0	24	0	0	35	7	12	2.33	0		2.316338
15	30	30	0	24	0	12	35	7	7	2.67	0		2.360886
53	108	108	0	24	0	19	27	7	8	7	0		3.500945
87	169	169	0	0	0	17	18	10	7	26	0		3.091238
42	84	84	0	28	10	15	13	12	14	2.50	1		0.616044
43	87	87	0	42	10	0	18	8	15	2.33	1		0.965896


-------------------------------------------------------------------------------------------------------------------
Tour_Id:			19
No_of_Customers:		4
No_of_Items:			8
Customer_Sequence:		11 64 49 19 

CustId	Id	TypeId	Rotated	x	y	z	Length	Width	Height	mass	Fragility	LoadBearingStrength
49	100	100	0	0	0	0	20	13	15	10	0		3.544043
19	37	37	0	0	13	0	32	6	14	17	0		1.107806
64	130	130	0	0	13	14	24	8	13	3	0		3.196145
49	101	101	0	20	0	0	23	12	16	10	1		0.698996
64	131	131	0	43	0	0	15	15	11	3	1		0.697842
49	102	102	0	43	15	0	17	8	17	10	1		0.902922
64	132	132	0	20	0	16	23	9	8	3	1		0.872795
11	19	19	0	0	0	15	12	9	7	12	1		0.809023


-------------------------------------------------------------------------------------------------------------------
Tour_Id:			20
No_of_Customers:		6
No_of_Items:			13
Customer_Sequence:		31 63 90 32 20 30 

CustId	Id	TypeId	Rotated	x	y	z	Length	Width	Height	mass	Fragility	LoadBearingStrength
32	63	63	0	0	0	0	23	12	14	7.67	0		1.983639
32	64	64	0	0	0	14	16	14	16	7.67	0		1.848597
32	65	65	0	0	12	0	36	7	14	7.67	0		2.113657
30	60	60	0	23	0	0	24	11	12	7	0		2.991112
30	59	59	0	36	12	0	19	13	14	7	0		2.638827
90	174	174	0	0	19	0	36	5	8	3	0		2.410358
20	39	39	0	0	19	8	29	6	10	4.50	0		2.737899
20	38	38	0	23	0	12	29	6	16	4.50	0		3.245811
63	128	128	0	0	19	18	21	6	9	3.33	0		2.309867
63	127	127	0	36	12	14	19	10	6	3.33	0		2.017478
31	62	62	0	0	14	14	17	5	15	27	0		2.006694
63	129	129	0	36	12	20	21	7	6	3.33	0		3.340797
30	61	61	0	23	6	12	26	6	10	7	1		0.643042


-------------------------------------------------------------------------------------------------------------------
Tour_Id:			21
No_of_Customers:		7
No_of_Items:			9
Customer_Sequence:		24 29 79 81 9 34 78 

CustId	Id	TypeId	Rotated	x	y	z	Length	Width	Height	mass	Fragility	LoadBearingStrength
24	47	47	0	0	0	0	30	9	14	1.50	0		1.598564
81	162	162	0	0	9	0	32	8	15	26	0		1.073584
79	160	160	0	32	9	0	27	14	15	23	0		3.267861
78	158	158	0	0	17	0	32	6	10	1.50	0		2.050020
24	48	48	0	0	17	10	15	7	17	1.50	0		1.458449
29	58	58	0	0	0	14	25	8	8	9	0		2.339339
9	16	16	0	0	9	15	21	6	12	16	0		3.536678
34	69	69	0	0	0	22	21	8	8	14	0		3.842892
78	159	159	0	21	9	15	33	13	14	1.50	1		0.632161


-------------------------------------------------------------------------------------------------------------------
Tour_Id:			22
No_of_Customers:		4
No_of_Items:			6
Customer_Sequence:		68 80 55 25 

CustId	Id	TypeId	Rotated	x	y	z	Length	Width	Height	mass	Fragility	LoadBearingStrength
25	49	49	0	0	0	0	32	10	12	3	0		2.834395
55	112	112	0	0	10	0	28	6	17	1	1		0.636968
80	161	161	0	0	16	0	31	7	17	6	0		3.470725
68	142	142	0	0	0	12	20	9	15	36	0		1.821350
25	50	50	0	0	10	17	36	13	9	3	1		0.719557
55	111	111	0	32	0	0	16	15	14	1	0		1.287301


