Name:				130_n060_m200_bt10
Problem:			3L-VRPTW
Number_of_used_Vehicles:	16
Total_Travel_Distance:		1251.34
Calculation_Time:		4248.00
Total_Iterations:		12378
ConstraintSet:			P15

-------------------------------------------------------------------------------------------------------------------
Tour_Id:			1
No_of_Customers:		3
No_of_Items:			12
Customer_Sequence:		5 19 50 

CustId	Id	TypeId	Rotated	x	y	z	Length	Width	Height	mass	Fragility	LoadBearingStrength
50	165	3	0	0	0	0	35	14	7	864.19	0		90.464404
50	166	4	0	0	14	0	33	7	12	819.90	0		11.324217
50	164	2	0	0	0	7	27	6	14	571.75	0		24.106463
50	167	6	0	0	6	7	31	8	6	366.59	0		13.576852
50	163	1	0	0	14	12	24	5	8	152.77	0		7.322268
19	59	7	0	0	6	20	17	13	7	486.24	0		75.021635
19	58	6	0	0	6	13	31	8	6	366.59	0		13.576852
19	57	1	0	0	19	12	24	5	8	152.77	0		7.322268
19	61	10	0	24	14	12	25	11	10	658.95	1		13.786012
19	60	8	0	31	0	7	17	8	10	395.65	1		2.759801
5	13	10	0	31	0	17	25	11	10	658.95	1		13.786012
5	12	8	1	49	0	0	17	8	10	395.65	1		2.759801


-------------------------------------------------------------------------------------------------------------------
Tour_Id:			2
No_of_Customers:		3
No_of_Items:			12
Customer_Sequence:		20 17 42 

CustId	Id	TypeId	Rotated	x	y	z	Length	Width	Height	mass	Fragility	LoadBearingStrength
42	138	2	0	0	0	0	27	6	14	571.75	0		24.106463
42	139	2	0	0	6	0	27	6	14	571.75	0		24.106463
42	140	7	0	0	12	0	17	13	7	486.24	0		75.021635
42	141	7	0	0	12	7	17	13	7	486.24	0		75.021635
17	53	4	0	0	0	14	33	7	12	819.90	0		11.324217
17	51	2	0	0	7	14	27	6	14	571.75	0		24.106463
17	52	2	0	0	13	14	27	6	14	571.75	0		24.106463
17	50	1	0	0	19	14	24	5	8	152.77	0		7.322268
20	64	4	0	27	7	0	33	7	12	819.90	0		11.324217
20	63	2	0	24	19	0	27	6	14	571.75	0		24.106463
20	65	6	0	27	7	12	31	8	6	366.59	0		13.576852
20	62	1	0	0	19	22	24	5	8	152.77	0		7.322268


-------------------------------------------------------------------------------------------------------------------
Tour_Id:			3
No_of_Customers:		4
No_of_Items:			13
Customer_Sequence:		56 48 2 41 

CustId	Id	TypeId	Rotated	x	y	z	Length	Width	Height	mass	Fragility	LoadBearingStrength
41	134	2	0	0	0	0	27	6	14	571.75	0		24.106463
41	136	9	0	0	6	0	32	10	11	504.57	0		18.115876
41	135	9	0	0	6	11	32	10	11	504.57	0		18.115876
41	137	10	0	32	0	0	25	11	10	658.95	1		13.786012
2	3	4	0	0	16	0	33	7	12	819.90	0		11.324217
56	185	10	0	32	0	10	25	11	10	658.95	1		13.786012
2	4	6	0	0	16	12	31	8	6	366.59	0		13.576852
48	157	2	0	0	0	14	27	6	14	571.75	0		24.106463
48	158	5	0	0	16	18	26	6	10	217.62	0		19.318152
56	184	5	0	26	16	18	26	6	10	217.62	0		19.318152
56	186	10	0	32	0	20	25	11	10	658.95	1		13.786012
2	5	7	0	33	11	0	17	13	7	486.24	0		75.021635
48	159	7	0	33	11	7	17	13	7	486.24	0		75.021635


-------------------------------------------------------------------------------------------------------------------
Tour_Id:			4
No_of_Customers:		4
No_of_Items:			13
Customer_Sequence:		59 40 47 25 

CustId	Id	TypeId	Rotated	x	y	z	Length	Width	Height	mass	Fragility	LoadBearingStrength
25	81	9	0	0	0	0	32	10	11	504.57	0		18.115876
25	80	3	0	0	10	0	35	14	7	864.19	0		90.464404
25	79	2	0	0	10	7	27	6	14	571.75	0		24.106463
47	155	2	0	0	16	7	27	6	14	571.75	0		24.106463
47	153	1	0	0	0	11	24	5	8	152.77	0		7.322268
47	154	1	0	0	5	11	24	5	8	152.77	0		7.322268
47	156	8	0	0	0	19	17	8	10	395.65	1		2.759801
40	132	5	0	17	0	19	26	6	10	217.62	0		19.318152
40	133	7	0	0	10	21	17	13	7	486.24	0		75.021635
40	131	1	0	17	10	21	24	5	8	152.77	0		7.322268
59	195	4	0	27	16	7	33	7	12	819.90	0		11.324217
59	196	5	0	27	15	19	26	6	10	217.62	0		19.318152
59	194	1	1	53	0	19	24	5	8	152.77	0		7.322268


-------------------------------------------------------------------------------------------------------------------
Tour_Id:			5
No_of_Customers:		4
No_of_Items:			14
Customer_Sequence:		26 53 10 16 

CustId	Id	TypeId	Rotated	x	y	z	Length	Width	Height	mass	Fragility	LoadBearingStrength
16	48	4	0	0	0	0	33	7	12	819.90	0		11.324217
10	29	3	0	0	7	0	35	14	7	864.19	0		90.464404
16	49	5	0	0	0	12	26	6	10	217.62	0		19.318152
10	30	4	0	0	7	7	33	7	12	819.90	0		11.324217
53	175	6	0	0	14	7	31	8	6	366.59	0		13.576852
10	32	10	0	35	0	0	25	11	10	658.95	1		13.786012
10	31	5	0	0	6	19	26	6	10	217.62	0		19.318152
53	174	2	0	0	14	13	27	6	14	571.75	0		24.106463
53	173	1	0	0	20	13	24	5	8	152.77	0		7.322268
26	82	5	0	26	0	12	26	6	10	217.62	0		19.318152
26	85	8	0	26	6	19	17	8	10	395.65	1		2.759801
26	83	6	0	27	14	13	31	8	6	366.59	0		13.576852
26	86	10	0	27	14	19	25	11	10	658.95	1		13.786012
26	84	7	0	35	11	0	17	13	7	486.24	0		75.021635


-------------------------------------------------------------------------------------------------------------------
Tour_Id:			6
No_of_Customers:		3
No_of_Items:			12
Customer_Sequence:		33 34 36 

CustId	Id	TypeId	Rotated	x	y	z	Length	Width	Height	mass	Fragility	LoadBearingStrength
36	117	4	0	0	0	0	33	7	12	819.90	0		11.324217
36	118	4	0	0	7	0	33	7	12	819.90	0		11.324217
34	109	7	0	0	0	12	17	13	7	486.24	0		75.021635
36	120	6	0	0	14	0	31	8	6	366.59	0		13.576852
34	110	9	0	0	14	6	32	10	11	504.57	0		18.115876
34	111	9	0	0	13	17	32	10	11	504.57	0		18.115876
34	112	10	0	0	0	19	25	11	10	658.95	1		13.786012
36	119	5	0	33	0	0	26	6	10	217.62	0		19.318152
33	106	2	0	25	0	12	27	6	14	571.75	0		24.106463
33	107	5	0	25	6	12	26	6	10	217.62	0		19.318152
33	105	1	0	25	6	22	24	5	8	152.77	0		7.322268
33	108	10	0	32	14	0	25	11	10	658.95	1		13.786012


-------------------------------------------------------------------------------------------------------------------
Tour_Id:			7
No_of_Customers:		4
No_of_Items:			13
Customer_Sequence:		37 8 3 9 

CustId	Id	TypeId	Rotated	x	y	z	Length	Width	Height	mass	Fragility	LoadBearingStrength
9	25	4	0	0	0	0	33	7	12	819.90	0		11.324217
9	28	10	0	0	7	0	25	11	10	658.95	1		13.786012
9	26	8	0	0	7	10	17	8	10	395.65	1		2.759801
8	23	7	0	25	7	0	17	13	7	486.24	0		75.021635
3	7	4	0	0	0	12	33	7	12	819.90	0		11.324217
3	6	1	0	0	18	0	24	5	8	152.77	0		7.322268
8	20	4	0	0	18	8	33	7	12	819.90	0		11.324217
8	21	4	0	25	7	7	33	7	12	819.90	0		11.324217
8	22	5	0	0	18	20	26	6	10	217.62	0		19.318152
9	27	8	0	0	7	20	17	8	10	395.65	1		2.759801
8	24	10	0	17	7	19	25	11	10	658.95	1		13.786012
37	121	7	0	42	0	19	17	13	7	486.24	0		75.021635
37	122	8	0	42	13	19	17	8	10	395.65	1		2.759801


-------------------------------------------------------------------------------------------------------------------
Tour_Id:			8
No_of_Customers:		4
No_of_Items:			13
Customer_Sequence:		60 32 57 13 

CustId	Id	TypeId	Rotated	x	y	z	Length	Width	Height	mass	Fragility	LoadBearingStrength
13	39	3	0	0	0	0	35	14	7	864.19	0		90.464404
13	41	5	0	0	14	0	26	6	10	217.62	0		19.318152
13	40	3	0	0	0	7	35	14	7	864.19	0		90.464404
57	188	3	0	0	0	14	35	14	7	864.19	0		90.464404
13	42	7	0	35	0	0	17	13	7	486.24	0		75.021635
57	189	3	0	0	0	21	35	14	7	864.19	0		90.464404
57	187	2	0	0	14	10	27	6	14	571.75	0		24.106463
32	103	4	0	27	14	0	33	7	12	819.90	0		11.324217
32	104	7	0	35	0	7	17	13	7	486.24	0		75.021635
60	200	9	0	27	14	12	32	10	11	504.57	0		18.115876
60	199	7	0	35	0	14	17	13	7	486.24	0		75.021635
60	198	6	0	0	14	24	31	8	6	366.59	0		13.576852
60	197	1	0	35	0	21	24	5	8	152.77	0		7.322268


-------------------------------------------------------------------------------------------------------------------
Tour_Id:			9
No_of_Customers:		5
No_of_Items:			14
Customer_Sequence:		55 27 18 28 1 

CustId	Id	TypeId	Rotated	x	y	z	Length	Width	Height	mass	Fragility	LoadBearingStrength
1	2	4	0	0	0	0	33	7	12	819.90	0		11.324217
1	1	1	0	0	7	0	24	5	8	152.77	0		7.322268
28	92	2	0	0	12	0	27	6	14	571.75	0		24.106463
18	56	8	0	0	0	12	17	8	10	395.65	1		2.759801
18	54	5	0	0	18	0	26	6	10	217.62	0		19.318152
18	55	5	0	0	18	10	26	6	10	217.62	0		19.318152
28	91	1	0	0	12	14	24	5	8	152.77	0		7.322268
27	88	4	0	17	0	12	33	7	12	819.90	0		11.324217
27	89	4	0	26	18	0	33	7	12	819.90	0		11.324217
27	90	7	0	0	12	22	17	13	7	486.24	0		75.021635
27	87	1	0	17	7	8	24	5	8	152.77	0		7.322268
55	183	6	0	0	0	24	31	8	6	366.59	0		13.576852
55	181	1	0	17	7	16	24	5	8	152.77	0		7.322268
55	182	1	0	17	12	22	24	5	8	152.77	0		7.322268


-------------------------------------------------------------------------------------------------------------------
Tour_Id:			10
No_of_Customers:		4
No_of_Items:			13
Customer_Sequence:		30 21 4 31 

CustId	Id	TypeId	Rotated	x	y	z	Length	Width	Height	mass	Fragility	LoadBearingStrength
31	101	2	0	0	0	0	27	6	14	571.75	0		24.106463
31	102	5	0	0	6	0	26	6	10	217.62	0		19.318152
21	67	4	0	0	12	0	33	7	12	819.90	0		11.324217
4	10	5	0	0	19	0	26	6	10	217.62	0		19.318152
4	9	4	0	0	0	14	33	7	12	819.90	0		11.324217
4	11	9	0	27	0	0	32	10	11	504.57	0		18.115876
31	100	1	0	0	7	10	24	5	8	152.77	0		7.322268
21	68	9	0	0	12	12	32	10	11	504.57	0		18.115876
4	8	1	0	0	7	18	24	5	8	152.77	0		7.322268
21	66	1	0	26	19	0	24	5	8	152.77	0		7.322268
30	97	2	0	33	12	0	27	6	14	571.75	0		24.106463
30	98	5	0	32	7	14	26	6	10	217.62	0		19.318152
30	99	6	0	0	12	23	31	8	6	366.59	0		13.576852


-------------------------------------------------------------------------------------------------------------------
Tour_Id:			11
No_of_Customers:		5
No_of_Items:			14
Customer_Sequence:		35 14 23 52 49 

CustId	Id	TypeId	Rotated	x	y	z	Length	Width	Height	mass	Fragility	LoadBearingStrength
49	161	7	0	0	0	0	17	13	7	486.24	0		75.021635
52	172	6	0	0	13	0	31	8	6	366.59	0		13.576852
49	162	10	0	0	0	7	25	11	10	658.95	1		13.786012
52	171	2	0	0	13	6	27	6	14	571.75	0		24.106463
49	160	4	0	25	0	0	33	7	12	819.90	0		11.324217
23	74	2	0	0	19	6	27	6	14	571.75	0		24.106463
23	75	5	0	0	13	20	26	6	10	217.62	0		19.318152
23	76	10	0	0	0	17	25	11	10	658.95	1		13.786012
14	44	2	0	25	7	0	27	6	14	571.75	0		24.106463
35	113	2	0	25	0	12	27	6	14	571.75	0		24.106463
14	43	1	0	0	19	20	24	5	8	152.77	0		7.322268
35	115	9	0	27	13	6	32	10	11	504.57	0		18.115876
35	114	6	0	27	6	17	31	8	6	366.59	0		13.576852
35	116	10	0	27	14	17	25	11	10	658.95	1		13.786012


-------------------------------------------------------------------------------------------------------------------
Tour_Id:			12
No_of_Customers:		4
No_of_Items:			10
Customer_Sequence:		44 43 15 24 

CustId	Id	TypeId	Rotated	x	y	z	Length	Width	Height	mass	Fragility	LoadBearingStrength
24	77	3	0	0	0	0	35	14	7	864.19	0		90.464404
24	78	3	0	0	0	7	35	14	7	864.19	0		90.464404
15	47	7	0	0	0	14	17	13	7	486.24	0		75.021635
15	46	7	0	0	0	21	17	13	7	486.24	0		75.021635
43	142	5	0	0	14	0	26	6	10	217.62	0		19.318152
15	45	3	0	17	0	14	35	14	7	864.19	0		90.464404
43	144	9	0	0	14	10	32	10	11	504.57	0		18.115876
43	143	8	0	32	14	0	17	8	10	395.65	1		2.759801
44	145	6	0	0	13	21	31	8	6	366.59	0		13.576852
44	146	6	0	17	0	21	31	8	6	366.59	0		13.576852


-------------------------------------------------------------------------------------------------------------------
Tour_Id:			13
No_of_Customers:		3
No_of_Items:			11
Customer_Sequence:		29 11 22 

CustId	Id	TypeId	Rotated	x	y	z	Length	Width	Height	mass	Fragility	LoadBearingStrength
22	71	7	0	0	0	0	17	13	7	486.24	0		75.021635
11	33	5	0	0	13	0	26	6	10	217.62	0		19.318152
22	70	5	0	0	19	0	26	6	10	217.62	0		19.318152
22	72	7	0	0	0	7	17	13	7	486.24	0		75.021635
11	34	8	0	0	13	10	17	8	10	395.65	1		2.759801
22	69	2	0	0	0	14	27	6	14	571.75	0		24.106463
22	73	9	0	17	0	0	32	10	11	504.57	0		18.115876
29	96	9	0	17	13	10	32	10	11	504.57	0		18.115876
29	93	3	0	0	6	21	35	14	7	864.19	0		90.464404
29	94	8	1	49	0	0	17	8	10	395.65	1		2.759801
29	95	8	1	49	0	10	17	8	10	395.65	1		2.759801


-------------------------------------------------------------------------------------------------------------------
Tour_Id:			14
No_of_Customers:		3
No_of_Items:			11
Customer_Sequence:		12 38 51 

CustId	Id	TypeId	Rotated	x	y	z	Length	Width	Height	mass	Fragility	LoadBearingStrength
51	170	9	0	0	0	0	32	10	11	504.57	0		18.115876
51	169	5	0	0	10	0	26	6	10	217.62	0		19.318152
51	168	1	0	0	16	0	24	5	8	152.77	0		7.322268
38	124	5	0	0	16	8	26	6	10	217.62	0		19.318152
38	125	5	0	0	10	10	26	6	10	217.62	0		19.318152
38	123	1	0	0	0	11	24	5	8	152.77	0		7.322268
38	126	10	1	0	0	20	25	11	10	658.95	1		13.786012
12	35	3	0	11	0	20	35	14	7	864.19	0		90.464404
12	37	7	0	26	10	0	17	13	7	486.24	0		75.021635
12	38	7	0	26	10	7	17	13	7	486.24	0		75.021635
12	36	6	0	11	14	20	31	8	6	366.59	0		13.576852


-------------------------------------------------------------------------------------------------------------------
Tour_Id:			15
No_of_Customers:		3
No_of_Items:			11
Customer_Sequence:		39 46 6 

CustId	Id	TypeId	Rotated	x	y	z	Length	Width	Height	mass	Fragility	LoadBearingStrength
6	16	9	0	0	0	0	32	10	11	504.57	0		18.115876
6	15	7	0	0	10	0	17	13	7	486.24	0		75.021635
46	152	10	0	0	10	7	25	11	10	658.95	1		13.786012
46	150	4	0	0	0	11	33	7	12	819.90	0		11.324217
46	149	2	0	25	10	0	27	6	14	571.75	0		24.106463
39	130	6	0	0	0	23	31	8	6	366.59	0		13.576852
39	128	3	0	25	7	14	35	14	7	864.19	0		90.464404
6	14	6	0	25	16	0	31	8	6	366.59	0		13.576852
39	127	2	0	33	0	0	27	6	14	571.75	0		24.106463
39	129	6	0	25	16	6	31	8	6	366.59	0		13.576852
46	151	10	0	0	10	17	25	11	10	658.95	1		13.786012


-------------------------------------------------------------------------------------------------------------------
Tour_Id:			16
No_of_Customers:		4
No_of_Items:			14
Customer_Sequence:		45 7 54 58 

CustId	Id	TypeId	Rotated	x	y	z	Length	Width	Height	mass	Fragility	LoadBearingStrength
58	190	3	0	0	0	0	35	14	7	864.19	0		90.464404
58	191	7	0	0	0	7	17	13	7	486.24	0		75.021635
58	193	10	0	0	14	0	25	11	10	658.95	1		13.786012
58	192	8	0	0	13	10	17	8	10	395.65	1		2.759801
54	178	5	0	0	0	14	26	6	10	217.62	0		19.318152
54	179	5	0	0	6	14	26	6	10	217.62	0		19.318152
54	180	7	0	17	0	7	17	13	7	486.24	0		75.021635
54	176	1	0	25	14	0	24	5	8	152.77	0		7.322268
54	177	1	0	25	19	0	24	5	8	152.77	0		7.322268
7	17	5	0	25	13	8	26	6	10	217.62	0		19.318152
7	19	10	0	0	13	20	25	11	10	658.95	1		13.786012
7	18	8	0	25	12	18	17	8	10	395.65	1		2.759801
45	147	9	0	26	0	14	32	10	11	504.57	0		18.115876
45	148	10	0	35	0	0	25	11	10	658.95	1		13.786012


