Name:				19_Manual_n50_m200_bt100_4_2483
Problem:			3L-VRPTW
Number_of_used_Vehicles:	1
Total_Travel_Distance:		39.36
Calculation_Time:		0.94
Total_Iterations:		1
ConstraintSet:			P1

-------------------------------------------------------------------------------------------------------------------
Tour_Id:			1
No_of_Customers:		7
No_of_Items:			35
Customer_Sequence:		7 10 3 12 13 5 6 

CustId	Id	TypeId	Rotated	x	y	z	Length	Width	Height	mass	Fragility	LoadBearingStrength
6	13	4	0	0	0	0	120	60	60	13.89	0		0.009600
6	15	81	0	0	60	0	64	60	60	11.40	0		0.014800
6	14	31	0	0	120	0	44	44	51	4.87	0		0.012600
6	12	3	0	0	120	51	26	41	55	1	0		0.004700
5	9	28	0	0	0	60	91	60	60	1.23	0		0.001100
5	10	64	0	0	60	60	75	60	60	4.65	0		0.005200
5	8	5	0	0	60	120	27	55	32	2.52	0		0.008500
5	11	98	0	27	0	120	53	30	49	3.89	1		0.002400
13	55	4	0	75	60	0	120	60	60	13.89	0		0.009600
13	58	25	0	75	60	60	108	60	60	11.41	0		0.008800
13	54	1	0	75	60	120	103	60	60	2.98	0		0.002400
13	57	13	0	120	0	0	89	60	60	2.56	0		0.002400
13	60	99	1	0	120	106	43	28	38	3.97	0		0.016500
13	56	6	0	0	120	144	24	48	30	3.39	0		0.014700
13	59	97	1	26	120	51	29	24	41	4.17	0		0.029900
12	51	4	0	91	0	60	120	60	60	13.89	0		0.009600
12	53	90	0	80	0	120	103	60	60	2.30	0		0.001900
12	52	7	1	50	120	0	45	60	32	1.83	0		0.003400
3	4	83	0	195	60	0	83	60	60	5.20	0		0.005200
3	5	89	0	50	120	32	24	44	48	3.19	1		0.003000
10	38	46	0	183	60	60	111	60	60	10.41	0		0.007800
10	39	66	0	110	120	0	60	28	57	1.83	0		0.005500
10	41	95	1	170	120	0	44	56	26	3.65	0		0.007400
10	40	79	0	110	120	57	59	27	31	3.91	0		0.012300
10	37	33	1	74	120	32	45	21	52	4.19	0		0.022200
10	35	6	0	74	120	84	24	48	30	3.39	0		0.014700
10	36	27	1	74	120	114	39	25	33	3.67	0		0.018800
10	34	2	0	74	120	147	26	37	24	2.44	0		0.012700
7	18	25	0	178	60	120	108	60	60	11.41	0		0.008800
7	19	28	0	211	0	0	91	60	60	1.23	0		0.001100
7	16	13	0	211	0	60	89	60	60	2.56	0		0.002400
7	22	88	0	170	120	26	55	45	52	2.16	0		0.004400
7	20	31	0	169	120	78	44	44	51	4.87	0		0.012600
7	17	24	0	169	120	129	43	46	32	2.01	0		0.005100
7	21	72	0	183	0	120	26	39	52	1.73	0		0.008500


