Name:				23_Manual_n50_m300_bt10_3_2420
Problem:			3L-VRPTW
Number_of_used_Vehicles:	1
Total_Travel_Distance:		31.42
Calculation_Time:		1.29
Total_Iterations:		1
ConstraintSet:			P1

-------------------------------------------------------------------------------------------------------------------
Tour_Id:			1
No_of_Customers:		5
No_of_Items:			41
Customer_Sequence:		10 17 30 8 13 

CustId	Id	TypeId	Rotated	x	y	z	Length	Width	Height	mass	Fragility	LoadBearingStrength
13	69	2	0	0	0	0	98	60	60	1.77	0		0.001500
13	70	2	0	0	60	0	98	60	60	1.77	0		0.001500
30	165	2	0	0	0	60	98	60	60	1.77	0		0.001500
17	98	2	0	0	60	60	98	60	60	1.77	0		0.001500
17	97	2	0	0	0	120	98	60	60	1.77	0		0.001500
10	54	4	0	0	60	120	90	60	60	18.53	0		0.017200
10	53	4	0	98	0	0	90	60	60	18.53	0		0.017200
8	33	4	0	98	60	0	90	60	60	18.53	0		0.017200
8	34	4	0	98	0	60	90	60	60	18.53	0		0.017200
8	35	4	0	98	60	60	90	60	60	18.53	0		0.017200
10	52	4	0	90	60	120	90	60	60	18.53	0		0.017200
10	51	4	0	98	0	120	90	60	60	18.53	0		0.017200
10	50	4	0	188	0	0	90	60	60	18.53	0		0.017200
30	172	10	0	188	60	0	60	60	60	2.06	0		0.002900
8	42	10	0	188	0	60	60	60	60	2.06	0		0.002900
13	75	9	0	0	120	0	42	45	53	4.37	0		0.011600
13	76	9	0	0	120	53	42	45	53	4.37	0		0.011600
8	41	9	0	0	120	106	42	45	53	4.37	0		0.011600
17	102	7	0	42	120	0	35	38	60	2.23	0		0.008400
13	74	7	0	42	120	60	35	38	60	2.23	0		0.008400
30	167	7	0	42	120	120	35	38	60	2.23	0		0.008400
30	168	7	0	77	120	0	35	38	60	2.23	0		0.008400
17	101	7	0	77	120	60	35	38	60	2.23	0		0.008400
30	171	8	1	77	120	120	50	35	32	4.95	0		0.014200
8	40	8	1	77	120	152	50	35	32	4.95	0		0.014200
8	39	8	0	112	120	0	50	35	32	4.95	0		0.014200
30	169	8	0	112	120	32	50	35	32	4.95	0		0.014200
30	170	8	0	112	120	64	50	35	32	4.95	0		0.014200
17	103	8	0	112	120	96	50	35	32	4.95	0		0.014200
17	104	8	0	112	120	128	50	35	32	4.95	0		0.014200
8	38	8	0	162	120	0	50	35	32	4.95	0		0.014200
10	55	8	0	162	120	32	50	35	32	4.95	0		0.014200
30	166	3	0	162	120	64	44	30	41	1.87	0		0.007100
17	99	3	0	162	120	105	44	30	41	1.87	0		0.007100
17	100	3	0	162	120	146	44	30	41	1.87	0		0.007100
8	37	6	0	188	60	60	25	56	38	1.85	0		0.006600
8	36	6	0	188	60	98	25	56	38	1.85	0		0.006600
13	73	6	0	188	0	120	25	56	38	1.85	0		0.006600
13	72	6	0	188	60	136	25	56	38	1.85	0		0.006600
10	49	1	0	212	120	0	25	39	25	2.03	0		0.010400
13	71	5	1	213	60	60	50	30	59	3.10	1		0.002100


