Name:				33_Manual_n50_m400_bt10_3_2312
Problem:			3L-VRPTW
Number_of_used_Vehicles:	1
Total_Travel_Distance:		24.70
Calculation_Time:		1.13
Total_Iterations:		1
ConstraintSet:			P1

-------------------------------------------------------------------------------------------------------------------
Tour_Id:			1
No_of_Customers:		4
No_of_Items:			42
Customer_Sequence:		5 8 24 9 

CustId	Id	TypeId	Rotated	x	y	z	Length	Width	Height	mass	Fragility	LoadBearingStrength
9	71	4	0	0	0	0	93	60	60	2.93	0		0.002600
9	69	2	0	0	60	0	87	60	60	12.10	0		0.011600
9	70	2	0	0	0	60	87	60	60	12.10	0		0.011600
9	76	9	0	0	60	60	86	60	60	13.46	0		0.013000
9	74	6	0	0	120	0	37	39	59	3.28	0		0.011400
9	75	6	0	0	120	59	37	39	59	3.28	0		0.011400
9	72	5	0	0	120	118	24	46	54	3.38	0		0.015300
9	73	5	1	0	0	120	24	46	54	3.38	0		0.015300
9	68	1	0	0	24	120	56	23	26	4.88	0		0.018900
24	182	4	0	0	47	120	93	60	60	2.93	0		0.002600
24	186	9	0	87	60	0	86	60	60	13.46	0		0.013000
24	187	9	0	86	60	60	86	60	60	13.46	0		0.013000
24	183	7	0	93	0	0	66	60	60	9.22	0		0.011600
24	184	7	0	87	0	60	66	60	60	9.22	0		0.011600
24	185	7	0	93	47	120	66	60	60	9.22	0		0.011600
24	188	10	0	0	24	146	53	23	31	2.62	0		0.010700
24	180	1	0	37	120	0	56	23	26	4.88	0		0.018900
24	181	1	0	37	143	0	56	23	26	4.88	0		0.018900
8	57	2	0	159	0	0	87	60	60	12.10	0		0.011600
8	58	2	0	159	0	60	87	60	60	12.10	0		0.011600
8	65	9	0	159	0	120	86	60	60	13.46	0		0.013000
8	63	8	0	37	120	26	32	52	55	3.84	0		0.011500
8	64	8	0	37	120	81	32	52	55	3.84	0		0.011500
8	61	6	0	93	120	0	37	39	59	3.28	0		0.011400
8	62	6	0	93	120	59	37	39	59	3.28	0		0.011400
8	66	10	1	37	120	136	53	23	31	2.62	0		0.010700
8	67	10	0	56	0	120	53	23	31	2.62	0		0.010700
8	56	1	0	56	23	120	56	23	26	4.88	0		0.018900
8	59	3	1	69	120	26	33	20	30	1.76	0		0.013300
8	60	3	1	69	120	56	33	20	30	1.76	0		0.013300
5	34	4	0	173	60	0	93	60	60	2.93	0		0.002600
5	32	2	0	172	60	60	87	60	60	12.10	0		0.011600
5	41	9	0	159	60	120	86	60	60	13.46	0		0.013000
5	39	7	0	246	0	0	66	60	60	9.22	0		0.011600
5	40	8	0	93	120	118	32	52	55	3.84	0		0.011500
5	37	6	0	130	120	0	37	39	59	3.28	0		0.011400
5	38	6	0	130	120	59	37	39	59	3.28	0		0.011400
5	35	5	0	125	120	118	24	46	54	3.38	0		0.015300
5	36	5	0	167	120	0	24	46	54	3.38	0		0.015300
5	42	10	1	167	120	54	53	23	31	2.62	0		0.010700
5	31	1	0	191	120	0	56	23	26	4.88	0		0.018900
5	33	3	1	149	120	118	33	20	30	1.76	0		0.013300


