Name:				37_Manual_n50_m400_bt100_2_2081
Problem:			3L-VRPTW
Number_of_used_Vehicles:	1
Total_Travel_Distance:		29.09
Calculation_Time:		2.49
Total_Iterations:		1
ConstraintSet:			P1

-------------------------------------------------------------------------------------------------------------------
Tour_Id:			1
No_of_Customers:		4
No_of_Items:			45
Customer_Sequence:		15 4 19 20 

CustId	Id	TypeId	Rotated	x	y	z	Length	Width	Height	mass	Fragility	LoadBearingStrength
20	135	6	0	0	0	0	120	60	60	4.02	0		0.002800
20	139	59	0	0	60	0	78	60	60	2.77	0		0.003000
20	143	98	0	0	60	60	65	60	60	2.21	0		0.002800
20	137	28	0	0	120	0	39	52	46	1.15	0		0.002800
20	140	61	0	0	120	46	44	43	40	3.95	0		0.010400
20	141	70	0	0	120	86	37	37	55	3.16	0		0.011500
20	136	12	1	0	60	120	26	35	59	4.81	0		0.026500
20	138	44	0	0	86	120	38	28	39	3.09	0		0.014500
20	142	80	0	0	120	141	20	21	39	3.10	0		0.036900
19	125	22	0	0	0	60	118	60	60	6.50	0		0.004600
19	128	37	0	0	0	120	113	60	60	20.27	0		0.015000
19	129	42	0	78	60	0	99	60	60	20.55	0		0.017300
19	133	93	1	44	120	0	53	55	47	1.30	0		0.002200
19	130	55	0	44	120	47	53	24	57	1.85	0		0.007300
19	127	35	0	38	86	120	33	29	56	4.90	0		0.025600
19	134	97	0	37	120	104	50	26	38	2.94	0		0.011300
19	132	81	1	37	120	142	31	46	26	2.06	0		0.007200
19	131	65	0	44	144	47	47	20	34	4.65	0		0.024700
19	126	34	1	0	86	159	22	31	31	4.38	0		0.032100
4	25	71	0	71	60	60	108	60	60	14.12	0		0.010900
4	31	94	0	71	60	120	96	60	60	8.65	0		0.007500
4	21	18	0	120	0	0	84	60	60	1.26	0		0.001300
4	24	63	1	99	120	0	45	56	60	4.57	0		0.009100
4	19	2	0	97	120	60	41	43	56	4.98	0		0.014100
4	20	2	0	87	120	116	41	43	56	4.98	0		0.014100
4	22	28	0	118	0	60	39	52	46	1.15	0		0.002800
4	30	91	0	118	0	106	36	48	34	4.35	0		0.012600
4	27	75	0	155	120	0	39	26	51	2.39	0		0.011800
4	23	39	0	118	0	140	40	35	36	4.75	0		0.017000
4	26	72	1	138	120	60	43	22	39	1.13	0		0.006000
4	29	83	0	37	120	168	46	33	21	4.13	0		0.013600
4	28	80	0	138	120	99	20	21	39	3.10	0		0.036900
15	96	21	0	194	60	0	119	60	60	18.84	0		0.013200
15	101	58	0	179	60	60	95	60	60	5.37	0		0.004700
15	94	1	0	204	0	0	70	60	60	8.57	0		0.010200
15	102	63	0	158	0	60	45	56	60	4.57	0		0.009100
15	103	79	0	158	0	120	38	42	51	1.79	0		0.005600
15	97	40	0	194	120	0	35	43	54	4.66	0		0.015500
15	98	40	0	194	120	54	35	43	54	4.66	0		0.015500
15	106	99	0	203	0	60	53	47	20	1.76	0		0.003500
15	104	81	0	194	120	108	31	46	26	2.06	0		0.007200
15	100	56	0	194	120	134	36	34	28	2.33	0		0.009500
15	105	88	0	167	60	120	108	60	60	20.09	1		0.003100
15	99	46	0	203	0	80	39	46	44	1.26	1		0.000700
15	95	7	0	196	0	124	40	36	44	3.26	1		0.002300


