Name:				138_n060_m200_bt3_3399
Problem:			3L-VRPTW
Number_of_used_Vehicles:	1
Total_Travel_Distance:		1179.19
Calculation_Time:		163.70
Total_Iterations:		1
ConstraintSet:			P1

-------------------------------------------------------------------------------------------------------------------
Tour_Id:			1
No_of_Customers:		28
No_of_Items:			94
Customer_Sequence:		3 9 31 4 5 22 7 23 15 27 1 17 14 19 18 13 12 20 32 30 2 26 28 11 16 25 21 8 

CustId	Id	TypeId	Rotated	x	y	z	Length	Width	Height	mass	Fragility	LoadBearingStrength
8	23	3	0	0	0	0	14	4	8	163.31	0		14.570134
8	24	3	0	0	4	0	14	4	8	163.31	0		14.570134
8	22	1	0	0	8	0	8	7	6	254.56	0		9.781507
21	70	3	0	0	15	0	14	4	8	163.31	0		14.570134
21	69	1	0	0	8	6	8	7	6	254.56	0		9.781507
25	81	3	0	0	19	0	14	4	8	163.31	0		14.570134
25	80	2	0	0	0	8	11	3	7	228.75	1		18.654020
16	52	3	0	0	3	8	14	4	8	163.31	0		14.570134
16	53	3	0	0	15	8	14	4	8	163.31	0		14.570134
16	54	3	0	0	19	8	14	4	8	163.31	0		14.570134
16	50	2	0	0	0	15	11	3	7	228.75	1		18.654020
16	51	2	0	0	3	16	11	3	7	228.75	1		18.654020
11	35	3	0	0	15	16	14	4	8	163.31	0		14.570134
11	36	3	0	0	19	16	14	4	8	163.31	0		14.570134
11	32	1	0	0	7	12	8	7	6	254.56	0		9.781507
11	33	2	0	0	0	22	11	3	7	228.75	1		18.654020
11	34	2	0	0	3	23	11	3	7	228.75	1		18.654020
28	91	3	0	8	8	0	14	4	8	163.31	0		14.570134
28	92	3	0	8	7	8	14	4	8	163.31	0		14.570134
28	88	1	0	0	6	18	8	7	6	254.56	0		9.781507
28	89	1	0	0	6	24	8	7	6	254.56	0		9.781507
28	90	2	0	8	12	0	11	3	7	228.75	1		18.654020
26	82	1	1	0	13	24	8	7	6	254.56	0		9.781507
26	83	2	0	8	12	7	11	3	7	228.75	1		18.654020
26	84	2	0	8	12	14	11	3	7	228.75	1		18.654020
2	6	1	1	7	13	24	8	7	6	254.56	0		9.781507
2	7	2	0	8	6	16	11	3	7	228.75	1		18.654020
30	97	3	0	14	0	0	14	4	8	163.31	0		14.570134
30	95	1	0	14	15	0	8	7	6	254.56	0		9.781507
30	96	2	0	8	6	23	11	3	7	228.75	1		18.654020
32	104	3	0	14	0	8	14	4	8	163.31	0		14.570134
32	102	1	0	14	15	6	8	7	6	254.56	0		9.781507
32	103	1	0	14	15	12	8	7	6	254.56	0		9.781507
20	67	2	0	14	22	0	11	3	7	228.75	1		18.654020
20	68	2	0	14	22	7	11	3	7	228.75	1		18.654020
12	38	3	0	11	0	16	14	4	8	163.31	0		14.570134
12	37	2	0	14	22	14	11	3	7	228.75	1		18.654020
13	41	3	0	22	4	0	14	4	8	163.31	0		14.570134
13	39	2	0	14	22	21	11	3	7	228.75	1		18.654020
13	40	2	0	19	12	0	11	3	7	228.75	1		18.654020
18	62	3	0	22	8	0	14	4	8	163.31	0		14.570134
15	46	1	0	14	15	18	8	7	6	254.56	0		9.781507
1	5	3	0	22	15	0	14	4	8	163.31	0		14.570134
18	61	2	0	19	12	7	11	3	7	228.75	1		18.654020
19	63	1	0	22	4	8	8	7	6	254.56	0		9.781507
19	64	2	0	19	12	14	11	3	7	228.75	1		18.654020
19	65	2	0	14	12	21	11	3	7	228.75	1		18.654020
19	66	2	0	22	19	0	11	3	7	228.75	1		18.654020
14	44	3	0	28	0	0	14	4	8	163.31	0		14.570134
14	42	1	0	22	4	14	8	7	6	254.56	0		9.781507
14	43	2	0	22	19	7	11	3	7	228.75	1		18.654020
17	56	3	0	28	0	8	14	4	8	163.31	0		14.570134
17	57	3	0	25	0	16	14	4	8	163.31	0		14.570134
17	58	3	0	33	19	0	14	4	8	163.31	0		14.570134
17	55	2	0	30	12	0	11	3	7	228.75	1		18.654020
1	2	3	0	22	15	8	14	4	8	163.31	0		14.570134
1	3	3	0	33	19	8	14	4	8	163.31	0		14.570134
1	4	3	0	36	4	0	14	4	8	163.31	0		14.570134
18	60	2	0	36	8	0	11	3	7	228.75	1		18.654020
1	1	2	0	30	12	7	11	3	7	228.75	1		18.654020
27	86	3	0	30	4	8	14	4	8	163.31	0		14.570134
27	87	3	0	30	4	16	14	4	8	163.31	0		14.570134
27	85	2	0	30	12	14	11	3	7	228.75	1		18.654020
15	48	3	0	22	15	16	14	4	8	163.31	0		14.570134
15	49	3	0	33	19	16	14	4	8	163.31	0		14.570134
15	45	1	0	14	15	24	8	7	6	254.56	0		9.781507
18	59	2	0	47	8	0	11	3	7	228.75	1		18.654020
15	47	2	0	25	12	21	11	3	7	228.75	1		18.654020
23	75	3	0	36	15	0	14	4	8	163.31	0		14.570134
23	76	3	0	36	15	8	14	4	8	163.31	0		14.570134
7	18	1	0	50	11	0	8	7	6	254.56	0		9.781507
7	19	1	0	50	18	0	8	7	6	254.56	0		9.781507
7	20	2	0	36	8	7	11	3	7	228.75	1		18.654020
7	21	2	0	36	8	14	11	3	7	228.75	1		18.654020
22	74	3	0	36	15	16	14	4	8	163.31	0		14.570134
22	71	2	0	36	8	21	11	3	7	228.75	1		18.654020
22	72	2	0	42	0	0	11	3	7	228.75	1		18.654020
22	73	2	0	42	0	7	11	3	7	228.75	1		18.654020
5	13	2	0	42	0	14	11	3	7	228.75	1		18.654020
5	14	2	0	42	0	21	11	3	7	228.75	1		18.654020
5	15	2	0	47	8	7	11	3	7	228.75	1		18.654020
4	11	3	1	50	11	6	14	4	8	163.31	0		14.570134
4	12	3	1	50	11	14	14	4	8	163.31	0		14.570134
31	98	1	0	36	15	24	8	7	6	254.56	0		9.781507
31	99	1	1	53	0	0	8	7	6	254.56	0		9.781507
31	100	1	1	53	0	6	8	7	6	254.56	0		9.781507
31	101	2	0	47	8	14	11	3	7	228.75	1		18.654020
9	28	3	1	50	11	22	14	4	8	163.31	0		14.570134
9	25	1	1	53	0	12	8	7	6	254.56	0		9.781507
9	26	1	1	53	0	18	8	7	6	254.56	0		9.781507
9	27	2	0	47	8	21	11	3	7	228.75	1		18.654020
3	10	3	1	54	11	6	14	4	8	163.31	0		14.570134
3	8	1	1	53	0	24	8	7	6	254.56	0		9.781507
3	9	2	1	54	11	14	11	3	7	228.75	1		18.654020


