Name:				303_n020_m400_bt3_6518
Problem:			3L-VRPTW
Number_of_used_Vehicles:	1
Total_Travel_Distance:		290.77
Calculation_Time:		774.34
Total_Iterations:		1
ConstraintSet:			P1

-------------------------------------------------------------------------------------------------------------------
Tour_Id:			1
No_of_Customers:		7
No_of_Items:			145
Customer_Sequence:		13 9 3 8 1 6 7 

CustId	Id	TypeId	Rotated	x	y	z	Length	Width	Height	mass	Fragility	LoadBearingStrength
7	138	2	0	0	0	0	17	2	8	112.51	0		16.323659
7	137	2	0	0	2	0	17	2	8	112.51	0		16.323659
7	136	2	0	0	4	0	17	2	8	112.51	0		16.323659
7	135	2	0	0	6	0	17	2	8	112.51	0		16.323659
7	128	2	0	0	8	0	17	2	8	112.51	0		16.323659
7	129	2	0	0	10	0	17	2	8	112.51	0		16.323659
7	130	2	0	0	12	0	17	2	8	112.51	0		16.323659
7	131	2	0	0	14	0	17	2	8	112.51	0		16.323659
7	132	2	0	0	16	0	17	2	8	112.51	0		16.323659
7	133	2	0	0	18	0	17	2	8	112.51	0		16.323659
7	134	2	0	0	20	0	17	2	8	112.51	0		16.323659
7	124	1	0	0	0	8	12	5	3	69.37	0		4.807843
7	127	1	0	0	5	8	12	5	3	69.37	0		4.807843
7	126	1	0	0	10	8	12	5	3	69.37	0		4.807843
7	125	1	0	0	15	8	12	5	3	69.37	0		4.807843
7	123	1	0	0	0	11	12	5	3	69.37	0		4.807843
7	139	3	0	0	5	11	14	4	4	187.41	1		7.354499
7	140	3	0	0	9	11	14	4	4	187.41	1		7.354499
7	141	3	0	0	13	11	14	4	4	187.41	1		7.354499
6	116	2	0	0	22	0	17	2	8	112.51	0		16.323659
6	115	2	0	0	20	8	17	2	8	112.51	0		16.323659
6	114	2	0	0	22	8	17	2	8	112.51	0		16.323659
6	113	2	0	0	20	16	17	2	8	112.51	0		16.323659
6	112	2	0	0	22	16	17	2	8	112.51	0		16.323659
6	111	2	0	17	0	0	17	2	8	112.51	0		16.323659
6	110	2	0	12	0	8	17	2	8	112.51	0		16.323659
6	108	2	0	12	0	16	17	2	8	112.51	0		16.323659
6	109	2	0	17	2	0	17	2	8	112.51	0		16.323659
6	117	3	0	0	5	15	14	4	4	187.41	1		7.354499
6	107	1	0	0	0	14	12	5	3	69.37	0		4.807843
6	106	1	0	0	0	17	12	5	3	69.37	0		4.807843
6	105	1	0	0	0	20	12	5	3	69.37	0		4.807843
6	104	1	0	0	0	23	12	5	3	69.37	0		4.807843
6	103	1	0	0	20	24	12	5	3	69.37	0		4.807843
6	102	1	0	0	0	26	12	5	3	69.37	0		4.807843
6	100	1	0	0	20	27	12	5	3	69.37	0		4.807843
6	101	1	0	17	4	0	12	5	3	69.37	0		4.807843
6	118	3	0	0	9	15	14	4	4	187.41	1		7.354499
6	119	3	0	0	13	15	14	4	4	187.41	1		7.354499
6	120	3	0	0	5	19	14	4	4	187.41	1		7.354499
6	121	3	0	0	9	19	14	4	4	187.41	1		7.354499
6	122	3	0	0	13	19	14	4	4	187.41	1		7.354499
1	17	2	0	12	2	8	17	2	8	112.51	0		16.323659
1	16	2	0	12	2	16	17	2	8	112.51	0		16.323659
1	15	2	0	17	9	0	17	2	8	112.51	0		16.323659
1	14	2	0	14	9	8	17	2	8	112.51	0		16.323659
9	169	1	0	12	0	24	12	5	3	69.37	0		4.807843
1	12	2	0	14	9	16	17	2	8	112.51	0		16.323659
1	11	2	0	17	11	0	17	2	8	112.51	0		16.323659
1	2	1	0	17	13	0	12	5	3	69.37	0		4.807843
1	10	1	0	17	18	0	12	5	3	69.37	0		4.807843
1	9	1	0	17	4	3	12	5	3	69.37	0		4.807843
1	8	1	0	17	13	3	12	5	3	69.37	0		4.807843
1	7	1	0	17	18	3	12	5	3	69.37	0		4.807843
1	6	1	0	17	4	6	12	5	3	69.37	0		4.807843
1	5	1	0	17	13	6	12	5	3	69.37	0		4.807843
1	4	1	0	14	13	9	12	5	3	69.37	0		4.807843
1	3	1	0	14	13	12	12	5	3	69.37	0		4.807843
1	1	1	0	14	13	15	12	5	3	69.37	0		4.807843
1	18	3	0	0	5	23	14	4	4	187.41	1		7.354499
1	19	3	0	0	9	23	14	4	4	187.41	1		7.354499
1	20	3	0	0	13	23	14	4	4	187.41	1		7.354499
1	21	3	0	14	4	9	14	4	4	187.41	1		7.354499
1	22	3	0	14	4	13	14	4	4	187.41	1		7.354499
1	23	3	0	14	4	17	14	4	4	187.41	1		7.354499
8	146	2	0	14	11	8	17	2	8	112.51	0		16.323659
8	147	2	0	14	11	16	17	2	8	112.51	0		16.323659
8	148	2	0	17	23	0	17	2	8	112.51	0		16.323659
8	153	3	0	14	13	18	14	4	4	187.41	1		7.354499
8	150	2	0	17	23	8	17	2	8	112.51	0		16.323659
8	142	1	0	14	9	24	12	5	3	69.37	0		4.807843
8	143	1	0	14	9	27	12	5	3	69.37	0		4.807843
8	144	1	0	17	18	6	12	5	3	69.37	0		4.807843
8	145	1	0	17	18	9	12	5	3	69.37	0		4.807843
8	151	3	0	14	5	21	14	4	4	187.41	1		7.354499
8	152	3	0	14	14	22	14	4	4	187.41	1		7.354499
8	149	2	0	17	23	16	17	2	8	112.51	0		16.323659
8	154	3	0	14	5	25	14	4	4	187.41	1		7.354499
8	155	3	0	14	14	26	14	4	4	187.41	1		7.354499
8	156	3	0	17	18	12	14	4	4	187.41	1		7.354499
8	157	3	0	17	18	16	14	4	4	187.41	1		7.354499
3	53	2	0	29	4	0	17	2	8	112.51	0		16.323659
9	162	1	0	12	0	27	12	5	3	69.37	0		4.807843
3	51	2	0	29	6	0	17	2	8	112.51	0		16.323659
3	50	2	0	29	13	0	17	2	8	112.51	0		16.323659
3	49	2	0	29	15	0	17	2	8	112.51	0		16.323659
3	48	2	0	29	4	8	17	2	8	112.51	0		16.323659
3	42	1	0	29	13	8	12	5	3	69.37	0		4.807843
3	47	1	0	28	13	11	12	5	3	69.37	0		4.807843
3	46	1	0	28	13	14	12	5	3	69.37	0		4.807843
3	45	1	0	28	13	17	12	5	3	69.37	0		4.807843
3	44	1	0	28	13	20	12	5	3	69.37	0		4.807843
3	43	1	0	28	13	23	12	5	3	69.37	0		4.807843
3	41	1	0	28	13	26	12	5	3	69.37	0		4.807843
3	54	3	0	17	18	20	14	4	4	187.41	1		7.354499
3	55	3	0	12	18	24	14	4	4	187.41	1		7.354499
3	56	3	0	31	17	0	14	4	4	187.41	1		7.354499
3	57	3	0	31	18	4	14	4	4	187.41	1		7.354499
3	58	3	0	31	18	8	14	4	4	187.41	1		7.354499
3	59	3	0	31	18	12	14	4	4	187.41	1		7.354499
3	60	3	0	31	18	16	14	4	4	187.41	1		7.354499
9	174	2	0	28	4	16	17	2	8	112.51	0		16.323659
9	173	2	0	29	6	8	17	2	8	112.51	0		16.323659
9	161	1	0	45	17	0	12	5	3	69.37	0		4.807843
9	171	2	0	28	6	16	17	2	8	112.51	0		16.323659
9	170	2	0	34	0	0	17	2	8	112.51	0		16.323659
9	159	1	0	28	4	24	12	5	3	69.37	0		4.807843
1	13	2	0	34	2	0	17	2	8	112.51	0		16.323659
9	168	1	0	28	4	27	12	5	3	69.37	0		4.807843
9	167	1	0	45	17	3	12	5	3	69.37	0		4.807843
9	166	1	0	45	17	6	12	5	3	69.37	0		4.807843
9	165	1	0	45	17	9	12	5	3	69.37	0		4.807843
9	164	1	0	45	17	12	12	5	3	69.37	0		4.807843
9	163	1	0	45	17	15	12	5	3	69.37	0		4.807843
3	52	2	0	29	2	8	17	2	8	112.51	0		16.323659
9	172	2	0	29	0	8	17	2	8	112.51	0		16.323659
9	160	1	0	45	17	18	12	5	3	69.37	0		4.807843
9	158	1	0	45	17	21	12	5	3	69.37	0		4.807843
9	175	3	0	29	0	16	14	4	4	187.41	1		7.354499
9	176	3	0	29	0	20	14	4	4	187.41	1		7.354499
9	177	3	0	24	0	24	14	4	4	187.41	1		7.354499
9	178	3	0	31	18	20	14	4	4	187.41	1		7.354499
13	248	2	0	34	9	0	17	2	8	112.51	0		16.323659
13	247	2	0	31	9	8	17	2	8	112.51	0		16.323659
13	246	2	0	31	9	16	17	2	8	112.51	0		16.323659
13	245	2	0	34	11	0	17	2	8	112.51	0		16.323659
13	244	2	0	31	11	8	17	2	8	112.51	0		16.323659
13	243	2	0	31	11	16	17	2	8	112.51	0		16.323659
13	235	1	0	45	17	24	12	5	3	69.37	0		4.807843
13	242	1	0	45	17	27	12	5	3	69.37	0		4.807843
13	241	1	0	46	4	0	12	5	3	69.37	0		4.807843
13	240	1	0	46	4	3	12	5	3	69.37	0		4.807843
13	239	1	0	46	4	6	12	5	3	69.37	0		4.807843
13	238	1	0	46	4	9	12	5	3	69.37	0		4.807843
13	237	1	0	46	4	12	12	5	3	69.37	0		4.807843
13	236	1	0	46	4	15	12	5	3	69.37	0		4.807843
13	234	1	0	45	4	18	12	5	3	69.37	0		4.807843
13	249	3	0	26	9	24	14	4	4	187.41	1		7.354499
13	250	3	0	26	18	24	14	4	4	187.41	1		7.354499
13	251	3	1	40	0	24	14	4	4	187.41	1		7.354499
13	252	3	0	45	4	21	14	4	4	187.41	1		7.354499
13	253	3	0	44	4	25	14	4	4	187.41	1		7.354499
13	254	3	0	46	13	0	14	4	4	187.41	1		7.354499
13	255	3	0	46	13	4	14	4	4	187.41	1		7.354499
13	256	3	0	41	13	8	14	4	4	187.41	1		7.354499


