Name:				307_n020_m400_bt10_6806
Problem:			3L-VRPTW
Number_of_used_Vehicles:	1
Total_Travel_Distance:		232.12
Calculation_Time:		32.92
Total_Iterations:		1
ConstraintSet:			P1

-------------------------------------------------------------------------------------------------------------------
Tour_Id:			1
No_of_Customers:		4
No_of_Items:			78
Customer_Sequence:		6 5 11 4 

CustId	Id	TypeId	Rotated	x	y	z	Length	Width	Height	mass	Fragility	LoadBearingStrength
4	80	10	0	0	0	0	17	5	8	125.31	0		5.554391
4	81	10	0	0	5	0	17	5	8	125.31	0		5.554391
4	82	10	0	0	10	0	17	5	8	125.31	0		5.554391
4	72	4	0	0	15	0	16	5	8	79.29	0		6.593456
4	73	5	0	0	0	8	14	6	6	55.01	0		2.281090
4	74	5	0	0	6	8	14	6	6	55.01	0		2.281090
4	69	2	0	0	20	0	15	5	6	49.05	0		5.780876
4	70	2	0	0	20	6	15	5	6	49.05	0		5.780876
4	77	9	0	0	12	8	8	5	7	51.93	0		4.362510
4	78	9	0	0	20	12	8	5	7	51.93	0		4.362510
4	79	9	0	0	0	14	8	5	7	51.93	0		4.362510
4	67	1	0	0	5	14	7	5	4	23.99	0		3.829605
4	68	1	0	0	12	15	7	5	4	23.99	0		3.829605
4	71	3	0	0	17	8	10	2	5	15.71	0		12.216775
4	75	6	0	7	5	14	8	7	5	31.86	1		2.284583
4	76	6	0	7	5	19	8	7	5	31.86	1		2.284583
11	222	10	0	15	20	0	17	5	8	125.31	0		5.554391
11	221	10	0	15	20	8	17	5	8	125.31	0		5.554391
11	220	10	0	15	20	16	17	5	8	125.31	0		5.554391
11	219	10	0	16	15	0	17	5	8	125.31	0		5.554391
11	207	4	0	10	15	8	16	5	8	79.29	0		6.593456
11	208	4	0	7	15	16	16	5	8	79.29	0		6.593456
11	209	4	0	17	0	0	16	5	8	79.29	0		6.593456
11	210	4	0	14	0	8	16	5	8	79.29	0		6.593456
11	212	5	0	7	15	24	14	6	6	55.01	0		2.281090
11	211	5	0	17	5	0	14	6	6	55.01	0		2.281090
11	217	9	0	0	0	21	8	5	7	51.93	0		4.362510
11	218	9	0	14	0	16	8	5	7	51.93	0		4.362510
11	201	1	0	0	12	19	7	5	4	23.99	0		3.829605
11	202	1	0	0	20	19	7	5	4	23.99	0		3.829605
11	206	3	0	8	12	8	10	2	5	15.71	0		12.216775
11	205	3	0	8	12	13	10	2	5	15.71	0		12.216775
11	204	3	0	7	12	18	10	2	5	15.71	0		12.216775
11	203	3	0	0	12	23	10	2	5	15.71	0		12.216775
11	214	7	0	0	17	13	6	2	7	10.15	0		8.904260
11	213	6	0	7	5	24	8	7	5	31.86	1		2.284583
11	215	8	0	17	5	6	14	5	3	33.09	1		0.830445
11	216	8	0	15	5	9	14	5	3	33.09	1		0.830445
5	102	10	0	31	5	0	17	5	8	125.31	0		5.554391
5	101	10	0	31	10	0	17	5	8	125.31	0		5.554391
5	92	4	0	31	5	8	16	5	8	79.29	0		6.593456
5	91	4	0	31	10	8	16	5	8	79.29	0		6.593456
5	85	1	0	14	0	23	7	5	4	23.99	0		3.829605
5	93	5	0	31	5	16	14	6	6	55.01	0		2.281090
5	95	5	0	31	5	22	14	6	6	55.01	0		2.281090
5	94	5	0	33	15	0	14	6	6	55.01	0		2.281090
5	86	2	0	31	11	16	15	5	6	49.05	0		5.780876
5	100	9	0	22	0	16	8	5	7	51.93	0		4.362510
5	83	1	0	21	0	23	7	5	4	23.99	0		3.829605
5	98	7	0	10	12	23	6	2	7	10.15	0		8.904260
5	84	1	0	26	15	8	7	5	4	23.99	0		3.829605
5	89	3	0	18	11	0	10	2	5	15.71	0		12.216775
5	88	3	0	18	13	0	10	2	5	15.71	0		12.216775
5	87	3	0	18	11	5	10	2	5	15.71	0		12.216775
5	96	7	0	18	13	5	6	2	7	10.15	0		8.904260
5	97	7	0	18	11	10	6	2	7	10.15	0		8.904260
5	90	4	0	31	11	22	16	5	8	79.29	0		6.593456
5	99	8	0	14	0	27	14	5	3	33.09	1		0.830445
6	122	10	0	33	0	0	17	5	8	125.31	0		5.554391
6	121	10	0	30	0	8	17	5	8	125.31	0		5.554391
6	120	10	0	30	0	16	17	5	8	125.31	0		5.554391
6	119	10	1	48	5	0	17	5	8	125.31	0		5.554391
6	108	4	1	47	0	8	16	5	8	79.29	0		6.593456
6	109	4	1	47	0	16	16	5	8	79.29	0		6.593456
6	110	4	1	53	0	0	16	5	8	79.29	0		6.593456
6	111	4	1	52	0	8	16	5	8	79.29	0		6.593456
6	113	5	1	47	0	24	14	6	6	55.01	0		2.281090
6	112	5	1	52	0	16	14	6	6	55.01	0		2.281090
6	106	2	0	28	0	24	15	5	6	49.05	0		5.780876
6	117	9	0	33	16	6	8	5	7	51.93	0		4.362510
6	118	9	0	32	16	13	8	5	7	51.93	0		4.362510
6	103	1	0	32	16	20	7	5	4	23.99	0		3.829605
6	105	1	0	32	16	24	7	5	4	23.99	0		3.829605
6	104	1	0	41	16	6	7	5	4	23.99	0		3.829605
6	107	3	0	32	21	0	10	2	5	15.71	0		12.216775
6	115	7	0	32	23	0	6	2	7	10.15	0		8.904260
6	114	6	1	53	16	0	8	7	5	31.86	1		2.284583
6	116	8	1	53	0	22	14	5	3	33.09	1		0.830445


