Name:				335_n020_m400_bt3_8153
Problem:			3L-VRPTW
Number_of_used_Vehicles:	1
Total_Travel_Distance:		216.22
Calculation_Time:		60.20
Total_Iterations:		1
ConstraintSet:			P1

-------------------------------------------------------------------------------------------------------------------
Tour_Id:			1
No_of_Customers:		6
No_of_Items:			135
Customer_Sequence:		5 10 12 15 3 1 

CustId	Id	TypeId	Rotated	x	y	z	Length	Width	Height	mass	Fragility	LoadBearingStrength
1	2	1	0	0	0	0	16	4	5	97.66	0		4.494740
1	3	1	0	0	4	0	16	4	5	97.66	0		4.494740
1	4	1	0	0	8	0	16	4	5	97.66	0		4.494740
1	5	1	0	0	12	0	16	4	5	97.66	0		4.494740
1	6	1	0	0	16	0	16	4	5	97.66	0		4.494740
1	7	1	0	0	20	0	16	4	5	97.66	0		4.494740
1	8	1	0	0	0	5	16	4	5	97.66	0		4.494740
1	1	1	0	0	4	5	16	4	5	97.66	0		4.494740
1	12	2	0	0	8	5	13	2	7	57.81	0		10.969272
1	15	2	0	0	10	5	13	2	7	57.81	0		10.969272
1	14	2	0	0	12	5	13	2	7	57.81	0		10.969272
1	13	2	0	0	14	5	13	2	7	57.81	0		10.969272
1	11	2	0	0	16	5	13	2	7	57.81	0		10.969272
1	10	2	0	0	18	5	13	2	7	57.81	0		10.969272
1	9	2	0	0	20	5	13	2	7	57.81	0		10.969272
1	16	3	0	0	0	10	11	5	4	95.49	1		2.780246
1	17	3	0	0	8	12	11	5	4	95.49	1		2.780246
1	18	3	0	0	13	12	11	5	4	95.49	1		2.780246
1	19	3	0	0	18	12	11	5	4	95.49	1		2.780246
1	20	3	0	0	0	14	11	5	4	95.49	1		2.780246
1	21	3	0	0	8	16	11	5	4	95.49	1		2.780246
1	22	3	0	0	13	16	11	5	4	95.49	1		2.780246
3	41	1	1	13	8	5	16	4	5	97.66	0		4.494740
3	42	1	0	16	0	0	16	4	5	97.66	0		4.494740
3	43	1	1	13	0	10	16	4	5	97.66	0		4.494740
3	44	1	1	13	0	15	16	4	5	97.66	0		4.494740
3	45	1	1	13	0	20	16	4	5	97.66	0		4.494740
3	46	1	1	13	0	25	16	4	5	97.66	0		4.494740
3	47	1	0	16	4	0	16	4	5	97.66	0		4.494740
3	48	1	0	16	8	0	16	4	5	97.66	0		4.494740
3	49	1	0	16	12	0	16	4	5	97.66	0		4.494740
3	50	1	0	16	16	0	16	4	5	97.66	0		4.494740
3	51	1	0	16	20	0	16	4	5	97.66	0		4.494740
3	40	1	0	16	0	5	16	4	5	97.66	0		4.494740
3	53	2	0	0	5	10	13	2	7	57.81	0		10.969272
3	57	2	0	0	5	17	13	2	7	57.81	0		10.969272
3	56	2	1	11	7	12	13	2	7	57.81	0		10.969272
3	55	2	1	11	7	19	13	2	7	57.81	0		10.969272
3	54	2	0	17	4	5	13	2	7	57.81	0		10.969272
3	52	2	0	17	6	5	13	2	7	57.81	0		10.969272
3	58	3	0	0	18	16	11	5	4	95.49	1		2.780246
3	59	3	0	0	0	18	11	5	4	95.49	1		2.780246
3	60	3	0	0	7	20	11	5	4	95.49	1		2.780246
3	61	3	0	0	12	20	11	5	4	95.49	1		2.780246
3	62	3	0	0	17	20	11	5	4	95.49	1		2.780246
3	63	3	0	0	0	22	11	5	4	95.49	1		2.780246
3	64	3	0	0	5	24	11	5	4	95.49	1		2.780246
3	65	3	0	0	10	24	11	5	4	95.49	1		2.780246
15	277	1	0	17	8	5	16	4	5	97.66	0		4.494740
15	278	1	0	17	12	5	16	4	5	97.66	0		4.494740
15	279	1	0	17	16	5	16	4	5	97.66	0		4.494740
15	280	1	0	13	16	10	16	4	5	97.66	0		4.494740
15	281	1	0	13	16	15	16	4	5	97.66	0		4.494740
15	282	1	0	13	16	20	16	4	5	97.66	0		4.494740
15	292	2	0	17	20	5	13	2	7	57.81	0		10.969272
15	276	1	0	13	16	25	16	4	5	97.66	0		4.494740
15	289	2	0	17	22	5	13	2	7	57.81	0		10.969272
15	293	2	0	17	0	10	13	2	7	57.81	0		10.969272
15	283	1	0	17	8	10	16	4	5	97.66	0		4.494740
15	291	2	0	17	2	10	13	2	7	57.81	0		10.969272
15	290	2	0	17	12	10	13	2	7	57.81	0		10.969272
15	288	2	0	17	14	10	13	2	7	57.81	0		10.969272
15	287	2	0	17	4	12	13	2	7	57.81	0		10.969272
15	286	2	0	17	6	12	13	2	7	57.81	0		10.969272
15	285	2	0	17	20	12	13	2	7	57.81	0		10.969272
15	284	2	0	17	22	12	13	2	7	57.81	0		10.969272
15	294	3	0	17	4	19	11	5	4	95.49	1		2.780246
15	295	3	0	17	20	19	11	5	4	95.49	1		2.780246
15	296	3	0	17	4	23	11	5	4	95.49	1		2.780246
15	297	3	0	17	20	23	11	5	4	95.49	1		2.780246
15	298	3	0	32	0	0	11	5	4	95.49	1		2.780246
15	299	3	0	32	5	0	11	5	4	95.49	1		2.780246
15	300	3	0	32	10	0	11	5	4	95.49	1		2.780246
15	301	3	0	32	15	0	11	5	4	95.49	1		2.780246
12	218	1	0	17	0	17	16	4	5	97.66	0		4.494740
12	219	1	0	17	12	17	16	4	5	97.66	0		4.494740
12	220	1	0	17	0	22	16	4	5	97.66	0		4.494740
12	217	1	0	17	12	22	16	4	5	97.66	0		4.494740
12	227	2	0	17	9	15	13	2	7	57.81	0		10.969272
12	229	2	0	17	9	22	13	2	7	57.81	0		10.969272
12	228	2	0	32	20	0	13	2	7	57.81	0		10.969272
12	226	2	0	30	20	7	13	2	7	57.81	0		10.969272
12	225	2	0	30	20	14	13	2	7	57.81	0		10.969272
12	224	2	0	28	20	21	13	2	7	57.81	0		10.969272
12	223	2	0	32	22	0	13	2	7	57.81	0		10.969272
12	222	2	0	30	22	7	13	2	7	57.81	0		10.969272
12	221	2	0	30	22	14	13	2	7	57.81	0		10.969272
12	230	3	0	32	0	4	11	5	4	95.49	1		2.780246
12	231	3	0	32	0	8	11	5	4	95.49	1		2.780246
12	232	3	0	30	0	12	11	5	4	95.49	1		2.780246
12	233	3	0	33	5	4	11	5	4	95.49	1		2.780246
12	234	3	0	33	10	4	11	5	4	95.49	1		2.780246
12	235	3	0	33	15	4	11	5	4	95.49	1		2.780246
12	236	3	0	33	5	8	11	5	4	95.49	1		2.780246
10	179	1	0	43	0	0	16	4	5	97.66	0		4.494740
10	180	1	0	43	0	5	16	4	5	97.66	0		4.494740
10	181	1	0	43	0	10	16	4	5	97.66	0		4.494740
10	182	1	0	41	0	15	16	4	5	97.66	0		4.494740
10	178	1	0	41	0	20	16	4	5	97.66	0		4.494740
10	188	2	0	28	22	21	13	2	7	57.81	0		10.969272
10	192	2	0	44	4	0	13	2	7	57.81	0		10.969272
10	191	2	0	44	6	0	13	2	7	57.81	0		10.969272
10	190	2	0	44	8	0	13	2	7	57.81	0		10.969272
10	189	2	0	44	10	0	13	2	7	57.81	0		10.969272
10	187	2	0	44	12	0	13	2	7	57.81	0		10.969272
10	186	2	0	44	14	0	13	2	7	57.81	0		10.969272
10	185	2	0	44	16	0	13	2	7	57.81	0		10.969272
10	184	2	0	44	18	0	13	2	7	57.81	0		10.969272
10	183	2	0	44	4	7	13	2	7	57.81	0		10.969272
10	193	3	0	33	10	8	11	5	4	95.49	1		2.780246
10	194	3	0	33	15	8	11	5	4	95.49	1		2.780246
10	195	3	0	33	5	12	11	5	4	95.49	1		2.780246
10	196	3	0	33	10	12	11	5	4	95.49	1		2.780246
10	197	3	0	33	15	12	11	5	4	95.49	1		2.780246
10	198	3	0	30	4	16	11	5	4	95.49	1		2.780246
5	87	1	0	41	0	25	16	4	5	97.66	0		4.494740
5	88	1	0	44	6	7	16	4	5	97.66	0		4.494740
5	89	1	0	44	10	7	16	4	5	97.66	0		4.494740
5	90	1	0	44	14	7	16	4	5	97.66	0		4.494740
5	91	1	0	44	6	12	16	4	5	97.66	0		4.494740
5	92	1	0	44	10	12	16	4	5	97.66	0		4.494740
5	93	1	0	44	14	12	16	4	5	97.66	0		4.494740
5	94	1	0	41	6	17	16	4	5	97.66	0		4.494740
5	86	1	0	41	10	17	16	4	5	97.66	0		4.494740
5	96	2	0	41	14	17	13	2	7	57.81	0		10.969272
5	99	2	0	41	16	17	13	2	7	57.81	0		10.969272
5	98	2	0	41	6	22	13	2	7	57.81	0		10.969272
5	97	2	0	41	8	22	13	2	7	57.81	0		10.969272
5	95	2	0	41	10	22	13	2	7	57.81	0		10.969272
5	100	3	0	28	4	20	11	5	4	95.49	1		2.780246
5	101	3	0	28	4	24	11	5	4	95.49	1		2.780246
5	102	3	0	41	14	24	11	5	4	95.49	1		2.780246
5	103	3	0	45	20	0	11	5	4	95.49	1		2.780246
5	104	3	0	45	20	4	11	5	4	95.49	1		2.780246
5	105	3	0	43	20	8	11	5	4	95.49	1		2.780246


