Name:				224_n100_m200_bt100
Problem:			3L-VRPTW
Number_of_used_Vehicles:	17
Total_Travel_Distance:		1453.79
Calculation_Time:		1747.46
Total_Iterations:		25001
ConstraintSet:			P19

-------------------------------------------------------------------------------------------------------------------
Tour_Id:			1
No_of_Customers:		6
No_of_Items:			13
Customer_Sequence:		53 17 64 77 9 34 

CustId	Id	TypeId	Rotated	x	y	z	Length	Width	Height	mass	Fragility	LoadBearingStrength
34	65	16	0	0	0	0	19	10	14	1359.38	0		39.292201
34	66	19	0	0	10	0	33	13	10	1549.57	1		9.448738
34	67	43	0	0	0	14	22	6	11	458.38	0		47.310191
17	33	100	0	0	6	14	29	10	13	2172.91	0		120.727478
64	127	41	0	22	0	0	35	6	13	840.26	0		47.151109
9	14	65	0	0	16	10	22	9	6	585.67	1		15.236863
77	155	53	0	33	6	0	21	8	12	351	0		12.293946
53	106	92	0	29	6	12	26	12	12	2467.03	0		262.062089
77	154	36	0	0	16	16	15	5	12	627.10	1		13.270844
64	128	70	0	22	0	13	31	5	6	538.89	0		75.277552
17	32	72	0	15	16	16	12	8	6	57.93	1		3.552677
17	31	44	0	22	0	19	22	5	10	459.16	0		15.153968
53	105	4	0	29	5	24	30	11	6	425.33	0		16.764149


-------------------------------------------------------------------------------------------------------------------
Tour_Id:			2
No_of_Customers:		7
No_of_Items:			12
Customer_Sequence:		55 16 83 67 21 97 45 

CustId	Id	TypeId	Rotated	x	y	z	Length	Width	Height	mass	Fragility	LoadBearingStrength
45	87	97	0	0	0	0	33	8	14	2430.26	0		316.940422
97	194	86	0	0	8	0	32	7	12	461.38	0		24.521260
97	193	45	0	0	15	0	35	8	7	1024.12	0		18.021268
97	192	32	0	0	8	12	33	8	6	216.72	0		21.585803
21	40	94	0	0	16	7	18	7	9	774.28	0		48.571413
21	39	84	0	0	0	14	16	5	9	198.44	0		25.363986
16	30	97	0	0	16	16	33	8	14	2430.26	0		316.940422
67	135	41	0	16	0	14	35	6	13	840.26	0		47.151109
67	136	77	0	0	6	18	30	8	8	500.67	0		29.519571
83	168	77	0	18	16	7	30	8	8	500.67	0		29.519571
21	38	34	0	33	0	0	18	13	7	385.91	1		10.984347
55	108	84	0	30	6	18	16	5	9	198.44	0		25.363986


-------------------------------------------------------------------------------------------------------------------
Tour_Id:			3
No_of_Customers:		7
No_of_Items:			17
Customer_Sequence:		38 50 79 58 61 56 96 

CustId	Id	TypeId	Rotated	x	y	z	Length	Width	Height	mass	Fragility	LoadBearingStrength
56	110	25	0	0	0	0	17	10	14	465.51	1		9.046178
96	190	1	0	0	10	0	18	8	13	961.24	0		25.871892
79	159	3	0	0	10	13	27	8	7	527.68	0		33.014596
56	109	8	0	17	0	0	34	8	12	1901.53	0		24.346761
96	191	58	0	0	18	0	25	7	11	341.25	0		39.634924
61	122	25	0	0	0	14	17	10	14	465.51	1		9.046178
79	161	43	0	0	18	11	22	6	11	458.38	0		47.310191
61	123	53	0	17	0	12	21	8	12	351	0		12.293946
58	115	80	0	18	8	0	33	7	10	1388.36	1		31.830103
56	111	48	0	25	15	0	34	5	6	712.75	0		54.291576
50	97	35	0	0	10	20	13	6	10	352.52	0		40.607931
79	160	34	0	27	8	10	18	13	7	385.91	1		10.984347
61	121	11	0	25	20	0	32	5	9	255.58	1		5.640374
50	98	90	0	27	8	17	29	8	12	499.85	1		8.776828
50	96	29	0	0	16	22	29	6	6	355.20	1		5.345762
38	73	32	0	17	0	24	33	8	6	216.72	0		21.585803
38	74	43	0	38	0	12	22	6	11	458.38	0		47.310191


-------------------------------------------------------------------------------------------------------------------
Tour_Id:			4
No_of_Customers:		6
No_of_Items:			12
Customer_Sequence:		24 3 100 39 35 11 

CustId	Id	TypeId	Rotated	x	y	z	Length	Width	Height	mass	Fragility	LoadBearingStrength
11	18	26	0	0	0	0	15	8	9	893.78	0		41.439764
35	68	30	0	0	8	0	35	14	12	3030.52	0		24.815538
11	19	35	0	0	0	9	13	6	10	352.52	0		40.607931
35	69	45	0	0	6	12	35	8	7	1024.12	0		18.021268
39	75	96	0	0	14	12	30	11	7	1236.62	0		154.052970
100	200	88	0	0	0	19	18	14	10	785.18	0		21.833646
100	199	80	0	0	14	19	33	7	10	1388.36	1		31.830103
3	3	11	0	18	0	0	32	5	9	255.58	1		5.640374
3	4	36	0	18	0	9	15	5	12	627.10	1		13.270844
24	47	42	0	35	5	0	21	11	10	322.27	0		31.660358
24	45	27	0	35	16	0	22	6	14	290.08	0		7.305391
24	46	39	0	18	0	21	32	14	9	1841.97	1		10.279979


-------------------------------------------------------------------------------------------------------------------
Tour_Id:			5
No_of_Customers:		7
No_of_Items:			13
Customer_Sequence:		31 63 84 60 74 99 73 

CustId	Id	TypeId	Rotated	x	y	z	Length	Width	Height	mass	Fragility	LoadBearingStrength
99	196	50	0	0	0	0	27	5	12	709.11	0		32.587024
73	146	55	0	0	5	0	27	6	9	274.30	0		13.169822
73	147	71	0	0	11	0	25	6	14	1286.21	0		126.842834
74	149	52	0	0	0	14	19	13	12	1474.12	0		182.842650
99	198	69	0	0	17	0	29	7	6	305.01	0		21.290331
74	148	44	0	0	17	6	22	5	10	459.16	0		15.153968
99	197	68	0	25	11	0	27	6	8	230	0		16.235047
60	119	59	0	25	11	8	32	14	9	1995.14	0		38.945071
84	169	6	0	19	0	12	35	5	6	566.24	1		9.751882
60	118	28	0	0	13	16	15	8	11	363.58	0		16.267041
60	120	89	0	27	0	0	24	11	10	1558.53	0		87.743942
63	126	51	0	19	5	17	35	12	12	559.53	0		12.978438
31	60	84	0	15	17	17	16	5	9	198.44	0		25.363986


-------------------------------------------------------------------------------------------------------------------
Tour_Id:			6
No_of_Customers:		6
No_of_Items:			10
Customer_Sequence:		29 25 66 93 94 54 

CustId	Id	TypeId	Rotated	x	y	z	Length	Width	Height	mass	Fragility	LoadBearingStrength
54	107	22	0	0	0	0	31	14	11	593.28	0		12.678270
94	188	75	0	0	14	0	32	8	13	577.63	1		7.642710
93	186	45	0	0	0	11	35	8	7	1024.12	0		18.021268
93	187	51	0	0	0	18	35	12	12	559.53	0		12.978438
25	49	21	0	35	0	0	22	14	7	1331.30	0		42.376984
66	134	47	0	32	14	0	15	6	10	121.26	0		5.391877
66	133	34	0	0	12	13	18	13	7	385.91	1		10.984347
66	132	26	0	32	14	10	15	8	9	893.78	0		41.439764
25	48	2	0	0	12	20	31	6	10	292.26	1		3.400536
29	56	38	0	31	12	19	19	11	8	860.31	1		9.063334


-------------------------------------------------------------------------------------------------------------------
Tour_Id:			7
No_of_Customers:		6
No_of_Items:			10
Customer_Sequence:		90 95 76 69 65 49 

CustId	Id	TypeId	Rotated	x	y	z	Length	Width	Height	mass	Fragility	LoadBearingStrength
49	95	43	0	0	0	0	22	6	11	458.38	0		47.310191
65	130	82	0	0	6	0	32	6	9	280.94	0		58.201726
65	131	98	0	0	12	0	29	12	8	835.33	0		37.807065
65	129	77	0	0	6	9	30	8	8	500.67	0		29.519571
49	94	18	0	0	0	11	17	5	12	400.82	0		21.187319
69	139	24	0	0	5	17	33	13	13	1575.41	0		22.319546
69	140	94	0	0	18	8	18	7	9	774.28	0		48.571413
76	153	20	0	18	18	8	35	7	14	1216.33	1		13.604567
95	189	56	0	33	0	0	26	13	6	1338.91	1		18.694571
90	181	93	0	17	0	11	32	5	9	314.21	0		15.133307


-------------------------------------------------------------------------------------------------------------------
Tour_Id:			8
No_of_Customers:		7
No_of_Items:			16
Customer_Sequence:		86 78 37 80 18 41 33 

CustId	Id	TypeId	Rotated	x	y	z	Length	Width	Height	mass	Fragility	LoadBearingStrength
33	63	17	0	0	0	0	35	8	7	285.50	0		8.831262
33	64	69	0	0	8	0	29	7	6	305.01	0		21.290331
41	78	87	0	0	15	0	32	10	14	1516.41	0		15.619229
41	77	69	0	0	8	6	29	7	6	305.01	0		21.290331
41	79	91	0	0	0	7	18	7	7	377.90	0		37.074512
18	34	44	0	0	7	12	22	5	10	459.16	0		15.153968
80	164	98	0	0	0	22	29	12	8	835.33	0		37.807065
80	162	15	0	0	12	14	32	12	6	1166.20	0		29.705365
80	163	82	0	0	12	20	32	6	9	280.94	0		58.201726
37	71	12	0	32	8	0	19	9	12	1323.78	0		167.483713
37	72	82	0	0	18	20	32	6	9	280.94	0		58.201726
86	174	95	0	29	0	12	23	10	6	243.18	0		6.634716
78	158	79	0	32	17	0	24	6	8	702.26	0		62.037279
78	156	25	0	32	10	12	17	10	14	465.51	1		9.046178
86	173	63	1	49	10	12	15	8	14	1549.27	0		41.003831
78	157	43	0	35	0	0	22	6	11	458.38	0		47.310191


-------------------------------------------------------------------------------------------------------------------
Tour_Id:			9
No_of_Customers:		6
No_of_Items:			9
Customer_Sequence:		40 36 27 82 70 13 

CustId	Id	TypeId	Rotated	x	y	z	Length	Width	Height	mass	Fragility	LoadBearingStrength
70	141	16	0	0	0	0	19	10	14	1359.38	0		39.292201
13	23	38	0	0	10	0	19	11	8	860.31	1		9.063334
13	25	99	0	0	10	8	17	14	7	1825.15	1		21.213734
13	24	78	0	19	10	0	35	14	14	4885.16	0		76.190178
70	142	53	0	0	0	14	21	8	12	351	0		12.293946
82	167	19	0	0	8	15	33	13	10	1549.57	1		9.448738
27	53	84	0	21	0	0	16	5	9	198.44	0		25.363986
36	70	55	0	21	0	9	27	6	9	274.30	0		13.169822
40	76	26	0	21	0	18	15	8	9	893.78	0		41.439764


-------------------------------------------------------------------------------------------------------------------
Tour_Id:			10
No_of_Customers:		5
No_of_Items:			12
Customer_Sequence:		23 48 30 4 6 

CustId	Id	TypeId	Rotated	x	y	z	Length	Width	Height	mass	Fragility	LoadBearingStrength
4	5	62	0	0	0	0	28	14	10	1900.01	0		33.584706
6	8	4	0	0	14	0	30	11	6	425.33	0		16.764149
6	7	1	0	0	14	6	18	8	13	961.24	0		25.871892
6	9	100	0	18	14	6	29	10	13	2172.91	0		120.727478
30	58	37	0	0	0	10	15	8	9	1047	0		287.643541
48	91	22	0	0	0	19	31	14	11	593.28	0		12.678270
30	59	73	0	0	14	19	22	10	11	2449.06	1		103.560363
30	57	31	0	0	8	10	33	5	6	246.57	0		11.532874
48	93	94	0	15	0	10	18	7	9	774.28	0		48.571413
48	92	48	0	22	14	19	34	5	6	712.75	0		54.291576
23	44	66	0	33	0	0	21	12	8	921.53	0		22.779053
23	43	35	0	22	19	19	13	6	10	352.52	0		40.607931


-------------------------------------------------------------------------------------------------------------------
Tour_Id:			11
No_of_Customers:		4
No_of_Items:			8
Customer_Sequence:		92 43 7 15 

CustId	Id	TypeId	Rotated	x	y	z	Length	Width	Height	mass	Fragility	LoadBearingStrength
7	10	24	0	0	0	0	33	13	13	1575.41	0		22.319546
15	27	11	0	0	13	0	32	5	9	255.58	1		5.640374
15	29	82	0	0	18	0	32	6	9	280.94	0		58.201726
15	28	27	0	0	18	9	22	6	14	290.08	0		7.305391
7	11	68	0	0	0	13	27	6	8	230	0		16.235047
43	83	89	0	0	6	13	24	11	10	1558.53	0		87.743942
43	84	99	0	0	0	23	17	14	7	1825.15	1		21.213734
92	185	67	0	24	6	13	34	14	14	3955.66	0		39.166899


-------------------------------------------------------------------------------------------------------------------
Tour_Id:			12
No_of_Customers:		5
No_of_Items:			10
Customer_Sequence:		26 57 2 89 59 

CustId	Id	TypeId	Rotated	x	y	z	Length	Width	Height	mass	Fragility	LoadBearingStrength
89	180	51	0	0	0	0	35	12	12	559.53	0		12.978438
59	117	76	0	0	12	0	13	11	12	727.07	0		33.991195
59	116	9	0	0	12	12	16	5	9	1060.32	0		71.580435
2	2	50	0	0	0	12	27	5	12	709.11	0		32.587024
57	112	13	0	16	12	0	29	12	10	2421.30	1		28.445028
57	113	41	0	0	5	12	35	6	13	840.26	0		47.151109
57	114	54	0	35	0	0	20	11	11	2769.46	0		99.509161
26	50	21	0	35	0	11	22	14	7	1331.30	0		42.376984
26	52	81	0	35	0	18	15	13	11	985.64	0		282.850936
26	51	75	0	0	17	12	32	8	13	577.63	1		7.642710


-------------------------------------------------------------------------------------------------------------------
Tour_Id:			13
No_of_Customers:		7
No_of_Items:			15
Customer_Sequence:		12 20 51 71 75 68 98 

CustId	Id	TypeId	Rotated	x	y	z	Length	Width	Height	mass	Fragility	LoadBearingStrength
98	195	91	0	0	0	0	18	7	7	377.90	0		37.074512
51	99	20	0	0	7	0	35	7	14	1216.33	1		13.604567
20	37	57	0	35	0	0	21	12	7	329.23	0		34.385624
68	137	43	0	0	14	0	22	6	11	458.38	0		47.310191
75	150	18	0	0	20	0	17	5	12	400.82	0		21.187319
68	138	61	0	0	0	7	33	7	13	1671.04	0		57.026248
71	143	2	0	0	14	11	31	6	10	292.26	1		3.400536
51	101	93	0	0	20	12	32	5	9	314.21	0		15.133307
51	100	26	0	0	0	20	15	8	9	893.78	0		41.439764
75	151	23	0	22	14	0	17	6	10	132.27	0		6.933820
20	36	34	0	15	0	20	18	13	7	385.91	1		10.984347
75	152	38	0	39	14	0	19	11	8	860.31	1		9.063334
12	21	42	0	35	0	7	21	11	10	322.27	0		31.660358
12	20	3	0	33	0	17	27	8	7	527.68	0		33.014596
12	22	99	0	33	8	17	17	14	7	1825.15	1		21.213734


-------------------------------------------------------------------------------------------------------------------
Tour_Id:			14
No_of_Customers:		6
No_of_Items:			13
Customer_Sequence:		5 88 85 72 87 22 

CustId	Id	TypeId	Rotated	x	y	z	Length	Width	Height	mass	Fragility	LoadBearingStrength
22	41	68	0	0	0	0	27	6	8	230	0		16.235047
22	42	79	0	0	6	0	24	6	8	702.26	0		62.037279
87	176	47	0	0	12	0	15	6	10	121.26	0		5.391877
87	175	3	0	0	0	8	27	8	7	527.68	0		33.014596
87	177	89	0	0	8	10	24	11	10	1558.53	0		87.743942
85	172	67	0	24	8	0	34	14	14	3955.66	0		39.166899
88	178	27	0	0	0	15	22	6	14	290.08	0		7.305391
72	145	97	0	27	0	0	33	8	14	2430.26	0		316.940422
72	144	94	0	0	6	20	18	7	9	774.28	0		48.571413
85	171	29	0	0	13	20	29	6	6	355.20	1		5.345762
88	179	86	0	22	0	15	32	7	12	461.38	0		24.521260
85	170	11	0	0	19	14	32	5	9	255.58	1		5.640374
5	6	2	0	27	7	14	31	6	10	292.26	1		3.400536


-------------------------------------------------------------------------------------------------------------------
Tour_Id:			15
No_of_Customers:		7
No_of_Items:			11
Customer_Sequence:		14 19 8 46 1 28 81 

CustId	Id	TypeId	Rotated	x	y	z	Length	Width	Height	mass	Fragility	LoadBearingStrength
81	165	24	0	0	0	0	33	13	13	1575.41	0		22.319546
81	166	38	0	0	13	0	19	11	8	860.31	1		9.063334
1	1	17	0	0	0	13	35	8	7	285.50	0		8.831262
46	88	5	0	0	8	13	34	5	13	637.45	0		21.681981
28	55	95	0	19	13	0	23	10	6	243.18	0		6.634716
46	89	97	0	19	13	6	33	8	14	2430.26	0		316.940422
28	54	43	0	33	0	0	22	6	11	458.38	0		47.310191
8	12	13	0	0	13	20	29	12	10	2421.30	1		28.445028
8	13	80	0	0	0	20	33	7	10	1388.36	1		31.830103
19	35	66	0	29	13	20	21	12	8	921.53	0		22.779053
14	26	85	0	35	0	11	14	7	11	239.36	0		18.003965


-------------------------------------------------------------------------------------------------------------------
Tour_Id:			16
No_of_Customers:		4
No_of_Items:			9
Customer_Sequence:		47 42 44 91 

CustId	Id	TypeId	Rotated	x	y	z	Length	Width	Height	mass	Fragility	LoadBearingStrength
91	183	62	0	0	0	0	28	14	10	1900.01	0		33.584706
91	184	98	0	0	0	10	29	12	8	835.33	0		37.807065
91	182	27	0	0	14	0	22	6	14	290.08	0		7.305391
44	86	57	0	0	0	18	21	12	7	329.23	0		34.385624
44	85	55	0	0	12	14	27	6	9	274.30	0		13.169822
42	82	62	0	29	0	0	28	14	10	1900.01	0		33.584706
42	80	1	0	27	12	10	18	8	13	961.24	0		25.871892
42	81	57	0	0	12	23	21	12	7	329.23	0		34.385624
47	90	23	0	21	0	18	17	6	10	132.27	0		6.933820


-------------------------------------------------------------------------------------------------------------------
Tour_Id:			17
No_of_Customers:		4
No_of_Items:			10
Customer_Sequence:		62 10 32 52 

CustId	Id	TypeId	Rotated	x	y	z	Length	Width	Height	mass	Fragility	LoadBearingStrength
52	102	52	0	0	0	0	19	13	12	1474.12	0		182.842650
52	103	60	0	0	13	0	19	8	9	528.77	0		43.514353
10	17	81	0	0	0	12	15	13	11	985.64	0		282.850936
52	104	94	0	0	13	9	18	7	9	774.28	0		48.571413
10	15	13	0	0	13	18	29	12	10	2421.30	1		28.445028
10	16	61	0	15	0	12	33	7	13	1671.04	0		57.026248
32	61	30	0	19	0	0	35	14	12	3030.52	0		24.815538
32	62	60	0	19	14	0	19	8	9	528.77	0		43.514353
62	125	77	0	29	7	12	30	8	8	500.67	0		29.519571
62	124	33	0	29	15	9	29	6	8	526.05	0		35.882385


