Name:				268_n100_m200_bt100
Problem:			3L-VRPTW
Number_of_used_Vehicles:	5
Total_Travel_Distance:		1094.05
Calculation_Time:		2934.41
Total_Iterations:		12439
ConstraintSet:			P19

-------------------------------------------------------------------------------------------------------------------
Tour_Id:			1
No_of_Customers:		21
No_of_Items:			45
Customer_Sequence:		39 96 3 20 76 82 50 17 86 95 93 85 66 21 94 19 89 11 9 59 24 

CustId	Id	TypeId	Rotated	x	y	z	Length	Width	Height	mass	Fragility	LoadBearingStrength
24	45	68	0	0	0	0	9	6	7	369.95	0		41.042142
59	116	8	0	0	6	0	10	4	5	123.93	1		6.511370
9	15	39	0	0	10	0	10	6	3	74.45	0		5.812918
9	14	15	0	0	16	0	10	6	5	253.86	1		22.040257
11	18	40	0	0	22	0	9	3	4	77.03	0		31.038921
89	177	86	0	0	10	3	7	5	8	220.84	0		33.665596
19	33	35	0	0	0	7	8	6	5	180.81	0		38.919649
19	32	3	0	0	22	4	11	3	5	87.44	1		7.605620
94	187	91	0	0	6	11	13	7	7	613.02	0		39.670723
94	185	41	0	0	13	11	12	5	5	106.75	0		19.286751
94	186	53	0	0	0	12	9	4	6	121.11	0		25.504825
21	39	91	0	0	13	16	13	7	7	613.02	0		39.670723
21	37	11	0	0	0	18	10	4	5	142.68	0		26.015908
21	38	56	0	0	4	18	8	4	6	268.04	0		278.169460
66	133	35	0	0	8	23	8	6	5	180.81	0		38.919649
66	134	40	0	0	8	18	9	3	4	77.03	0		31.038921
66	132	3	0	0	20	9	11	3	5	87.44	1		7.605620
85	172	82	0	0	0	23	15	4	7	244.07	0		86.151954
85	170	5	0	0	14	23	9	3	5	83.34	0		21.092214
85	171	42	0	0	17	23	8	3	3	135.04	0		207.198907
93	183	27	0	0	4	24	15	4	4	158.85	0		11.484000
93	184	61	0	0	17	26	15	3	4	156.19	0		31.296273
95	188	11	0	9	8	18	10	4	5	142.68	0		26.015908
95	189	52	0	11	20	0	7	2	8	48.33	0		23.969562
86	173	60	0	9	8	23	11	7	5	296.61	0		21.946071
17	29	86	0	11	20	8	7	5	8	220.84	0		33.665596
17	28	42	0	11	22	0	8	3	3	135.04	0		207.198907
17	27	8	0	0	20	14	10	4	5	123.93	1		6.511370
50	98	31	0	10	20	16	16	4	3	281.47	0		130.877996
50	99	45	0	10	20	19	7	3	3	29.10	0		43.645422
82	165	19	0	15	0	0	15	6	4	269.80	0		59.027997
82	166	54	0	10	20	22	7	5	8	120.34	0		12.159748
76	155	77	0	15	0	4	11	6	7	333.04	0		26.419995
76	154	36	0	15	0	11	12	4	5	253.52	0		32.143941
76	156	89	0	9	15	23	14	2	4	99.76	1		6.476978
20	36	60	0	15	0	16	11	7	5	296.61	0		21.946071
20	35	37	0	15	0	21	15	6	8	708.81	1		10.469814
20	34	2	0	15	17	0	13	3	6	107.81	1		5.011166
3	6	82	0	17	17	19	15	4	7	244.07	0		86.151954
3	5	38	0	15	6	21	8	2	8	54.91	0		10.190160
96	190	25	0	20	8	0	15	7	6	450.49	0		18.389321
96	191	51	0	17	21	19	15	4	4	222.98	0		33.318661
39	74	51	0	17	21	23	15	4	4	222.98	0		33.318661
39	73	23	0	20	8	6	8	5	4	80.56	0		17.705467
39	75	64	0	20	13	6	13	2	5	128.90	0		108.065357


-------------------------------------------------------------------------------------------------------------------
Tour_Id:			2
No_of_Customers:		24
No_of_Items:			49
Customer_Sequence:		37 29 78 88 79 31 97 27 92 4 54 8 98 61 70 47 34 71 40 2 28 45 72 91 

CustId	Id	TypeId	Rotated	x	y	z	Length	Width	Height	mass	Fragility	LoadBearingStrength
91	180	30	0	0	0	0	11	7	8	446.86	0		13.194143
91	181	48	0	0	7	0	12	2	6	68.95	0		24.051844
72	147	79	0	0	9	0	10	6	7	309.84	0		41.740339
72	146	16	0	0	15	0	7	4	6	148.51	0		17.009814
72	145	8	0	0	19	0	10	4	5	123.93	1		6.511370
45	87	67	0	0	15	6	13	6	3	174.57	0		31.342227
45	86	57	0	0	7	7	16	6	3	207.17	1		4.884499
28	50	4	0	0	0	8	12	5	3	84.85	0		60.448102
28	52	48	0	0	23	0	12	2	6	68.95	0		24.051844
28	51	37	0	0	13	9	15	6	8	708.81	1		10.469814
2	4	78	0	0	21	6	11	3	5	325.70	0		46.329395
2	2	52	0	0	5	8	7	2	8	48.33	0		23.969562
2	3	66	0	0	7	10	13	4	7	264.39	1		34.563442
40	76	9	0	0	0	11	12	4	6	272.75	0		22.219374
40	77	40	0	0	19	11	9	3	4	77.03	0		31.038921
40	78	97	0	0	22	11	6	3	4	64.28	0		207.293165
71	144	68	0	0	19	15	9	6	7	369.95	0		41.042142
71	143	66	0	0	0	17	13	4	7	264.39	1		34.563442
71	142	2	0	0	4	16	13	3	6	107.81	1		5.011166
34	62	31	0	0	19	22	16	4	3	281.47	0		130.877996
34	63	72	0	0	7	17	7	6	3	109.69	1		12.367229
47	91	79	0	13	0	0	10	6	7	309.84	0		41.740339
47	90	22	0	0	23	22	6	2	3	16.56	0		15.084390
70	141	90	0	0	19	25	17	2	4	86.62	0		57.535138
70	139	49	0	0	21	25	7	4	4	129.53	0		73.094391
70	140	89	0	0	13	17	14	2	4	99.76	1		6.476978
61	122	26	0	13	0	7	13	3	7	256.67	0		85.747746
61	120	18	0	13	0	14	9	6	3	99.58	0		21.635744
61	121	18	0	13	0	17	9	6	3	99.58	0		21.635744
98	193	34	0	13	0	20	7	6	8	156.55	0		20.911459
98	194	37	0	0	7	20	15	6	8	708.81	1		10.469814
98	195	57	0	0	13	21	16	6	3	207.17	1		4.884499
8	13	80	0	0	13	24	14	5	3	190.03	1		44.524387
54	106	23	0	16	6	0	8	5	4	80.56	0		17.705467
4	7	30	0	16	11	0	11	7	8	446.86	0		13.194143
92	182	36	0	7	21	25	12	4	5	253.52	0		32.143941
27	48	16	0	16	6	4	7	4	6	148.51	0		17.009814
27	49	97	0	16	10	8	6	3	4	64.28	0		207.293165
97	192	24	0	15	6	12	8	5	5	153.89	0		16.006185
31	57	71	0	0	13	27	16	4	3	59.47	1		6.052544
79	159	29	0	15	6	17	11	5	8	567.43	1		10.577451
88	176	77	0	16	13	8	11	6	7	333.04	0		26.419995
88	175	27	0	16	11	15	15	4	4	158.85	0		11.484000
78	158	79	0	16	11	19	10	6	7	309.84	0		41.740339
29	53	1	0	20	0	20	9	6	7	128.51	1		11.595942
29	54	15	0	22	0	14	10	6	5	253.86	1		22.040257
37	69	46	0	26	6	0	12	3	6	90.52	0		28.535450
37	68	4	0	16	11	26	12	5	3	84.85	0		60.448102
37	67	3	0	15	6	25	11	3	5	87.44	1		7.605620


-------------------------------------------------------------------------------------------------------------------
Tour_Id:			3
No_of_Customers:		22
No_of_Items:			46
Customer_Sequence:		32 99 35 16 55 18 75 57 48 65 77 81 41 63 64 87 38 26 67 33 44 60 

CustId	Id	TypeId	Rotated	x	y	z	Length	Width	Height	mass	Fragility	LoadBearingStrength
60	119	43	0	0	0	0	13	6	4	102.08	0		63.963269
60	118	41	0	0	6	0	12	5	5	106.75	0		19.286751
60	117	37	0	0	11	0	15	6	8	708.81	1		10.469814
44	84	54	0	0	17	0	7	5	8	120.34	0		12.159748
44	85	76	0	0	0	4	9	4	6	130.61	0		9.069148
44	83	32	0	0	4	5	17	5	3	217.97	1		6.947827
33	61	63	0	0	22	0	14	3	4	97.44	0		24.299425
33	60	12	0	0	4	8	10	5	5	118.08	1		4.048424
67	135	19	0	0	17	8	15	6	4	269.80	0		59.027997
67	136	56	0	0	0	10	8	4	6	268.04	0		278.169460
26	47	58	0	0	17	12	10	6	5	299.19	0		46.722246
38	71	58	0	0	0	16	10	6	5	299.19	0		46.722246
38	70	51	0	0	17	17	15	4	4	222.98	0		33.318661
38	72	72	0	0	9	8	7	6	3	109.69	1		12.367229
87	174	14	0	0	23	4	11	2	6	42.05	0		8.229758
64	129	96	0	0	0	21	11	6	3	63.80	0		16.209139
64	128	64	0	0	23	10	13	2	5	128.90	0		108.065357
63	125	60	0	0	17	21	11	7	5	296.61	0		21.946071
63	127	97	0	0	21	17	6	3	4	64.28	0		207.293165
63	126	74	0	0	15	8	12	2	4	28.92	1		4.457169
41	79	36	0	0	0	24	12	4	5	253.52	0		32.143941
81	164	79	0	11	17	21	10	6	7	309.84	0		41.740339
81	163	59	0	0	9	11	14	6	4	306.37	1		13.540479
77	157	15	0	0	6	15	10	6	5	253.86	1		22.040257
65	131	67	0	0	4	24	13	6	3	174.57	0		31.342227
65	130	65	0	0	6	20	7	6	3	66.55	1		4.119700
48	93	40	0	12	0	4	9	3	4	77.03	0		31.038921
48	92	29	0	0	12	15	11	5	8	567.43	1		10.577451
48	94	74	0	0	10	23	12	2	4	28.92	1		4.457169
57	111	27	0	12	0	8	15	4	4	158.85	0		11.484000
57	112	38	0	11	23	15	8	2	8	54.91	0		10.190160
75	152	43	0	15	9	0	13	6	4	102.08	0		63.963269
75	151	28	0	12	0	12	12	4	5	214.12	0		40.799124
75	153	89	0	0	12	23	14	2	4	99.76	1		6.476978
18	30	35	1	13	0	17	8	6	5	180.81	0		38.919649
18	31	92	0	0	4	27	16	4	3	285.52	0		312.014279
55	107	40	0	12	0	22	9	3	4	77.03	0		31.038921
16	25	34	0	15	9	4	7	6	8	156.55	0		20.911459
16	26	72	0	0	8	27	7	6	3	109.69	1		12.367229
35	65	85	0	12	0	26	16	4	4	111.28	0		39.086467
35	64	6	0	14	8	12	7	6	3	125.59	0		30.483957
99	196	7	0	14	8	15	9	4	5	70.24	0		15.305332
99	197	84	0	11	23	23	16	2	5	143.74	0		244.975087
99	198	97	0	14	14	12	6	3	4	64.28	0		207.293165
32	59	93	0	11	14	16	16	3	6	211.01	0		36.502448
32	58	13	0	7	8	27	16	2	3	78.42	0		29.803564


-------------------------------------------------------------------------------------------------------------------
Tour_Id:			4
No_of_Customers:		13
No_of_Items:			21
Customer_Sequence:		84 36 15 12 83 7 46 68 49 43 30 23 90 

CustId	Id	TypeId	Rotated	x	y	z	Length	Width	Height	mass	Fragility	LoadBearingStrength
90	178	26	0	0	0	0	13	3	7	256.67	0		85.747746
90	179	39	0	0	3	0	10	6	3	74.45	0		5.812918
23	43	21	0	0	9	0	12	6	6	283.27	0		14.592381
23	44	97	0	0	15	0	6	3	4	64.28	0		207.293165
23	42	15	0	0	18	0	10	6	5	253.86	1		22.040257
30	56	82	0	0	3	3	15	4	7	244.07	0		86.151954
30	55	5	0	0	15	4	9	3	5	83.34	0		21.092214
43	82	90	0	0	7	3	17	2	4	86.62	0		57.535138
49	96	36	0	0	9	6	12	4	5	253.52	0		32.143941
49	97	92	0	0	13	9	16	4	3	285.52	0		312.014279
49	95	20	0	0	0	7	12	3	3	70.04	0		29.230624
68	137	88	0	0	17	9	10	3	5	217.50	0		62.170810
46	89	47	0	0	0	10	16	5	7	245.27	0		24.585328
46	88	6	0	0	5	11	7	6	3	125.59	0		30.483957
7	12	39	0	0	5	14	10	6	3	74.45	0		5.812918
83	168	47	0	0	11	12	16	5	7	245.27	0		24.585328
83	167	16	0	0	16	14	7	4	6	148.51	0		17.009814
12	19	59	0	0	0	17	14	6	4	306.37	1		13.540479
15	24	54	0	0	6	17	7	5	8	120.34	0		12.159748
36	66	41	0	0	11	19	12	5	5	106.75	0		19.286751
84	169	89	0	0	20	5	14	2	4	99.76	1		6.476978


-------------------------------------------------------------------------------------------------------------------
Tour_Id:			5
No_of_Customers:		20
No_of_Items:			39
Customer_Sequence:		52 51 69 100 14 10 42 80 74 25 62 6 13 53 56 22 5 58 73 1 

CustId	Id	TypeId	Rotated	x	y	z	Length	Width	Height	mass	Fragility	LoadBearingStrength
1	1	60	0	0	0	0	11	7	5	296.61	0		21.946071
73	148	24	0	0	7	0	8	5	5	153.89	0		16.006185
73	149	39	0	0	12	0	10	6	3	74.45	0		5.812918
58	113	47	0	0	18	0	16	5	7	245.27	0		24.585328
58	115	97	0	0	12	3	6	3	4	64.28	0		207.293165
58	114	89	0	0	23	0	14	2	4	99.76	1		6.476978
5	10	58	0	0	0	5	10	6	5	299.19	0		46.722246
5	9	50	0	0	15	3	10	3	4	71.77	0		22.632408
5	8	29	0	0	6	5	11	5	8	567.43	1		10.577451
22	40	56	0	0	11	7	8	4	6	268.04	0		278.169460
22	41	72	0	0	15	7	7	6	3	109.69	1		12.367229
56	110	77	0	0	0	10	11	6	7	333.04	0		26.419995
56	109	62	0	0	21	7	8	3	5	87.19	0		30.812088
56	108	49	0	0	21	12	7	4	4	129.53	0		73.094391
53	105	54	0	0	11	13	7	5	8	120.34	0		12.159748
53	104	3	0	0	6	13	11	3	5	87.44	1		7.605620
13	21	67	0	0	0	17	13	6	3	174.57	0		31.342227
13	22	92	0	0	21	16	16	4	3	285.52	0		312.014279
13	20	20	0	0	21	19	12	3	3	70.04	0		29.230624
6	11	38	0	0	0	20	8	2	8	54.91	0		10.190160
62	124	98	0	0	2	20	7	2	3	31.91	0		41.480363
62	123	29	0	0	16	10	11	5	8	567.43	1		10.577451
25	46	10	0	0	4	20	8	5	6	234.94	0		31.005088
74	150	95	0	0	9	21	14	4	5	157.80	0		29.814332
80	161	56	0	0	13	21	8	4	6	268.04	0		278.169460
80	160	22	0	0	21	22	6	2	3	16.56	0		15.084390
80	162	89	0	0	17	18	14	2	4	99.76	1		6.476978
42	81	84	0	0	23	22	16	2	5	143.74	0		244.975087
42	80	14	0	0	2	23	11	2	6	42.05	0		8.229758
10	16	11	0	8	4	20	10	4	5	142.68	0		26.015908
10	17	24	0	8	4	25	8	5	5	153.89	0		16.006185
14	23	40	0	0	9	26	9	3	4	77.03	0		31.038921
100	200	82	0	13	0	0	15	4	7	244.07	0		86.151954
100	199	58	0	14	9	0	10	6	5	299.19	0		46.722246
69	138	26	0	13	0	7	13	3	7	256.67	0		85.747746
51	100	40	0	9	9	26	9	3	4	77.03	0		31.038921
51	101	69	0	14	9	5	16	6	7	591.02	1		8.930294
52	102	14	0	6	21	22	11	2	6	42.05	0		8.229758
52	103	62	0	13	0	14	8	3	5	87.19	0		30.812088


