Name:				473_n060_m400_bt10
Problem:			3L-VRPTW
Number_of_used_Vehicles:	5
Total_Travel_Distance:		762.33
Calculation_Time:		3600.00
Total_Iterations:		133
ConstraintSet:			P19

-------------------------------------------------------------------------------------------------------------------
Tour_Id:			1
No_of_Customers:		13
No_of_Items:			86
Customer_Sequence:		12 59 45 23 21 56 7 43 50 14 40 17 58 

CustId	Id	TypeId	Rotated	x	y	z	Length	Width	Height	mass	Fragility	LoadBearingStrength
58	378	4	0	0	0	0	14	5	7	92.50	0		4.216164
58	383	8	0	0	5	0	13	7	5	220.37	0		8.005925
58	381	7	0	0	12	0	10	7	6	55.92	0		11.508289
58	382	7	0	0	5	5	10	7	6	55.92	0		11.508289
58	377	3	0	0	19	0	6	6	8	60.37	0		9.819840
58	376	2	0	0	12	6	16	3	4	106	0		27.884740
58	379	6	0	0	15	6	15	2	5	72.28	1		12.425612
58	380	6	0	0	17	6	15	2	5	72.28	1		12.425612
17	110	4	0	0	0	7	14	5	7	92.50	0		4.216164
17	111	4	0	0	19	8	14	5	7	92.50	0		4.216164
17	113	8	0	0	5	11	13	7	5	220.37	0		8.005925
17	114	10	0	0	19	15	12	6	6	92.92	0		17.186585
17	112	5	0	0	12	10	12	3	8	145.83	0		38.988667
17	109	3	0	0	0	16	6	6	8	60.37	0		9.819840
40	266	8	0	0	6	18	13	7	5	220.37	0		8.005925
40	263	7	0	0	6	23	10	7	6	55.92	0		11.508289
40	264	7	0	10	6	23	10	7	6	55.92	0		11.508289
40	265	7	0	13	5	0	10	7	6	55.92	0		11.508289
7	37	2	0	0	13	18	16	3	4	106	0		27.884740
40	259	1	0	0	15	11	9	4	5	44.87	1		1.415994
40	260	1	0	0	16	21	9	4	5	44.87	1		1.415994
40	261	1	0	0	20	21	9	4	5	44.87	1		1.415994
40	262	6	0	0	0	24	15	2	5	72.28	1		12.425612
14	91	10	0	9	16	21	12	6	6	92.92	0		17.186585
14	90	7	0	15	15	0	10	7	6	55.92	0		11.508289
14	89	5	0	9	22	21	12	3	8	145.83	0		38.988667
14	88	3	0	14	19	6	6	6	8	60.37	0		9.819840
59	387	6	0	0	13	22	15	2	5	72.28	1		12.425612
59	388	7	0	20	6	6	10	7	6	55.92	0		11.508289
50	326	4	0	21	13	6	14	5	7	92.50	0		4.216164
50	328	8	0	21	18	6	13	7	5	220.37	0		8.005925
50	327	7	0	21	18	11	10	7	6	55.92	0		11.508289
43	283	4	0	21	16	17	14	5	7	92.50	0		4.216164
50	325	2	0	0	2	24	16	3	4	106	0		27.884740
21	137	7	0	21	15	24	10	7	6	55.92	0		11.508289
43	287	10	0	23	0	0	12	6	6	92.92	0		17.186585
43	286	7	0	23	6	0	10	7	6	55.92	0		11.508289
43	280	3	0	16	0	6	6	6	8	60.37	0		9.819840
43	281	3	0	16	0	14	6	6	8	60.37	0		9.819840
43	282	3	0	16	0	22	6	6	8	60.37	0		9.819840
43	285	6	0	16	13	13	15	2	5	72.28	1		12.425612
43	279	1	0	21	21	17	9	4	5	44.87	1		1.415994
7	39	8	0	33	6	0	13	7	5	220.37	0		8.005925
45	294	6	0	21	22	22	15	2	5	72.28	1		12.425612
7	42	10	0	22	0	6	12	6	6	92.92	0		17.186585
7	36	2	0	22	0	12	16	3	4	106	0		27.884740
40	258	1	0	6	0	14	9	4	5	44.87	1		1.415994
7	38	2	0	22	3	12	16	3	4	106	0		27.884740
7	41	9	0	22	0	16	8	5	4	199.72	0		25.944831
7	35	1	0	22	0	20	9	4	5	44.87	1		1.415994
56	368	8	0	31	0	16	13	7	5	220.37	0		8.005925
56	366	5	0	31	13	13	12	3	8	145.83	0		38.988667
56	367	5	0	31	0	21	12	3	8	145.83	0		38.988667
56	365	1	0	22	0	25	9	4	5	44.87	1		1.415994
21	134	4	0	31	3	21	14	5	7	92.50	0		4.216164
21	138	10	0	31	15	24	12	6	6	92.92	0		17.186585
43	284	4	0	34	18	0	14	5	7	92.50	0		4.216164
21	135	5	0	43	13	0	12	3	8	145.83	0		38.988667
21	136	5	0	43	13	8	12	3	8	145.83	0		38.988667
23	147	4	0	43	16	7	14	5	7	92.50	0		4.216164
23	150	8	0	43	16	14	13	7	5	220.37	0		8.005925
23	148	5	0	43	15	19	12	3	8	145.83	0		38.988667
23	146	1	0	34	21	7	9	4	5	44.87	1		1.415994
23	149	6	0	34	23	0	15	2	5	72.28	1		12.425612
45	295	8	0	43	18	19	13	7	5	220.37	0		8.005925
45	298	10	0	43	18	24	12	6	6	92.92	0		17.186585
45	292	5	0	44	0	0	12	3	8	145.83	0		38.988667
45	296	9	0	45	0	8	8	5	4	199.72	0		25.944831
45	297	9	0	45	0	12	8	5	4	199.72	0		25.944831
45	293	6	0	43	13	16	15	2	5	72.28	1		12.425612
7	40	8	0	46	3	0	13	7	5	220.37	0		8.005925
14	86	1	0	9	15	11	9	4	5	44.87	1		1.415994
59	386	2	0	20	8	12	16	3	4	106	0		27.884740
59	384	2	0	20	8	16	16	3	4	106	0		27.884740
59	385	2	0	20	8	20	16	3	4	106	0		27.884740
59	389	7	0	20	8	24	10	7	6	55.92	0		11.508289
59	390	9	0	30	8	24	8	5	4	199.72	0		25.944831
59	391	9	0	33	8	5	8	5	4	199.72	0		25.944831
14	87	2	0	14	22	0	16	3	4	106	0		27.884740
12	73	4	0	41	8	5	14	5	7	92.50	0		4.216164
12	77	10	0	45	5	12	12	6	6	92.92	0		17.186585
12	78	10	0	45	0	18	12	6	6	92.92	0		17.186585
12	79	10	0	45	6	18	12	6	6	92.92	0		17.186585
12	74	7	0	38	8	24	10	7	6	55.92	0		11.508289
12	75	7	0	45	0	24	10	7	6	55.92	0		11.508289
12	76	9	0	48	7	24	8	5	4	199.72	0		25.944831


-------------------------------------------------------------------------------------------------------------------
Tour_Id:			2
No_of_Customers:		11
No_of_Items:			66
Customer_Sequence:		36 42 41 26 24 16 55 47 37 20 10 

CustId	Id	TypeId	Rotated	x	y	z	Length	Width	Height	mass	Fragility	LoadBearingStrength
10	65	10	0	0	0	0	12	6	6	92.92	0		17.186585
10	63	7	0	0	6	0	10	7	6	55.92	0		11.508289
10	60	5	0	0	13	0	12	3	8	145.83	0		38.988667
10	64	9	0	0	16	0	8	5	4	199.72	0		25.944831
10	61	6	0	0	21	0	15	2	5	72.28	1		12.425612
10	62	6	0	0	23	0	15	2	5	72.28	1		12.425612
20	131	5	0	0	16	4	12	3	8	145.83	0		38.988667
20	132	5	0	0	0	6	12	3	8	145.83	0		38.988667
20	130	3	0	0	3	6	6	6	8	60.37	0		9.819840
20	129	2	0	0	9	6	16	3	4	106	0		27.884740
20	128	1	0	0	19	5	9	4	5	44.87	1		1.415994
20	133	6	0	0	23	5	15	2	5	72.28	1		12.425612
37	238	4	0	0	9	10	14	5	7	92.50	0		4.216164
37	239	5	0	0	14	12	12	3	8	145.83	0		38.988667
37	237	3	0	0	17	12	6	6	8	60.37	0		9.819840
37	240	9	0	0	0	14	8	5	4	199.72	0		25.944831
37	241	9	0	0	5	17	8	5	4	199.72	0		25.944831
47	308	4	0	0	0	18	14	5	7	92.50	0		4.216164
47	309	5	0	0	10	17	12	3	8	145.83	0		38.988667
47	307	3	0	0	13	20	6	6	8	60.37	0		9.819840
55	361	4	0	0	19	20	14	5	7	92.50	0		4.216164
55	364	7	0	6	17	12	10	7	6	55.92	0		11.508289
55	362	5	0	0	5	21	12	3	8	145.83	0		38.988667
55	360	3	0	6	13	20	6	6	8	60.37	0		9.819840
55	356	2	0	0	0	25	16	3	4	106	0		27.884740
55	357	2	0	0	8	25	16	3	4	106	0		27.884740
55	358	2	0	8	5	6	16	3	4	106	0		27.884740
55	359	2	0	8	5	10	16	3	4	106	0		27.884740
55	363	6	0	0	3	25	15	2	5	72.28	1		12.425612
16	106	7	0	16	8	0	10	7	6	55.92	0		11.508289
16	107	7	0	16	15	0	10	7	6	55.92	0		11.508289
16	105	5	0	12	14	6	12	3	8	145.83	0		38.988667
16	103	3	0	12	11	17	6	6	8	60.37	0		9.819840
16	104	3	0	14	17	18	6	6	8	60.37	0		9.819840
16	101	2	0	12	5	14	16	3	4	106	0		27.884740
16	102	2	0	12	5	18	16	3	4	106	0		27.884740
16	108	9	0	12	11	25	8	5	4	199.72	0		25.944831
24	152	4	0	20	17	6	14	5	7	92.50	0		4.216164
24	155	8	0	16	0	22	13	7	5	220.37	0		8.005925
24	154	7	0	20	17	13	10	7	6	55.92	0		11.508289
24	151	1	0	16	7	22	9	4	5	44.87	1		1.415994
24	153	6	0	16	8	6	15	2	5	72.28	1		12.425612
26	163	4	0	20	11	14	14	5	7	92.50	0		4.216164
26	164	4	0	20	16	19	14	5	7	92.50	0		4.216164
26	167	10	0	29	0	0	12	6	6	92.92	0		17.186585
26	162	2	0	12	16	26	16	3	4	106	0		27.884740
26	165	9	0	20	11	21	8	5	4	199.72	0		25.944831
26	166	9	0	20	11	25	8	5	4	199.72	0		25.944831
41	269	8	0	29	0	6	13	7	5	220.37	0		8.005925
41	270	8	0	29	0	11	13	7	5	220.37	0		8.005925
41	268	7	0	29	0	16	10	7	6	55.92	0		11.508289
41	267	5	0	20	21	19	12	3	8	145.83	0		38.988667
41	271	9	0	28	7	21	8	5	4	199.72	0		25.944831
42	274	4	0	29	0	22	14	5	7	92.50	0		4.216164
42	277	10	0	34	12	0	12	6	6	92.92	0		17.186585
42	278	10	0	34	18	0	12	6	6	92.92	0		17.186585
42	275	5	0	28	12	21	12	3	8	145.83	0		38.988667
42	273	3	0	34	12	6	6	6	8	60.37	0		9.819840
42	276	9	0	28	7	25	8	5	4	199.72	0		25.944831
42	272	1	0	34	18	6	9	4	5	44.87	1		1.415994
36	235	7	0	34	15	14	10	7	6	55.92	0		11.508289
36	236	7	0	34	15	20	10	7	6	55.92	0		11.508289
36	234	3	0	40	7	6	6	6	8	60.37	0		9.819840
36	231	1	0	36	7	14	9	4	5	44.87	1		1.415994
36	232	1	0	36	7	19	9	4	5	44.87	1		1.415994
36	233	1	0	36	5	24	9	4	5	44.87	1		1.415994


-------------------------------------------------------------------------------------------------------------------
Tour_Id:			3
No_of_Customers:		9
No_of_Items:			67
Customer_Sequence:		38 13 49 53 46 2 5 15 34 

CustId	Id	TypeId	Rotated	x	y	z	Length	Width	Height	mass	Fragility	LoadBearingStrength
34	217	8	0	0	0	0	13	7	5	220.37	0		8.005925
34	218	8	0	0	7	0	13	7	5	220.37	0		8.005925
34	220	10	0	0	14	0	12	6	6	92.92	0		17.186585
34	221	10	0	0	0	5	12	6	6	92.92	0		17.186585
34	215	5	0	0	20	0	12	3	8	145.83	0		38.988667
34	214	3	0	0	6	5	6	6	8	60.37	0		9.819840
34	213	2	0	0	12	6	16	3	4	106	0		27.884740
34	219	9	0	0	15	6	8	5	4	199.72	0		25.944831
34	216	6	0	0	23	0	15	2	5	72.28	1		12.425612
15	95	4	0	0	20	8	14	5	7	92.50	0		4.216164
15	96	4	0	0	12	10	14	5	7	92.50	0		4.216164
15	100	10	0	0	0	11	12	6	6	92.92	0		17.186585
15	97	5	0	0	17	10	12	3	8	145.83	0		38.988667
15	98	5	0	0	6	13	12	3	8	145.83	0		38.988667
15	93	3	0	0	0	17	6	6	8	60.37	0		9.819840
15	94	3	0	0	9	17	6	6	8	60.37	0		9.819840
15	92	1	0	0	20	15	9	4	5	44.87	1		1.415994
15	99	6	0	0	15	17	15	2	5	72.28	1		12.425612
5	21	8	0	0	0	25	13	7	5	220.37	0		8.005925
5	22	8	0	0	7	25	13	7	5	220.37	0		8.005925
5	23	8	0	13	0	0	13	7	5	220.37	0		8.005925
5	25	10	0	6	0	17	12	6	6	92.92	0		17.186585
5	26	10	0	6	9	17	12	6	6	92.92	0		17.186585
5	20	5	0	0	17	18	12	3	8	145.83	0		38.988667
5	19	2	0	0	6	21	16	3	4	106	0		27.884740
5	24	9	0	0	14	26	8	5	4	199.72	0		25.944831
5	18	1	0	0	20	20	9	4	5	44.87	1		1.415994
2	8	8	0	15	15	0	13	7	5	220.37	0		8.005925
2	6	5	0	9	20	15	12	3	8	145.83	0		38.988667
2	7	5	0	12	17	5	12	3	8	145.83	0		38.988667
2	5	3	0	18	0	5	6	6	8	60.37	0		9.819840
2	9	9	0	0	19	26	8	5	4	199.72	0		25.944831
46	302	4	0	9	20	23	14	5	7	92.50	0		4.216164
46	304	8	0	18	0	13	13	7	5	220.37	0		8.005925
46	306	10	0	18	6	5	12	6	6	92.92	0		17.186585
46	303	7	0	18	7	11	10	7	6	55.92	0		11.508289
46	301	3	0	18	7	17	6	6	8	60.37	0		9.819840
46	300	2	0	8	14	23	16	3	4	106	0		27.884740
46	305	9	0	13	0	23	8	5	4	199.72	0		25.944831
46	299	1	0	13	5	25	9	4	5	44.87	1		1.415994
53	345	3	0	24	14	5	6	6	8	60.37	0		9.819840
53	341	2	0	12	17	13	16	3	4	106	0		27.884740
53	342	2	0	12	17	17	16	3	4	106	0		27.884740
53	343	2	0	12	17	21	16	3	4	106	0		27.884740
53	344	2	0	12	17	25	16	3	4	106	0		27.884740
53	346	9	0	13	9	25	8	5	4	199.72	0		25.944831
53	339	1	0	21	0	18	9	4	5	44.87	1		1.415994
53	340	1	0	21	0	23	9	4	5	44.87	1		1.415994
49	320	4	0	23	20	5	14	5	7	92.50	0		4.216164
49	324	8	0	22	5	25	13	7	5	220.37	0		8.005925
49	321	5	0	23	20	12	12	3	8	145.83	0		38.988667
49	319	2	0	23	20	20	16	3	4	106	0		27.884740
49	322	6	0	21	12	25	15	2	5	72.28	1		12.425612
49	323	6	0	23	23	12	15	2	5	72.28	1		12.425612
13	83	8	0	28	14	24	13	7	5	220.37	0		8.005925
13	85	10	0	30	14	0	12	6	6	92.92	0		17.186585
13	82	7	0	35	0	0	10	7	6	55.92	0		11.508289
13	80	5	0	24	14	13	12	3	8	145.83	0		38.988667
13	81	5	0	28	17	13	12	3	8	145.83	0		38.988667
13	84	9	0	30	14	6	8	5	4	199.72	0		25.944831
38	247	8	0	35	0	6	13	7	5	220.37	0		8.005925
38	244	3	0	35	0	11	6	6	8	60.37	0		9.819840
38	245	3	0	35	6	11	6	6	8	60.37	0		9.819840
38	242	2	0	23	21	24	16	3	4	106	0		27.884740
38	243	2	0	30	0	19	16	3	4	106	0		27.884740
38	248	9	0	30	0	23	8	5	4	199.72	0		25.944831
38	246	6	0	23	23	17	15	2	5	72.28	1		12.425612


-------------------------------------------------------------------------------------------------------------------
Tour_Id:			4
No_of_Customers:		14
No_of_Items:			91
Customer_Sequence:		28 48 8 18 44 6 52 51 9 60 29 30 11 4 

CustId	Id	TypeId	Rotated	x	y	z	Length	Width	Height	mass	Fragility	LoadBearingStrength
4	15	4	0	0	0	0	14	5	7	92.50	0		4.216164
4	17	10	0	0	5	0	12	6	6	92.92	0		17.186585
4	14	3	0	0	11	0	6	6	8	60.37	0		9.819840
4	16	9	0	0	17	0	8	5	4	199.72	0		25.944831
11	72	10	0	0	17	4	12	6	6	92.92	0		17.186585
11	69	7	0	0	0	7	10	7	6	55.92	0		11.508289
11	70	7	0	0	7	8	10	7	6	55.92	0		11.508289
11	67	5	0	0	14	8	12	3	8	145.83	0		38.988667
11	71	9	0	0	17	10	8	5	4	199.72	0		25.944831
11	66	1	0	0	0	13	9	4	5	44.87	1		1.415994
11	68	6	0	0	23	0	15	2	5	72.28	1		12.425612
30	192	8	0	0	4	14	13	7	5	220.37	0		8.005925
30	191	7	0	0	17	14	10	7	6	55.92	0		11.508289
30	189	2	0	0	22	10	16	3	4	106	0		27.884740
30	190	2	0	0	11	14	16	3	4	106	0		27.884740
30	193	9	0	0	11	18	8	5	4	199.72	0		25.944831
29	188	8	0	0	0	19	13	7	5	220.37	0		8.005925
29	186	3	0	0	16	20	6	6	8	60.37	0		9.819840
29	184	1	0	0	7	19	9	4	5	44.87	1		1.415994
29	185	1	0	0	11	22	9	4	5	44.87	1		1.415994
29	187	6	0	0	22	20	15	2	5	72.28	1		12.425612
60	396	4	0	6	16	20	14	5	7	92.50	0		4.216164
60	399	8	0	0	0	24	13	7	5	220.37	0		8.005925
60	400	8	0	9	7	19	13	7	5	220.37	0		8.005925
60	397	5	0	12	14	0	12	3	8	145.83	0		38.988667
60	393	3	0	12	14	8	6	6	8	60.37	0		9.819840
60	394	3	0	13	0	7	6	6	8	60.37	0		9.819840
60	395	3	0	13	0	15	6	6	8	60.37	0		9.819840
60	392	2	0	9	7	24	16	3	4	106	0		27.884740
60	398	6	0	0	22	25	15	2	5	72.28	1		12.425612
9	58	8	0	13	0	23	13	7	5	220.37	0		8.005925
9	59	10	0	9	10	24	12	6	6	92.92	0		17.186585
9	56	7	0	19	0	0	10	7	6	55.92	0		11.508289
9	57	7	0	19	0	6	10	7	6	55.92	0		11.508289
9	53	2	0	16	21	0	16	3	4	106	0		27.884740
9	52	1	0	16	21	4	9	4	5	44.87	1		1.415994
9	54	6	0	9	14	16	15	2	5	72.28	1		12.425612
9	55	6	0	16	21	9	15	2	5	72.28	1		12.425612
51	331	4	0	24	10	0	14	5	7	92.50	0		4.216164
51	333	8	0	24	10	7	13	7	5	220.37	0		8.005925
51	332	5	0	20	16	12	12	3	8	145.83	0		38.988667
51	330	3	0	20	16	20	6	6	8	60.37	0		9.819840
51	334	9	0	21	10	24	8	5	4	199.72	0		25.944831
51	329	1	0	15	21	14	9	4	5	44.87	1		1.415994
28	179	6	0	15	22	19	15	2	5	72.28	1		12.425612
52	338	9	0	26	15	20	8	5	4	199.72	0		25.944831
52	336	6	0	25	7	0	15	2	5	72.28	1		12.425612
52	337	6	0	25	7	5	15	2	5	72.28	1		12.425612
6	28	4	0	26	0	12	14	5	7	92.50	0		4.216164
6	29	4	0	26	0	19	14	5	7	92.50	0		4.216164
6	34	10	0	26	15	24	12	6	6	92.92	0		17.186585
6	31	7	0	29	0	0	10	7	6	55.92	0		11.508289
6	32	7	0	29	0	6	10	7	6	55.92	0		11.508289
6	33	7	0	38	9	0	10	7	6	55.92	0		11.508289
6	30	5	0	26	5	12	12	3	8	145.83	0		38.988667
6	27	2	0	25	7	20	16	3	4	106	0		27.884740
44	289	2	0	25	7	24	16	3	4	106	0		27.884740
44	288	1	0	29	10	12	9	4	5	44.87	1		1.415994
44	290	6	0	26	5	20	15	2	5	72.28	1		12.425612
44	291	6	0	26	5	25	15	2	5	72.28	1		12.425612
18	118	8	0	38	16	0	13	7	5	220.37	0		8.005925
18	119	8	0	38	16	5	13	7	5	220.37	0		8.005925
18	120	10	0	38	10	6	12	6	6	92.92	0		17.186585
18	116	5	0	38	16	10	12	3	8	145.83	0		38.988667
18	115	3	0	38	19	10	6	6	8	60.37	0		9.819840
18	117	6	0	29	10	17	15	2	5	72.28	1		12.425612
8	44	4	0	38	12	18	14	5	7	92.50	0		4.216164
8	45	4	0	38	17	18	14	5	7	92.50	0		4.216164
8	51	10	0	44	19	10	12	6	6	92.92	0		17.186585
8	49	7	1	41	0	6	10	7	6	55.92	0		11.508289
8	50	9	0	26	0	26	8	5	4	199.72	0		25.944831
8	43	1	0	29	10	22	9	4	5	44.87	1		1.415994
8	46	6	0	38	10	22	15	2	5	72.28	1		12.425612
8	47	6	0	38	12	25	15	2	5	72.28	1		12.425612
8	48	6	0	38	14	25	15	2	5	72.28	1		12.425612
48	312	4	0	40	0	12	14	5	7	92.50	0		4.216164
48	317	8	0	38	16	25	13	7	5	220.37	0		8.005925
48	318	10	0	48	0	0	12	6	6	92.92	0		17.186585
48	313	5	0	40	0	19	12	3	8	145.83	0		38.988667
48	314	5	0	41	5	12	12	3	8	145.83	0		38.988667
48	315	5	0	41	3	20	12	3	8	145.83	0		38.988667
48	310	1	0	41	6	20	9	4	5	44.87	1		1.415994
48	311	1	0	41	6	25	9	4	5	44.87	1		1.415994
48	316	6	0	41	8	12	15	2	5	72.28	1		12.425612
28	178	4	1	53	10	16	14	5	7	92.50	0		4.216164
28	181	9	0	51	16	25	8	5	4	199.72	0		25.944831
28	182	9	1	54	0	6	8	5	4	199.72	0		25.944831
28	183	9	1	54	0	10	8	5	4	199.72	0		25.944831
28	177	1	0	50	6	20	9	4	5	44.87	1		1.415994
52	335	3	0	32	14	12	6	6	8	60.37	0		9.819840
28	180	6	0	15	23	24	15	2	5	72.28	1		12.425612


-------------------------------------------------------------------------------------------------------------------
Tour_Id:			5
No_of_Customers:		13
No_of_Items:			90
Customer_Sequence:		25 35 31 1 32 19 33 39 22 57 3 54 27 

CustId	Id	TypeId	Rotated	x	y	z	Length	Width	Height	mass	Fragility	LoadBearingStrength
27	171	4	0	0	0	0	14	5	7	92.50	0		4.216164
27	176	10	0	0	5	0	12	6	6	92.92	0		17.186585
27	175	7	0	0	11	0	10	7	6	55.92	0		11.508289
27	172	5	0	0	18	0	12	3	8	145.83	0		38.988667
27	170	3	0	0	5	6	6	6	8	60.37	0		9.819840
27	168	1	0	0	21	0	9	4	5	44.87	1		1.415994
27	169	1	0	0	11	6	9	4	5	44.87	1		1.415994
27	173	6	0	0	21	5	15	2	5	72.28	1		12.425612
27	174	6	0	0	23	5	15	2	5	72.28	1		12.425612
54	348	4	0	0	0	7	14	5	7	92.50	0		4.216164
54	349	4	0	0	0	14	14	5	7	92.50	0		4.216164
54	350	5	0	0	15	6	12	3	8	145.83	0		38.988667
54	351	5	0	0	18	8	12	3	8	145.83	0		38.988667
54	352	5	0	0	5	14	12	3	8	145.83	0		38.988667
54	353	5	0	0	8	14	12	3	8	145.83	0		38.988667
54	347	3	0	0	11	14	6	6	8	60.37	0		9.819840
54	355	9	0	0	17	16	8	5	4	199.72	0		25.944831
54	354	6	0	0	21	10	15	2	5	72.28	1		12.425612
3	13	4	0	0	17	20	14	5	7	92.50	0		4.216164
3	12	3	0	0	0	22	6	6	8	60.37	0		9.819840
3	11	2	0	0	6	22	16	3	4	106	0		27.884740
3	10	1	0	0	9	22	9	4	5	44.87	1		1.415994
57	370	4	0	6	0	21	14	5	7	92.50	0		4.216164
57	373	7	0	12	9	0	10	7	6	55.92	0		11.508289
57	371	5	0	0	13	22	12	3	8	145.83	0		38.988667
57	369	3	0	12	9	6	6	6	8	60.37	0		9.819840
57	374	9	0	12	9	14	8	5	4	199.72	0		25.944831
57	375	9	0	12	9	18	8	5	4	199.72	0		25.944831
57	372	6	0	0	23	10	15	2	5	72.28	1		12.425612
22	140	4	0	12	9	22	14	5	7	92.50	0		4.216164
22	144	8	0	20	0	0	13	7	5	220.37	0		8.005925
22	142	7	0	20	0	5	10	7	6	55.92	0		11.508289
22	143	7	0	20	0	11	10	7	6	55.92	0		11.508289
22	139	2	0	0	6	26	16	3	4	106	0		27.884740
22	145	9	0	20	7	6	8	5	4	199.72	0		25.944831
22	141	6	0	0	22	15	15	2	5	72.28	1		12.425612
39	251	4	0	20	0	17	14	5	7	92.50	0		4.216164
39	252	4	0	26	7	10	14	5	7	92.50	0		4.216164
39	255	10	0	20	0	24	12	6	6	92.92	0		17.186585
39	256	10	0	26	12	0	12	6	6	92.92	0		17.186585
39	257	10	0	15	18	0	12	6	6	92.92	0		17.186585
39	253	5	0	12	14	14	12	3	8	145.83	0		38.988667
39	254	9	0	14	15	6	8	5	4	199.72	0		25.944831
35	227	6	0	0	22	20	15	2	5	72.28	1		12.425612
39	250	1	0	14	17	10	9	4	5	44.87	1		1.415994
33	212	10	0	23	17	6	12	6	6	92.92	0		17.186585
33	209	5	0	12	14	22	12	3	8	145.83	0		38.988667
33	210	5	0	16	6	17	12	3	8	145.83	0		38.988667
33	211	5	0	23	17	12	12	3	8	145.83	0		38.988667
33	206	1	0	14	17	15	9	4	5	44.87	1		1.415994
33	207	1	0	14	17	20	9	4	5	44.87	1		1.415994
33	208	1	0	14	17	25	9	4	5	44.87	1		1.415994
19	125	4	0	23	20	12	14	5	7	92.50	0		4.216164
19	127	8	0	24	14	20	13	7	5	220.37	0		8.005925
19	126	5	0	26	12	6	12	3	8	145.83	0		38.988667
19	124	3	0	28	6	17	6	6	8	60.37	0		9.819840
19	123	2	0	16	6	25	16	3	4	106	0		27.884740
19	121	1	0	23	17	25	9	4	5	44.87	1		1.415994
19	122	1	0	26	12	14	9	4	5	44.87	1		1.415994
32	203	4	0	34	0	0	14	5	7	92.50	0		4.216164
32	204	8	0	32	6	25	13	7	5	220.37	0		8.005925
32	205	10	0	32	0	24	12	6	6	92.92	0		17.186585
32	201	1	0	26	13	25	9	4	5	44.87	1		1.415994
32	202	1	0	32	17	25	9	4	5	44.87	1		1.415994
1	1	4	1	48	0	0	14	5	7	92.50	0		4.216164
1	2	8	0	45	0	7	13	7	5	220.37	0		8.005925
1	3	9	0	41	14	0	8	5	4	199.72	0		25.944831
1	4	9	0	41	19	0	8	5	4	199.72	0		25.944831
31	200	10	0	41	14	4	12	6	6	92.92	0		17.186585
31	199	7	0	41	13	10	10	7	6	55.92	0		11.508289
31	196	3	0	41	13	16	6	6	8	60.37	0		9.819840
31	197	3	0	45	7	7	6	6	8	60.37	0		9.819840
31	194	1	0	35	13	25	9	4	5	44.87	1		1.415994
31	195	1	0	41	20	4	9	4	5	44.87	1		1.415994
31	198	6	0	41	20	9	15	2	5	72.28	1		12.425612
35	225	4	0	41	19	16	14	5	7	92.50	0		4.216164
35	230	10	0	41	19	23	12	6	6	92.92	0		17.186585
35	228	7	0	45	0	12	10	7	6	55.92	0		11.508289
35	229	7	0	45	0	18	10	7	6	55.92	0		11.508289
35	226	5	0	15	21	19	12	3	8	145.83	0		38.988667
25	161	10	0	44	0	24	12	6	6	92.92	0		17.186585
35	223	2	0	44	13	24	16	3	4	106	0		27.884740
35	222	1	0	27	21	19	9	4	5	44.87	1		1.415994
39	249	1	0	27	18	0	9	4	5	44.87	1		1.415994
25	160	10	0	45	7	15	12	6	6	92.92	0		17.186585
35	224	3	0	47	13	16	6	6	8	60.37	0		9.819840
25	157	2	0	44	16	24	16	3	4	106	0		27.884740
25	158	9	0	45	7	21	8	5	4	199.72	0		25.944831
25	159	9	0	45	6	25	8	5	4	199.72	0		25.944831
25	156	1	0	51	7	7	9	4	5	44.87	1		1.415994


