Name:				250_n100_m200_bt10
Problem:			3L-VRPTW
Number_of_used_Vehicles:	13
Total_Travel_Distance:		1189.06
Calculation_Time:		3600.00
Total_Iterations:		8821
ConstraintSet:			P21

-------------------------------------------------------------------------------------------------------------------
Tour_Id:			1
No_of_Customers:		7
No_of_Items:			17
Customer_Sequence:		41 40 78 20 53 51 47 

CustId	Id	TypeId	Rotated	x	y	z	Length	Width	Height	mass	Fragility	LoadBearingStrength
47	93	4	0	0	0	0	18	11	10	796.28	0		18.901319
51	101	2	0	0	11	0	26	12	6	495.36	0		36.359951
47	94	5	0	0	0	10	18	9	7	430.82	1		3.340205
53	105	2	0	0	11	6	26	12	6	495.36	0		36.359951
20	38	6	0	0	9	12	21	8	9	716.14	0		63.898362
53	107	6	0	0	17	12	21	8	9	716.14	0		63.898362
78	155	6	0	0	9	21	21	8	9	716.14	0		63.898362
40	78	10	0	0	17	21	24	6	7	108.22	0		4.167522
40	76	5	0	0	0	17	18	9	7	430.82	1		3.340205
78	157	9	0	18	0	0	30	6	14	1665.64	0		37.880264
41	81	9	0	18	0	14	30	6	14	1665.64	0		37.880264
40	77	9	0	26	6	0	30	6	14	1665.64	0		37.880264
53	106	3	0	26	12	0	19	12	9	350.26	0		17.257089
20	39	7	0	26	12	9	14	9	9	129.22	0		6.935805
78	156	7	0	45	12	0	14	9	9	129.22	0		6.935805
41	80	7	0	24	12	18	14	9	9	129.22	0		6.935805
41	79	1	0	40	12	9	14	11	12	321.20	1		1.606629


-------------------------------------------------------------------------------------------------------------------
Tour_Id:			2
No_of_Customers:		8
No_of_Items:			15
Customer_Sequence:		28 31 71 93 1 19 100 49 

CustId	Id	TypeId	Rotated	x	y	z	Length	Width	Height	mass	Fragility	LoadBearingStrength
49	98	2	0	0	0	0	26	12	6	495.36	0		36.359951
19	37	3	0	0	12	0	19	12	9	350.26	0		17.257089
100	200	8	0	0	0	6	34	6	13	1451.58	0		16.064791
93	186	3	0	0	12	9	19	12	9	350.26	0		17.257089
93	187	6	0	0	0	19	21	8	9	716.14	0		63.898362
31	59	9	0	19	12	0	30	6	14	1665.64	0		37.880264
71	142	1	0	0	12	18	14	11	12	321.20	1		1.606629
71	143	9	0	19	18	0	30	6	14	1665.64	0		37.880264
1	1	2	0	34	0	0	26	12	6	495.36	0		36.359951
31	58	3	0	19	12	14	19	12	9	350.26	0		17.257089
1	2	2	0	34	0	6	26	12	6	495.36	0		36.359951
31	57	2	0	34	0	12	26	12	6	495.36	0		36.359951
28	51	3	0	34	0	18	19	12	9	350.26	0		17.257089
28	50	1	0	38	12	14	14	11	12	321.20	1		1.606629
28	52	5	0	19	12	23	18	9	7	430.82	1		3.340205


-------------------------------------------------------------------------------------------------------------------
Tour_Id:			3
No_of_Customers:		10
No_of_Items:			17
Customer_Sequence:		92 68 62 25 69 13 5 3 7 35 

CustId	Id	TypeId	Rotated	x	y	z	Length	Width	Height	mass	Fragility	LoadBearingStrength
35	66	8	0	0	0	0	34	6	13	1451.58	0		16.064791
3	4	10	0	0	6	0	24	6	7	108.22	0		4.167522
7	13	7	0	0	12	0	14	9	9	129.22	0		6.935805
7	14	7	0	0	12	9	14	9	9	129.22	0		6.935805
7	12	3	0	14	12	0	19	12	9	350.26	0		17.257089
62	124	1	0	0	12	18	14	11	12	321.20	1		1.606629
69	140	8	0	0	0	13	34	6	13	1451.58	0		16.064791
13	26	9	0	0	6	7	30	6	14	1665.64	0		37.880264
5	8	6	0	14	12	9	21	8	9	716.14	0		63.898362
13	25	3	0	34	0	0	19	12	9	350.26	0		17.257089
68	139	10	0	0	6	21	24	6	7	108.22	0		4.167522
5	7	3	0	33	12	0	19	12	9	350.26	0		17.257089
25	45	3	0	34	0	9	19	12	9	350.26	0		17.257089
68	137	1	0	34	0	18	14	11	12	321.20	1		1.606629
68	138	5	0	14	12	18	18	9	7	430.82	1		3.340205
92	184	4	0	35	12	9	18	11	10	796.28	0		18.901319
92	185	6	0	32	11	19	21	8	9	716.14	0		63.898362


-------------------------------------------------------------------------------------------------------------------
Tour_Id:			4
No_of_Customers:		9
No_of_Items:			19
Customer_Sequence:		50 74 18 96 81 42 34 22 48 

CustId	Id	TypeId	Rotated	x	y	z	Length	Width	Height	mass	Fragility	LoadBearingStrength
34	65	8	0	0	0	0	34	6	13	1451.58	0		16.064791
48	95	2	0	0	6	0	26	12	6	495.36	0		36.359951
48	96	2	0	0	6	6	26	12	6	495.36	0		36.359951
22	42	7	0	0	6	12	14	9	9	129.22	0		6.935805
22	41	1	0	14	6	12	14	11	12	321.20	1		1.606629
34	64	1	0	28	6	0	14	11	12	321.20	1		1.606629
48	97	9	0	0	18	0	30	6	14	1665.64	0		37.880264
42	84	7	0	42	0	0	14	9	9	129.22	0		6.935805
81	162	7	0	42	9	0	14	9	9	129.22	0		6.935805
42	83	5	0	42	0	9	18	9	7	430.82	1		3.340205
42	82	1	0	28	6	12	14	11	12	321.20	1		1.606629
81	163	7	0	42	9	9	14	9	9	129.22	0		6.935805
96	193	7	0	42	9	18	14	9	9	129.22	0		6.935805
96	194	10	0	0	18	14	24	6	7	108.22	0		4.167522
96	192	5	0	42	0	16	18	9	7	430.82	1		3.340205
50	100	9	0	30	18	0	30	6	14	1665.64	0		37.880264
18	36	10	0	0	18	21	24	6	7	108.22	0		4.167522
50	99	8	0	24	18	14	34	6	13	1451.58	0		16.064791
74	146	5	0	42	0	23	18	9	7	430.82	1		3.340205


-------------------------------------------------------------------------------------------------------------------
Tour_Id:			5
No_of_Customers:		8
No_of_Items:			14
Customer_Sequence:		36 38 72 43 98 83 75 26 

CustId	Id	TypeId	Rotated	x	y	z	Length	Width	Height	mass	Fragility	LoadBearingStrength
26	47	10	0	0	0	0	24	6	7	108.22	0		4.167522
75	147	8	0	0	6	0	34	6	13	1451.58	0		16.064791
26	46	5	0	0	12	0	18	9	7	430.82	1		3.340205
83	169	9	0	0	0	7	30	6	14	1665.64	0		37.880264
83	168	8	0	0	6	13	34	6	13	1451.58	0		16.064791
75	148	10	0	18	12	0	24	6	7	108.22	0		4.167522
83	167	5	0	0	12	7	18	9	7	430.82	1		3.340205
98	196	9	0	18	18	0	30	6	14	1665.64	0		37.880264
43	85	2	0	34	0	0	26	12	6	495.36	0		36.359951
72	144	10	0	0	0	21	24	6	7	108.22	0		4.167522
38	72	9	0	18	12	7	30	6	14	1665.64	0		37.880264
38	71	6	0	18	12	21	21	8	9	716.14	0		63.898362
36	67	3	0	34	0	6	19	12	9	350.26	0		17.257089
36	68	3	0	34	0	15	19	12	9	350.26	0		17.257089


-------------------------------------------------------------------------------------------------------------------
Tour_Id:			6
No_of_Customers:		9
No_of_Items:			17
Customer_Sequence:		4 44 85 21 76 87 88 64 33 

CustId	Id	TypeId	Rotated	x	y	z	Length	Width	Height	mass	Fragility	LoadBearingStrength
64	128	9	0	0	0	0	30	6	14	1665.64	0		37.880264
33	63	9	0	0	6	0	30	6	14	1665.64	0		37.880264
33	61	7	0	0	12	0	14	9	9	129.22	0		6.935805
33	62	7	0	0	12	9	14	9	9	129.22	0		6.935805
21	40	2	0	0	0	14	26	12	6	495.36	0		36.359951
88	177	5	0	0	12	18	18	9	7	430.82	1		3.340205
88	178	8	0	14	12	0	34	6	13	1451.58	0		16.064791
76	149	4	0	30	0	0	18	11	10	796.28	0		18.901319
87	176	10	0	18	12	13	24	6	7	108.22	0		4.167522
76	150	7	1	48	0	0	14	9	9	129.22	0		6.935805
76	151	9	0	18	18	0	30	6	14	1665.64	0		37.880264
85	173	3	0	0	0	20	19	12	9	350.26	0		17.257089
44	86	4	1	19	0	20	18	11	10	796.28	0		18.901319
44	88	7	0	30	0	10	14	9	9	129.22	0		6.935805
44	87	5	0	30	0	19	18	9	7	430.82	1		3.340205
4	6	9	0	18	18	14	30	6	14	1665.64	0		37.880264
4	5	1	1	48	0	9	14	11	12	321.20	1		1.606629


-------------------------------------------------------------------------------------------------------------------
Tour_Id:			7
No_of_Customers:		7
No_of_Items:			14
Customer_Sequence:		77 30 2 89 10 56 59 

CustId	Id	TypeId	Rotated	x	y	z	Length	Width	Height	mass	Fragility	LoadBearingStrength
59	118	4	0	0	0	0	18	11	10	796.28	0		18.901319
59	119	5	0	0	11	0	18	9	7	430.82	1		3.340205
56	111	3	0	0	0	10	19	12	9	350.26	0		17.257089
10	18	6	0	0	0	19	21	8	9	716.14	0		63.898362
56	112	5	0	0	12	7	18	9	7	430.82	1		3.340205
10	19	8	0	18	12	0	34	6	13	1451.58	0		16.064791
56	113	10	0	18	0	0	24	6	7	108.22	0		4.167522
89	179	7	0	42	0	0	14	9	9	129.22	0		6.935805
2	3	1	0	0	12	14	14	11	12	321.20	1		1.606629
30	55	9	0	18	18	0	30	6	14	1665.64	0		37.880264
30	56	9	0	18	12	13	30	6	14	1665.64	0		37.880264
77	153	10	0	18	18	14	24	6	7	108.22	0		4.167522
77	154	10	0	14	18	21	24	6	7	108.22	0		4.167522
77	152	1	0	42	0	9	14	11	12	321.20	1		1.606629


-------------------------------------------------------------------------------------------------------------------
Tour_Id:			8
No_of_Customers:		10
No_of_Items:			16
Customer_Sequence:		67 55 94 57 24 11 73 23 95 9 

CustId	Id	TypeId	Rotated	x	y	z	Length	Width	Height	mass	Fragility	LoadBearingStrength
95	190	1	0	0	0	0	14	11	12	321.20	1		1.606629
9	17	7	0	0	11	0	14	9	9	129.22	0		6.935805
11	21	4	0	14	0	0	18	11	10	796.28	0		18.901319
9	16	3	0	14	11	0	19	12	9	350.26	0		17.257089
23	43	4	0	0	11	9	18	11	10	796.28	0		18.901319
73	145	7	0	0	11	19	14	9	9	129.22	0		6.935805
95	191	2	0	33	11	0	26	12	6	495.36	0		36.359951
11	20	1	0	0	0	12	14	11	12	321.20	1		1.606629
24	44	6	0	14	0	10	21	8	9	716.14	0		63.898362
57	114	3	0	18	11	9	19	12	9	350.26	0		17.257089
57	115	5	0	14	0	19	18	9	7	430.82	1		3.340205
94	189	4	0	18	9	18	18	11	10	796.28	0		18.901319
94	188	1	0	36	0	0	14	11	12	321.20	1		1.606629
55	110	1	0	36	0	12	14	11	12	321.20	1		1.606629
67	135	4	0	37	11	6	18	11	10	796.28	0		18.901319
67	136	7	0	37	11	16	14	9	9	129.22	0		6.935805


-------------------------------------------------------------------------------------------------------------------
Tour_Id:			9
No_of_Customers:		8
No_of_Items:			15
Customer_Sequence:		61 91 29 84 65 45 37 97 

CustId	Id	TypeId	Rotated	x	y	z	Length	Width	Height	mass	Fragility	LoadBearingStrength
97	195	3	0	0	0	0	19	12	9	350.26	0		17.257089
37	69	9	0	0	12	0	30	6	14	1665.64	0		37.880264
37	70	10	0	0	18	0	24	6	7	108.22	0		4.167522
45	89	2	0	19	0	0	26	12	6	495.36	0		36.359951
65	129	3	0	0	0	9	19	12	9	350.26	0		17.257089
65	130	6	0	0	12	14	21	8	9	716.14	0		63.898362
65	131	10	0	0	18	7	24	6	7	108.22	0		4.167522
84	172	8	0	19	0	6	34	6	13	1451.58	0		16.064791
84	171	4	0	0	0	18	18	11	10	796.28	0		18.901319
84	170	2	0	30	12	0	26	12	6	495.36	0		36.359951
29	54	9	0	19	6	6	30	6	14	1665.64	0		37.880264
29	53	6	0	30	12	6	21	8	9	716.14	0		63.898362
91	183	7	0	30	12	15	14	9	9	129.22	0		6.935805
91	182	5	0	0	11	23	18	9	7	430.82	1		3.340205
61	123	10	0	18	0	19	24	6	7	108.22	0		4.167522


-------------------------------------------------------------------------------------------------------------------
Tour_Id:			10
No_of_Customers:		4
No_of_Items:			10
Customer_Sequence:		14 66 63 70 

CustId	Id	TypeId	Rotated	x	y	z	Length	Width	Height	mass	Fragility	LoadBearingStrength
70	141	2	0	0	0	0	26	12	6	495.36	0		36.359951
63	125	3	0	0	12	0	19	12	9	350.26	0		17.257089
63	126	4	0	0	0	6	18	11	10	796.28	0		18.901319
63	127	7	0	0	11	9	14	9	9	129.22	0		6.935805
66	132	8	0	19	12	0	34	6	13	1451.58	0		16.064791
66	133	10	0	0	0	16	24	6	7	108.22	0		4.167522
66	134	10	0	0	0	23	24	6	7	108.22	0		4.167522
14	28	8	0	19	18	0	34	6	13	1451.58	0		16.064791
14	29	9	0	14	12	13	30	6	14	1665.64	0		37.880264
14	27	4	0	26	0	0	18	11	10	796.28	0		18.901319


-------------------------------------------------------------------------------------------------------------------
Tour_Id:			11
No_of_Customers:		6
No_of_Items:			16
Customer_Sequence:		52 58 6 86 12 82 

CustId	Id	TypeId	Rotated	x	y	z	Length	Width	Height	mass	Fragility	LoadBearingStrength
82	164	3	0	0	0	0	19	12	9	350.26	0		17.257089
12	22	8	0	0	12	0	34	6	13	1451.58	0		16.064791
82	166	6	0	0	0	9	21	8	9	716.14	0		63.898362
82	165	3	0	19	0	0	19	12	9	350.26	0		17.257089
12	23	9	0	0	18	0	30	6	14	1665.64	0		37.880264
12	24	10	0	0	12	13	24	6	7	108.22	0		4.167522
86	175	8	0	0	18	14	34	6	13	1451.58	0		16.064791
86	174	2	0	34	12	0	26	12	6	495.36	0		36.359951
6	11	6	0	0	0	18	21	8	9	716.14	0		63.898362
6	9	1	0	21	0	9	14	11	12	321.20	1		1.606629
6	10	5	0	21	0	21	18	9	7	430.82	1		3.340205
58	117	3	0	34	12	6	19	12	9	350.26	0		17.257089
58	116	1	0	34	11	15	14	11	12	321.20	1		1.606629
52	103	6	0	39	0	0	21	8	9	716.14	0		63.898362
52	104	7	0	39	0	9	14	9	9	129.22	0		6.935805
52	102	5	0	39	0	18	18	9	7	430.82	1		3.340205


-------------------------------------------------------------------------------------------------------------------
Tour_Id:			12
No_of_Customers:		6
No_of_Items:			15
Customer_Sequence:		17 15 80 60 99 16 

CustId	Id	TypeId	Rotated	x	y	z	Length	Width	Height	mass	Fragility	LoadBearingStrength
16	32	6	0	0	0	0	21	8	9	716.14	0		63.898362
16	33	7	0	0	8	0	14	9	9	129.22	0		6.935805
99	198	9	0	0	17	0	30	6	14	1665.64	0		37.880264
99	197	4	0	0	0	9	18	11	10	796.28	0		18.901319
99	199	10	0	0	17	14	24	6	7	108.22	0		4.167522
60	122	8	0	21	0	0	34	6	13	1451.58	0		16.064791
60	120	4	0	0	0	19	18	11	10	796.28	0		18.901319
60	121	7	0	21	6	0	14	9	9	129.22	0		6.935805
80	160	8	0	18	0	13	34	6	13	1451.58	0		16.064791
80	161	10	0	0	17	21	24	6	7	108.22	0		4.167522
80	159	5	0	18	6	9	18	9	7	430.82	1		3.340205
15	30	6	0	30	15	0	21	8	9	716.14	0		63.898362
15	31	10	0	30	15	9	24	6	7	108.22	0		4.167522
17	35	9	0	24	15	16	30	6	14	1665.64	0		37.880264
17	34	5	0	18	6	16	18	9	7	430.82	1		3.340205


-------------------------------------------------------------------------------------------------------------------
Tour_Id:			13
No_of_Customers:		8
No_of_Items:			15
Customer_Sequence:		54 8 90 27 39 46 32 79 

CustId	Id	TypeId	Rotated	x	y	z	Length	Width	Height	mass	Fragility	LoadBearingStrength
79	158	9	0	0	0	0	30	6	14	1665.64	0		37.880264
27	49	8	0	0	6	0	34	6	13	1451.58	0		16.064791
46	91	3	0	0	12	0	19	12	9	350.26	0		17.257089
39	73	4	0	0	12	9	18	11	10	796.28	0		18.901319
46	92	7	0	19	12	0	14	9	9	129.22	0		6.935805
39	74	7	0	0	12	19	14	9	9	129.22	0		6.935805
46	90	3	0	33	12	0	19	12	9	350.26	0		17.257089
39	75	8	0	0	0	14	34	6	13	1451.58	0		16.064791
32	60	9	0	30	0	0	30	6	14	1665.64	0		37.880264
27	48	7	0	18	12	9	14	9	9	129.22	0		6.935805
90	181	2	0	32	12	9	26	12	6	495.36	0		36.359951
8	15	8	0	0	6	13	34	6	13	1451.58	0		16.064791
90	180	1	0	18	12	18	14	11	12	321.20	1		1.606629
54	108	2	0	32	12	15	26	12	6	495.36	0		36.359951
54	109	10	0	34	6	0	24	6	7	108.22	0		4.167522


