Name:				112_Manual_n200_m400_bt10_2
Problem:			3L-VRPTW
Number_of_used_Vehicles:	7
Total_Travel_Distance:		159.613
Total_Unloading_Effort:		47.934
Total_Travel_Time:		1239.57
Calculation_Time:			3600
Total_Iterations:		53
ConstraintSet:			P22

-------------------------------------------------------------------------------------------------------------------
Tour_Id:			1
No_of_Customers:		31
No_of_Items:			61
Customer_Sequence:		23 35 33 119 44 12 41 96 148 120 79 69 135 101 66 15 4 11 31 121 103 24 152 30 127 138 113 107 9 74 93 

CustId	Id	TypeId	Rotated	x	y	z	Length	Width	Height	mass	Fragility	LoadBearingStrength
24	42	8	0	0	0	0	108	60	60	19.51	0		0.015100
148	287	8	0	0	60	0	108	60	60	19.51	0		0.015100
33	60	8	0	0	0	60	108	60	60	19.51	0		0.015100
107	208	8	0	0	60	60	108	60	60	19.51	0		0.015100
11	20	8	0	0	0	120	108	60	60	19.51	0		0.015100
120	230	8	0	0	60	120	108	60	60	19.51	0		0.015100
135	262	4	0	108	0	0	60	60	60	1.80	0		0.002500
152	296	4	0	108	60	0	60	60	60	1.80	0		0.002500
30	53	4	0	108	0	60	60	60	60	1.80	0		0.002500
120	229	4	0	108	60	60	60	60	60	1.80	0		0.002500
113	216	4	0	108	0	120	60	60	60	1.80	0		0.002500
44	77	5	0	108	60	120	57	57	50	3.61	0		0.005600
148	286	5	0	168	0	0	57	57	50	3.61	0		0.005600
96	186	5	0	168	57	0	57	57	50	3.61	0		0.005600
12	22	2	0	0	120	0	47	40	48	3.05	0		0.008100
4	7	2	0	0	120	48	47	40	48	3.05	0		0.008100
4	6	2	0	0	120	96	47	40	48	3.05	0		0.008100
44	76	2	0	47	120	0	47	40	48	3.05	0		0.008100
103	202	2	0	47	120	48	47	40	48	3.05	0		0.008100
138	267	2	0	47	120	96	47	40	48	3.05	0		0.008100
24	41	6	0	94	120	0	30	53	56	1.71	0		0.005400
41	73	6	0	94	120	56	30	53	56	1.71	0		0.005400
152	297	6	0	94	120	112	30	53	56	1.71	0		0.005400
11	19	6	0	124	120	0	30	53	56	1.71	0		0.005400
23	38	6	0	124	120	56	30	53	56	1.71	0		0.005400
74	138	6	0	124	120	112	30	53	56	1.71	0		0.005400
9	16	6	0	154	120	0	30	53	56	1.71	0		0.005400
69	129	6	0	154	120	56	30	53	56	1.71	0		0.005400
69	128	6	0	154	120	112	30	53	56	1.71	0		0.005400
66	123	6	0	168	0	50	30	53	56	1.71	0		0.005400
69	127	6	0	168	53	50	30	53	56	1.71	0		0.005400
35	64	10	0	168	0	106	40	36	56	1.12	0		0.003900
96	188	10	0	168	36	106	40	36	56	1.12	0		0.003900
138	270	10	0	184	114	0	40	36	56	1.12	0		0.003900
127	246	10	0	184	106	56	40	36	56	1.12	0		0.003900
135	261	3	1	168	72	106	30	40	57	3.81	0		0.015900
101	197	3	0	184	106	112	30	40	57	3.81	0		0.015900
15	26	3	0	224	114	0	30	40	57	3.81	0		0.015900
4	8	3	0	224	114	57	30	40	57	3.81	0		0.015900
79	152	3	0	224	114	114	30	40	57	3.81	0		0.015900
138	269	3	0	225	0	0	30	40	57	3.81	0		0.015900
138	268	3	0	225	40	0	30	40	57	3.81	0		0.015900
69	126	1	1	0	120	144	47	54	22	4.59	0		0.009000
127	245	1	0	0	120	166	47	54	22	4.59	0		0.009000
93	179	1	0	94	120	168	47	54	22	4.59	0		0.009000
31	56	1	0	168	0	162	47	54	22	4.59	0		0.009000
35	63	1	0	254	114	0	47	54	22	4.59	0		0.009000
23	39	7	0	198	0	50	22	56	29	4.68	0		0.019000
12	23	7	1	225	80	0	22	56	29	4.68	0		0.019000
23	40	7	1	225	80	29	22	56	29	4.68	0		0.019000
121	234	7	0	225	0	57	22	56	29	4.68	0		0.019000
121	233	7	1	225	80	58	22	56	29	4.68	0		0.019000
121	232	7	0	225	0	86	22	56	29	4.68	0		0.019000
30	55	7	1	225	80	87	22	56	29	4.68	0		0.019000
30	54	7	0	225	0	115	22	56	29	4.68	0		0.019000
96	187	9	0	254	114	22	46	39	56	1.79	1		0.001000
120	231	9	0	254	114	78	46	39	56	1.79	1		0.001000
11	21	9	0	254	114	134	46	39	56	1.79	1		0.001000
44	78	9	0	255	0	0	46	39	56	1.79	1		0.001000
119	228	9	0	255	39	0	46	39	56	1.79	1		0.001000
93	180	9	0	255	0	56	46	39	56	1.79	1		0.001000


-------------------------------------------------------------------------------------------------------------------
Tour_Id:			2
No_of_Customers:		15
No_of_Items:			31
Customer_Sequence:		22 42 83 55 32 178 193 149 84 132 172 88 153 80 197 

CustId	Id	TypeId	Rotated	x	y	z	Length	Width	Height	mass	Fragility	LoadBearingStrength
197	393	8	0	0	0	0	108	60	60	19.51	0		0.015100
55	97	8	0	0	60	0	108	60	60	19.51	0		0.015100
172	337	8	0	0	0	60	108	60	60	19.51	0		0.015100
88	170	8	0	0	60	60	108	60	60	19.51	0		0.015100
55	98	8	0	0	0	120	108	60	60	19.51	0		0.015100
149	290	4	0	0	60	120	60	60	60	1.80	0		0.002500
172	336	4	0	60	60	120	60	60	60	1.80	0		0.002500
32	58	5	0	108	0	0	57	57	50	3.61	0		0.005600
153	299	5	0	108	57	0	57	57	50	3.61	0		0.005600
172	335	2	0	0	120	0	47	40	48	3.05	0		0.008100
83	159	2	0	0	120	48	47	40	48	3.05	0		0.008100
149	288	2	0	0	120	96	47	40	48	3.05	0		0.008100
80	153	2	0	47	120	0	47	40	48	3.05	0		0.008100
193	381	2	0	47	120	48	47	40	48	3.05	0		0.008100
55	96	6	0	47	120	96	30	53	56	1.71	0		0.005400
132	254	10	0	94	120	0	40	36	56	1.12	0		0.003900
197	394	10	0	94	120	56	40	36	56	1.12	0		0.003900
193	382	10	0	94	120	112	40	36	56	1.12	0		0.003900
83	160	3	0	108	0	50	30	40	57	3.81	0		0.015900
22	36	3	0	108	40	50	30	40	57	3.81	0		0.015900
149	289	3	0	108	80	50	30	40	57	3.81	0		0.015900
153	298	3	0	108	0	107	30	40	57	3.81	0		0.015900
80	154	3	0	134	120	0	30	40	57	3.81	0		0.015900
32	57	1	0	164	114	0	47	54	22	4.59	0		0.009000
178	350	1	0	164	114	22	47	54	22	4.59	0		0.009000
84	161	7	0	138	0	50	22	56	29	4.68	0		0.019000
88	169	7	0	138	56	50	22	56	29	4.68	0		0.019000
80	155	7	0	138	0	79	22	56	29	4.68	0		0.019000
22	37	7	0	138	56	79	22	56	29	4.68	0		0.019000
32	59	9	0	164	114	44	46	39	56	1.79	1		0.001000
42	74	9	0	164	114	100	46	39	56	1.79	1		0.001000


-------------------------------------------------------------------------------------------------------------------
Tour_Id:			3
No_of_Customers:		32
No_of_Items:			68
Customer_Sequence:		116 36 3 110 187 181 143 184 188 29 162 68 58 78 114 165 168 147 140 145 109 108 38 6 154 191 52 73 115 27 20 126 

CustId	Id	TypeId	Rotated	x	y	z	Length	Width	Height	mass	Fragility	LoadBearingStrength
109	212	8	0	0	0	0	108	60	60	19.51	0		0.015100
116	221	4	0	0	60	0	60	60	60	1.80	0		0.002500
110	213	4	0	0	0	60	60	60	60	1.80	0		0.002500
20	33	4	0	0	60	60	60	60	60	1.80	0		0.002500
29	51	4	0	0	0	120	60	60	60	1.80	0		0.002500
162	316	4	0	0	60	120	60	60	60	1.80	0		0.002500
73	136	4	0	60	60	0	60	60	60	1.80	0		0.002500
68	125	4	0	60	0	60	60	60	60	1.80	0		0.002500
165	322	4	0	60	60	60	60	60	60	1.80	0		0.002500
108	210	4	0	60	0	120	60	60	60	1.80	0		0.002500
116	222	5	0	60	60	120	57	57	50	3.61	0		0.005600
184	365	5	0	108	0	0	57	57	50	3.61	0		0.005600
188	374	5	0	120	60	0	57	57	50	3.61	0		0.005600
188	373	5	0	120	117	0	57	57	50	3.61	0		0.005600
162	317	5	0	120	0	50	57	57	50	3.61	0		0.005600
78	150	5	0	120	57	50	57	57	50	3.61	0		0.005600
52	92	5	0	120	114	50	57	57	50	3.61	0		0.005600
115	218	5	0	120	0	100	57	57	50	3.61	0		0.005600
191	379	5	0	120	57	100	57	57	50	3.61	0		0.005600
6	11	2	0	0	120	0	47	40	48	3.05	0		0.008100
27	47	2	0	0	120	48	47	40	48	3.05	0		0.008100
165	321	2	0	0	120	96	47	40	48	3.05	0		0.008100
109	211	6	0	47	120	0	30	53	56	1.71	0		0.005400
168	326	2	1	47	120	56	47	40	48	3.05	0		0.008100
145	282	2	0	47	120	104	47	40	48	3.05	0		0.008100
116	220	2	1	77	120	0	47	40	48	3.05	0		0.008100
187	369	2	0	120	114	100	47	40	48	3.05	0		0.008100
140	273	6	0	177	0	0	30	53	56	1.71	0		0.005400
147	284	6	0	177	53	0	30	53	56	1.71	0		0.005400
147	285	6	0	177	106	0	30	53	56	1.71	0		0.005400
181	356	1	0	120	0	150	47	54	22	4.59	0		0.009000
36	65	6	0	177	0	56	30	53	56	1.71	0		0.005400
140	272	3	0	177	53	56	30	40	57	3.81	0		0.015900
38	68	6	0	177	93	56	30	53	56	1.71	0		0.005400
27	48	6	0	177	0	112	30	53	56	1.71	0		0.005400
115	219	6	0	177	93	112	30	53	56	1.71	0		0.005400
58	107	6	0	207	0	0	30	53	56	1.71	0		0.005400
3	5	10	0	177	53	113	40	36	56	1.12	0		0.003900
36	66	10	0	207	53	0	40	36	56	1.12	0		0.003900
58	108	10	0	207	89	0	40	36	56	1.12	0		0.003900
78	149	3	0	207	125	0	30	40	57	3.81	0		0.015900
126	242	3	0	207	0	56	30	40	57	3.81	0		0.015900
108	209	3	0	207	40	56	30	40	57	3.81	0		0.015900
143	279	6	1	207	80	56	30	53	56	1.71	0		0.005400
187	370	3	0	207	125	57	30	40	57	3.81	0		0.015900
168	327	3	0	207	0	113	30	40	57	3.81	0		0.015900
181	357	3	0	207	125	114	30	40	57	3.81	0		0.015900
78	148	3	0	237	0	0	30	40	57	3.81	0		0.015900
188	371	1	0	120	54	150	47	54	22	4.59	0		0.009000
188	372	1	1	237	125	0	47	54	22	4.59	0		0.009000
191	378	1	1	237	125	22	47	54	22	4.59	0		0.009000
6	10	1	1	237	125	44	47	54	22	4.59	0		0.009000
154	300	6	0	237	0	57	30	53	56	1.71	0		0.005400
78	147	1	1	237	125	66	47	54	22	4.59	0		0.009000
78	151	7	1	47	120	152	22	56	29	4.68	0		0.019000
29	52	7	1	117	114	148	22	56	29	4.68	0		0.019000
126	243	7	1	237	125	88	22	56	29	4.68	0		0.019000
73	137	7	1	237	147	88	22	56	29	4.68	0		0.019000
126	244	7	0	237	0	113	22	56	29	4.68	0		0.019000
181	358	7	1	237	125	117	22	56	29	4.68	0		0.019000
27	49	7	1	237	147	117	22	56	29	4.68	0		0.019000
20	34	7	0	237	0	142	22	56	29	4.68	0		0.019000
181	359	9	0	267	0	0	46	39	56	1.79	1		0.001000
168	328	9	0	267	39	0	46	39	56	1.79	1		0.001000
38	69	9	0	260	78	0	46	39	56	1.79	1		0.001000
6	12	9	0	260	53	56	46	39	56	1.79	1		0.001000
188	375	9	0	260	53	112	46	39	56	1.79	1		0.001000
114	217	9	0	267	0	56	46	39	56	1.79	1		0.001000


-------------------------------------------------------------------------------------------------------------------
Tour_Id:			4
No_of_Customers:		30
No_of_Items:			54
Customer_Sequence:		199 104 7 157 19 82 131 183 86 134 37 195 46 5 77 169 59 26 28 63 190 186 98 118 156 49 8 151 21 60 

CustId	Id	TypeId	Rotated	x	y	z	Length	Width	Height	mass	Fragility	LoadBearingStrength
134	260	8	0	0	0	0	108	60	60	19.51	0		0.015100
8	15	8	0	0	60	0	108	60	60	19.51	0		0.015100
59	112	8	0	0	0	60	108	60	60	19.51	0		0.015100
195	387	8	0	0	60	60	108	60	60	19.51	0		0.015100
59	113	8	0	0	0	120	108	60	60	19.51	0		0.015100
156	304	8	0	0	60	120	108	60	60	19.51	0		0.015100
169	330	8	0	108	0	0	108	60	60	19.51	0		0.015100
98	191	4	0	108	60	0	60	60	60	1.80	0		0.002500
59	110	4	0	108	0	60	60	60	60	1.80	0		0.002500
26	45	4	0	108	60	60	60	60	60	1.80	0		0.002500
169	329	4	0	108	0	120	60	60	60	1.80	0		0.002500
46	81	4	0	108	60	120	60	60	60	1.80	0		0.002500
82	157	4	0	168	60	0	60	60	60	1.80	0		0.002500
82	158	5	0	168	0	60	57	57	50	3.61	0		0.005600
118	227	5	0	168	57	60	57	57	50	3.61	0		0.005600
26	46	5	0	168	0	110	57	57	50	3.61	0		0.005600
21	35	5	0	168	57	110	57	57	50	3.61	0		0.005600
7	13	2	0	0	120	0	47	40	48	3.05	0		0.008100
86	166	2	0	0	120	48	47	40	48	3.05	0		0.008100
195	386	2	0	0	120	96	47	40	48	3.05	0		0.008100
134	258	2	0	47	120	0	47	40	48	3.05	0		0.008100
63	119	2	0	47	120	48	47	40	48	3.05	0		0.008100
49	87	2	0	47	120	96	47	40	48	3.05	0		0.008100
86	165	1	1	0	120	144	47	54	22	4.59	0		0.009000
59	111	6	0	94	120	0	30	53	56	1.71	0		0.005400
28	50	6	0	94	120	56	30	53	56	1.71	0		0.005400
134	259	6	0	94	120	112	30	53	56	1.71	0		0.005400
7	14	6	0	124	120	0	30	53	56	1.71	0		0.005400
104	204	6	0	124	120	56	30	53	56	1.71	0		0.005400
19	32	6	0	124	120	112	30	53	56	1.71	0		0.005400
169	331	10	0	154	120	0	40	36	56	1.12	0		0.003900
98	193	10	0	154	120	56	40	36	56	1.12	0		0.003900
98	192	10	0	154	120	112	40	36	56	1.12	0		0.003900
49	89	10	0	194	120	0	40	36	56	1.12	0		0.003900
49	88	10	0	194	120	56	40	36	56	1.12	0		0.003900
59	109	3	0	194	114	112	30	40	57	3.81	0		0.015900
151	295	3	0	216	0	0	30	40	57	3.81	0		0.015900
37	67	3	0	228	60	0	30	40	57	3.81	0		0.015900
131	253	3	0	228	60	57	30	40	57	3.81	0		0.015900
104	203	3	0	228	60	114	30	40	57	3.81	0		0.015900
190	377	3	0	234	120	0	30	40	57	3.81	0		0.015900
77	144	1	0	0	120	166	47	54	22	4.59	0		0.009000
49	86	2	0	246	0	0	47	40	48	3.05	0		0.008100
195	385	1	0	94	120	168	47	54	22	4.59	0		0.009000
60	114	1	0	141	120	168	47	54	22	4.59	0		0.009000
183	364	7	0	168	0	160	22	56	29	4.68	0		0.019000
157	305	7	0	168	56	160	22	56	29	4.68	0		0.019000
186	368	7	0	190	0	160	22	56	29	4.68	0		0.019000
199	398	7	0	190	56	160	22	56	29	4.68	0		0.019000
195	389	9	0	246	0	48	46	39	56	1.79	1		0.001000
195	388	9	0	246	0	104	46	39	56	1.79	1		0.001000
5	9	9	0	258	60	0	46	39	56	1.79	1		0.001000
77	146	9	0	258	60	56	46	39	56	1.79	1		0.001000
77	145	9	0	258	60	112	46	39	56	1.79	1		0.001000


-------------------------------------------------------------------------------------------------------------------
Tour_Id:			5
No_of_Customers:		30
No_of_Items:			65
Customer_Sequence:		2 198 53 75 112 133 176 16 170 47 159 105 94 39 67 40 48 57 100 106 194 10 97 144 173 150 51 137 167 175 

CustId	Id	TypeId	Rotated	x	y	z	Length	Width	Height	mass	Fragility	LoadBearingStrength
97	190	8	0	0	0	0	108	60	60	19.51	0		0.015100
144	281	8	0	0	60	0	108	60	60	19.51	0		0.015100
57	105	8	0	0	0	60	108	60	60	19.51	0		0.015100
57	106	8	0	0	60	60	108	60	60	19.51	0		0.015100
16	27	4	0	0	0	120	60	60	60	1.80	0		0.002500
100	196	4	0	0	60	120	60	60	60	1.80	0		0.002500
67	124	1	0	0	120	0	47	54	22	4.59	0		0.009000
150	293	4	0	60	0	120	60	60	60	1.80	0		0.002500
150	292	4	0	60	60	120	60	60	60	1.80	0		0.002500
39	70	4	0	108	0	0	60	60	60	1.80	0		0.002500
75	142	5	0	108	60	0	57	57	50	3.61	0		0.005600
144	280	5	0	108	117	0	57	57	50	3.61	0		0.005600
137	265	5	0	108	60	50	57	57	50	3.61	0		0.005600
10	18	5	0	108	117	50	57	57	50	3.61	0		0.005600
170	332	2	0	0	120	22	47	40	48	3.05	0		0.008100
40	72	2	0	0	120	70	47	40	48	3.05	0		0.008100
47	83	2	0	0	120	118	47	40	48	3.05	0		0.008100
94	181	2	0	47	120	0	47	40	48	3.05	0		0.008100
194	384	9	0	47	120	48	46	39	56	1.79	1		0.001000
105	205	2	0	108	0	60	47	40	48	3.05	0		0.008100
175	342	2	0	165	60	0	47	40	48	3.05	0		0.008100
106	206	2	0	165	100	0	47	40	48	3.05	0		0.008100
194	383	2	0	165	60	48	47	40	48	3.05	0		0.008100
10	17	2	0	165	100	48	47	40	48	3.05	0		0.008100
173	338	2	0	165	60	96	47	40	48	3.05	0		0.008100
198	396	2	0	165	100	96	47	40	48	3.05	0		0.008100
2	3	2	0	168	0	0	47	40	48	3.05	0		0.008100
176	347	6	1	165	140	0	30	53	56	1.71	0		0.005400
57	104	6	1	165	140	56	30	53	56	1.71	0		0.005400
150	294	6	1	165	140	112	30	53	56	1.71	0		0.005400
198	397	6	0	168	0	48	30	53	56	1.71	0		0.005400
175	343	7	0	165	60	144	22	56	29	4.68	0		0.019000
159	309	6	0	168	0	104	30	53	56	1.71	0		0.005400
112	215	10	0	212	60	0	40	36	56	1.12	0		0.003900
53	93	10	0	212	96	0	40	36	56	1.12	0		0.003900
2	4	10	0	212	60	56	40	36	56	1.12	0		0.003900
94	184	10	0	212	96	56	40	36	56	1.12	0		0.003900
48	85	10	0	212	60	112	40	36	56	1.12	0		0.003900
94	182	3	0	212	96	112	30	40	57	3.81	0		0.015900
150	291	3	0	215	0	0	30	40	57	3.81	0		0.015900
75	140	3	0	215	0	57	30	40	57	3.81	0		0.015900
75	139	3	0	215	0	114	30	40	57	3.81	0		0.015900
100	195	3	1	218	140	0	30	40	57	3.81	0		0.015900
133	255	1	0	245	0	0	47	54	22	4.59	0		0.009000
51	91	1	0	245	0	22	47	54	22	4.59	0		0.009000
198	395	1	0	245	0	44	47	54	22	4.59	0		0.009000
133	256	1	0	245	0	66	47	54	22	4.59	0		0.009000
176	346	1	0	245	0	88	47	54	22	4.59	0		0.009000
176	345	1	0	245	0	110	47	54	22	4.59	0		0.009000
47	82	1	0	245	0	132	47	54	22	4.59	0		0.009000
75	141	4	0	252	60	0	60	60	60	1.80	0		0.002500
167	325	6	1	218	140	57	30	53	56	1.71	0		0.005400
137	266	7	0	168	0	160	22	56	29	4.68	0		0.019000
159	310	7	0	187	60	144	22	56	29	4.68	0		0.019000
173	339	7	1	218	136	113	22	56	29	4.68	0		0.019000
97	189	7	1	218	136	142	22	56	29	4.68	0		0.019000
133	257	7	0	245	0	154	22	56	29	4.68	0		0.019000
94	183	7	0	252	54	60	22	56	29	4.68	0		0.019000
176	348	7	0	252	54	89	22	56	29	4.68	0		0.019000
106	207	7	0	252	54	118	22	56	29	4.68	0		0.019000
47	84	9	0	47	120	104	46	39	56	1.79	1		0.001000
57	103	2	1	271	120	0	47	40	48	3.05	0		0.008100
170	333	9	1	271	120	48	46	39	56	1.79	1		0.001000
39	71	9	1	274	54	60	46	39	56	1.79	1		0.001000
175	344	9	1	274	54	116	46	39	56	1.79	1		0.001000


-------------------------------------------------------------------------------------------------------------------
Tour_Id:			6
No_of_Customers:		33
No_of_Items:			63
Customer_Sequence:		14 182 136 25 17 18 102 192 81 123 164 95 166 177 34 189 124 122 129 65 142 160 45 62 87 56 43 13 50 76 70 174 85 

CustId	Id	TypeId	Rotated	x	y	z	Length	Width	Height	mass	Fragility	LoadBearingStrength
182	362	8	0	0	0	0	108	60	60	19.51	0		0.015100
189	376	8	0	0	60	0	108	60	60	19.51	0		0.015100
95	185	8	0	0	0	60	108	60	60	19.51	0		0.015100
123	237	8	0	0	60	60	108	60	60	19.51	0		0.015100
129	251	4	0	0	0	120	60	60	60	1.80	0		0.002500
142	277	4	0	0	60	120	60	60	60	1.80	0		0.002500
25	43	4	0	60	0	120	60	60	60	1.80	0		0.002500
160	311	4	0	60	60	120	60	60	60	1.80	0		0.002500
85	163	5	0	108	0	0	57	57	50	3.61	0		0.005600
124	239	5	0	108	57	0	57	57	50	3.61	0		0.005600
142	278	5	0	108	114	0	57	57	50	3.61	0		0.005600
160	312	5	0	108	0	50	57	57	50	3.61	0		0.005600
87	167	5	0	108	57	50	57	57	50	3.61	0		0.005600
182	360	5	0	108	114	50	57	57	50	3.61	0		0.005600
56	99	2	0	0	120	0	47	40	48	3.05	0		0.008100
192	380	2	0	0	120	48	47	40	48	3.05	0		0.008100
45	79	2	0	0	120	96	47	40	48	3.05	0		0.008100
102	200	2	0	47	120	0	47	40	48	3.05	0		0.008100
50	90	2	0	47	120	48	47	40	48	3.05	0		0.008100
81	156	6	0	47	120	96	30	53	56	1.71	0		0.005400
56	100	6	0	165	0	0	30	53	56	1.71	0		0.005400
34	62	6	0	165	53	0	30	53	56	1.71	0		0.005400
18	31	6	0	165	106	0	30	53	56	1.71	0		0.005400
85	164	6	0	165	0	56	30	53	56	1.71	0		0.005400
123	238	10	0	165	53	56	40	36	56	1.12	0		0.003900
164	320	10	0	165	89	56	40	36	56	1.12	0		0.003900
182	363	10	0	165	0	112	40	36	56	1.12	0		0.003900
124	240	10	0	165	36	112	40	36	56	1.12	0		0.003900
14	25	10	0	165	72	112	40	36	56	1.12	0		0.003900
65	122	10	0	195	0	0	40	36	56	1.12	0		0.003900
160	313	10	0	195	36	0	40	36	56	1.12	0		0.003900
70	131	10	0	195	72	0	40	36	56	1.12	0		0.003900
62	118	10	0	195	108	0	40	36	56	1.12	0		0.003900
13	24	10	0	165	125	56	40	36	56	1.12	0		0.003900
56	102	10	0	165	108	112	40	36	56	1.12	0		0.003900
87	168	10	0	195	0	56	40	36	56	1.12	0		0.003900
85	162	3	0	205	53	56	30	40	57	3.81	0		0.015900
174	340	3	0	205	93	56	30	40	57	3.81	0		0.015900
174	341	3	0	205	0	112	30	40	57	3.81	0		0.015900
136	263	3	0	205	53	113	30	40	57	3.81	0		0.015900
17	28	3	0	205	93	113	30	40	57	3.81	0		0.015900
76	143	3	0	235	0	0	30	40	57	3.81	0		0.015900
102	201	3	0	235	40	0	30	40	57	3.81	0		0.015900
34	61	3	0	235	80	0	30	40	57	3.81	0		0.015900
45	80	3	0	235	120	0	30	40	57	3.81	0		0.015900
177	349	3	0	235	0	57	30	40	57	3.81	0		0.015900
62	117	3	0	235	40	57	30	40	57	3.81	0		0.015900
164	319	3	0	235	80	57	30	40	57	3.81	0		0.015900
123	236	3	0	235	120	57	30	40	57	3.81	0		0.015900
166	324	3	0	235	0	114	30	40	57	3.81	0		0.015900
166	323	1	0	265	0	0	47	54	22	4.59	0		0.009000
70	130	1	0	265	54	0	47	54	22	4.59	0		0.009000
18	30	1	0	265	108	0	47	54	22	4.59	0		0.009000
102	199	1	0	265	0	22	47	54	22	4.59	0		0.009000
102	198	1	0	265	54	22	47	54	22	4.59	0		0.009000
65	121	1	0	265	108	22	47	54	22	4.59	0		0.009000
25	44	7	0	235	40	114	22	56	29	4.68	0		0.019000
136	264	7	0	235	96	114	22	56	29	4.68	0		0.019000
182	361	7	0	235	40	143	22	56	29	4.68	0		0.019000
17	29	9	0	265	0	44	46	39	56	1.79	1		0.001000
122	235	9	0	265	39	44	46	39	56	1.79	1		0.001000
43	75	9	0	265	78	44	46	39	56	1.79	1		0.001000
56	101	9	0	265	117	44	46	39	56	1.79	1		0.001000


-------------------------------------------------------------------------------------------------------------------
Tour_Id:			7
No_of_Customers:		29
No_of_Items:			58
Customer_Sequence:		72 99 185 130 89 196 179 1 161 111 61 71 158 200 128 139 146 125 163 54 180 90 155 117 141 91 92 171 64 

CustId	Id	TypeId	Rotated	x	y	z	Length	Width	Height	mass	Fragility	LoadBearingStrength
91	176	8	0	0	0	0	108	60	60	19.51	0		0.015100
161	315	8	0	0	60	0	108	60	60	19.51	0		0.015100
141	276	8	0	0	0	60	108	60	60	19.51	0		0.015100
117	224	8	0	0	60	60	108	60	60	19.51	0		0.015100
89	172	8	0	0	0	120	108	60	60	19.51	0		0.015100
200	400	8	0	0	60	120	108	60	60	19.51	0		0.015100
155	301	8	0	108	0	0	108	60	60	19.51	0		0.015100
92	177	4	0	108	60	0	60	60	60	1.80	0		0.002500
99	194	4	0	108	0	60	60	60	60	1.80	0		0.002500
139	271	4	0	108	60	60	60	60	60	1.80	0		0.002500
128	248	4	0	108	0	120	60	60	60	1.80	0		0.002500
185	366	3	0	0	120	0	30	40	57	3.81	0		0.015900
146	283	5	0	108	60	120	57	57	50	3.61	0		0.005600
90	173	5	0	168	60	0	57	57	50	3.61	0		0.005600
128	249	5	0	168	117	0	57	57	50	3.61	0		0.005600
130	252	5	0	168	60	50	57	57	50	3.61	0		0.005600
185	367	5	0	168	117	50	57	57	50	3.61	0		0.005600
111	214	5	0	168	0	60	57	57	50	3.61	0		0.005600
141	275	7	1	30	120	0	22	56	29	4.68	0		0.019000
1	1	2	0	86	120	0	47	40	48	3.05	0		0.008100
171	334	2	0	86	120	48	47	40	48	3.05	0		0.008100
163	318	2	0	86	120	96	47	40	48	3.05	0		0.008100
54	95	2	0	168	60	100	47	40	48	3.05	0		0.008100
196	390	2	0	168	100	100	47	40	48	3.05	0		0.008100
141	274	2	0	168	0	110	47	40	48	3.05	0		0.008100
179	352	6	0	0	120	57	30	53	56	1.71	0		0.005400
179	351	6	0	0	120	113	30	53	56	1.71	0		0.005400
200	399	6	1	30	142	0	30	53	56	1.71	0		0.005400
91	174	6	1	30	142	56	30	53	56	1.71	0		0.005400
71	133	6	1	30	142	112	30	53	56	1.71	0		0.005400
179	353	10	0	216	0	0	40	36	56	1.12	0		0.003900
155	303	10	0	225	60	0	40	36	56	1.12	0		0.003900
196	392	10	0	225	96	0	40	36	56	1.12	0		0.003900
117	226	10	0	225	132	0	40	36	56	1.12	0		0.003900
125	241	3	0	133	120	0	30	40	57	3.81	0		0.015900
128	247	3	0	133	120	57	30	40	57	3.81	0		0.015900
61	115	5	0	256	0	0	57	57	50	3.61	0		0.005600
72	135	1	0	165	60	148	47	54	22	4.59	0		0.009000
71	132	1	0	225	60	56	47	54	22	4.59	0		0.009000
117	223	1	0	225	114	56	47	54	22	4.59	0		0.009000
54	94	1	0	225	60	78	47	54	22	4.59	0		0.009000
61	116	7	1	30	120	29	22	56	29	4.68	0		0.019000
92	178	7	1	30	120	58	22	56	29	4.68	0		0.019000
91	175	7	1	30	120	87	22	56	29	4.68	0		0.019000
158	306	2	0	215	57	100	47	40	48	3.05	0		0.008100
89	171	7	1	30	120	116	22	56	29	4.68	0		0.019000
180	354	7	1	30	120	145	22	56	29	4.68	0		0.019000
158	307	7	1	86	120	144	22	56	29	4.68	0		0.019000
158	308	7	1	165	114	148	22	56	29	4.68	0		0.019000
161	314	7	1	168	140	100	22	56	29	4.68	0		0.019000
180	355	9	0	225	114	78	46	39	56	1.79	1		0.001000
128	250	9	0	225	114	134	46	39	56	1.79	1		0.001000
196	391	9	0	256	0	50	46	39	56	1.79	1		0.001000
155	302	9	0	256	0	106	46	39	56	1.79	1		0.001000
1	2	9	1	272	57	0	46	39	56	1.79	1		0.001000
117	225	9	1	272	103	0	46	39	56	1.79	1		0.001000
71	134	9	1	272	57	56	46	39	56	1.79	1		0.001000
64	120	9	1	272	103	56	46	39	56	1.79	1		0.001000


