Name:				29_Manual_n50_m300_bt100_4
Problem:			3L-VRPTW
Number_of_used_Vehicles:	6
Total_Travel_Distance:		92.7969
Total_Unloading_Effort:		40.782
Total_Travel_Time:		405.994
Calculation_Time:			3600
Total_Iterations:		754
ConstraintSet:			P22

-------------------------------------------------------------------------------------------------------------------
Tour_Id:			1
No_of_Customers:		9
No_of_Items:			53
Customer_Sequence:		32 14 36 30 48 39 7 38 41 

CustId	Id	TypeId	Rotated	x	y	z	Length	Width	Height	mass	Fragility	LoadBearingStrength
30	172	48	0	0	0	0	114	60	60	8.58	0		0.006300
38	223	48	0	0	60	0	114	60	60	8.58	0		0.006300
38	222	42	0	0	0	60	108	60	60	4.73	0		0.003600
48	285	80	0	0	60	60	107	60	60	19.76	0		0.015400
39	231	52	0	0	0	120	101	60	60	21.70	0		0.017900
7	36	52	0	0	60	120	101	60	60	21.70	0		0.017900
7	37	52	0	114	0	0	101	60	60	21.70	0		0.017900
48	283	27	0	108	0	60	96	60	60	16.25	0		0.014100
36	214	96	0	101	0	120	87	60	60	10.33	0		0.009900
36	208	13	0	0	120	0	34	36	56	3.78	0		0.015400
14	74	24	0	34	120	0	44	44	53	1.17	0		0.003000
41	247	71	0	114	60	0	73	60	60	21.98	0		0.025100
39	235	98	0	107	60	60	73	60	60	13.37	0		0.015300
41	248	83	0	101	60	120	68	60	60	5.82	0		0.007100
32	186	70	0	187	60	0	64	60	60	19.51	0		0.025400
36	207	5	0	0	120	56	31	38	34	2.06	0		0.008700
30	171	26	0	180	60	60	62	60	60	13.34	0		0.017900
41	249	95	0	34	120	53	52	44	57	3.93	0		0.008600
30	170	24	0	34	120	110	44	44	53	1.17	0		0.003000
48	282	24	0	78	120	0	44	44	53	1.17	0		0.003000
30	173	67	0	169	60	120	82	60	60	15.74	0		0.016000
7	35	13	0	0	120	90	34	36	56	3.78	0		0.015400
14	76	50	0	122	120	0	53	40	42	1.30	0		0.003100
14	75	50	0	122	120	42	53	40	42	1.30	0		0.003100
36	213	88	0	122	120	84	54	45	33	2.89	0		0.006000
36	211	59	1	122	120	117	43	59	31	2.73	0		0.005400
39	232	78	0	122	120	148	54	38	35	4.62	0		0.011300
7	38	96	0	215	0	0	87	60	60	10.33	0		0.009900
48	281	17	1	86	120	53	49	35	56	2.80	0		0.008200
39	229	41	0	175	120	0	57	24	46	4.96	0		0.018100
30	169	11	0	86	120	109	36	49	35	3.64	0		0.010300
32	183	2	0	175	144	0	35	30	56	1.49	0		0.007100
39	233	81	0	204	0	60	27	55	36	1.96	0		0.006600
32	187	94	0	0	120	146	34	34	43	1.97	0		0.008500
41	246	38	0	34	120	163	34	45	27	1.22	0		0.004000
36	212	70	0	231	0	60	64	60	60	19.51	0		0.025400
39	227	14	0	78	120	144	42	25	34	2.14	0		0.010200
38	224	56	0	204	0	96	27	59	20	2.19	0		0.006900
36	209	39	1	175	144	56	30	44	22	1.80	0		0.006800
39	228	39	1	210	144	0	30	44	22	1.80	0		0.006800
48	286	90	1	78	145	144	21	36	34	2.52	0		0.016700
7	39	100	0	175	120	46	21	24	33	1.06	0		0.010500
48	284	51	1	196	120	46	24	28	20	4.33	0		0.032200
36	210	51	1	196	120	66	24	28	20	4.33	0		0.032200
39	230	49	0	196	120	86	24	26	20	2.18	0		0.017400
41	245	28	0	231	0	120	60	32	35	4.98	1		0.002600
41	244	21	1	181	146	78	27	32	60	2.43	1		0.002800
32	184	36	0	231	0	155	36	32	22	1.35	1		0.001200
38	221	37	1	188	0	120	50	20	24	4.44	1		0.004400
38	226	93	0	196	120	106	20	21	56	2.30	1		0.005500
32	185	69	0	251	60	0	62	60	60	10.49	1		0.002800
38	225	92	1	251	60	60	69	60	60	17.59	1		0.004200
39	234	85	1	251	32	120	111	60	60	6.56	1		0.001000


-------------------------------------------------------------------------------------------------------------------
Tour_Id:			2
No_of_Customers:		7
No_of_Items:			49
Customer_Sequence:		23 22 44 20 4 34 49 

CustId	Id	TypeId	Rotated	x	y	z	Length	Width	Height	mass	Fragility	LoadBearingStrength
44	266	44	0	0	0	0	114	60	60	12.36	0		0.009000
49	291	80	0	0	60	0	107	60	60	19.76	0		0.015400
20	111	80	0	0	0	60	107	60	60	19.76	0		0.015400
23	132	73	0	0	60	60	98	60	60	21.14	0		0.018000
22	126	53	0	0	120	0	28	23	54	3.06	0		0.023800
34	198	63	0	0	0	120	89	60	60	19.35	0		0.018100
44	270	96	0	0	60	120	87	60	60	10.33	0		0.009900
20	113	96	0	107	60	0	87	60	60	10.33	0		0.009900
34	197	61	0	0	143	0	32	21	41	1.49	1		0.002200
34	193	17	0	32	120	0	49	35	56	2.80	0		0.008200
20	112	83	0	98	60	60	68	60	60	5.82	0		0.007100
20	108	24	0	32	120	56	44	44	53	1.17	0		0.003000
49	288	26	0	87	60	120	62	60	60	13.34	0		0.017900
4	22	68	0	32	120	109	31	33	22	4.02	0		0.019700
34	202	91	0	81	120	0	35	53	53	1.77	0		0.004800
44	263	17	1	81	120	53	49	35	56	2.80	0		0.008200
44	267	45	0	114	0	0	79	60	60	2.45	0		0.002600
49	290	65	0	63	120	109	58	29	54	2.46	0		0.007300
44	265	43	0	107	0	60	36	49	51	1.83	0		0.005200
34	195	50	1	107	0	111	53	40	42	1.30	0		0.003100
4	20	30	0	107	0	153	42	57	31	1.57	0		0.003300
23	128	15	1	116	120	0	31	59	37	3.32	0		0.009100
44	268	46	0	116	120	37	52	36	31	4.11	0		0.011000
34	201	72	1	116	120	68	25	53	37	3.48	0		0.013100
44	269	94	0	143	0	60	34	34	43	1.97	0		0.008500
20	110	46	1	166	60	60	52	36	31	4.11	0		0.011000
4	19	4	0	63	120	163	60	31	26	3.61	0		0.009700
20	114	97	0	63	149	109	53	21	43	2.46	0		0.011000
4	24	97	0	123	120	105	53	21	43	2.46	0		0.011000
23	129	31	1	32	120	131	34	23	46	3.91	0		0.025000
34	194	27	0	193	0	0	96	60	60	16.25	0		0.014100
22	125	53	0	0	120	54	28	23	54	3.06	0		0.023800
44	264	35	0	0	120	108	26	27	47	2.60	0		0.018500
23	131	56	0	166	60	91	27	59	20	2.19	0		0.006900
34	199	64	0	0	120	155	32	26	35	4.31	0		0.025900
34	196	58	0	177	0	60	63	60	60	8.82	0		0.011700
4	21	57	0	166	60	111	30	30	25	2.85	0		0.015800
22	124	51	0	123	120	148	24	28	20	4.33	0		0.032200
23	130	49	0	123	120	168	24	26	20	2.18	0		0.017400
49	292	92	0	177	0	120	69	60	60	17.59	1		0.004200
20	109	29	0	194	60	0	57	57	54	2.19	1		0.000700
22	123	18	0	175	120	0	45	53	28	3.43	1		0.001400
44	262	3	0	175	120	28	45	31	20	4.27	1		0.003100
34	200	66	1	251	60	0	84	60	60	2.35	0		0.002300
49	289	36	0	166	60	136	36	32	22	1.35	1		0.001200
22	127	93	0	0	143	41	20	21	56	2.30	1		0.005500
4	23	93	0	166	92	111	20	21	56	2.30	1		0.005500
49	287	1	1	240	0	60	116	60	60	18.74	1		0.002700
44	261	1	1	246	0	120	116	60	60	18.74	1		0.002700


-------------------------------------------------------------------------------------------------------------------
Tour_Id:			3
No_of_Customers:		10
No_of_Items:			58
Customer_Sequence:		12 37 15 50 11 33 26 45 17 5 

CustId	Id	TypeId	Rotated	x	y	z	Length	Width	Height	mass	Fragility	LoadBearingStrength
37	218	44	0	0	0	0	114	60	60	12.36	0		0.009000
17	91	16	0	0	60	0	109	60	60	4.73	0		0.003600
45	272	16	0	0	0	60	109	60	60	4.73	0		0.003600
11	58	80	0	0	60	60	107	60	60	19.76	0		0.015400
5	27	32	0	0	0	120	106	60	60	4.93	0		0.003900
15	79	84	0	0	60	120	91	60	60	10.66	0		0.009800
17	93	45	0	109	60	0	79	60	60	2.45	0		0.002600
12	66	98	0	107	60	60	73	60	60	13.37	0		0.015300
12	64	83	0	91	60	120	68	60	60	5.82	0		0.007100
26	148	83	0	114	0	0	68	60	60	5.82	0		0.007100
33	190	54	0	109	0	60	67	60	60	4.36	0		0.005400
50	300	58	0	106	0	120	63	60	60	8.82	0		0.011700
11	54	25	0	182	0	0	63	60	60	11.45	0		0.015100
50	298	26	0	176	0	60	62	60	60	13.34	0		0.017900
11	53	22	0	0	120	0	52	49	55	4.72	0		0.009300
12	61	22	0	0	120	55	52	49	55	4.72	0		0.009300
26	150	95	0	0	120	110	52	44	57	3.93	0		0.008600
45	274	47	0	169	0	120	57	59	34	3.97	0		0.005900
15	80	88	0	52	120	0	54	45	33	2.89	0		0.006000
11	57	59	1	52	120	33	43	59	31	2.73	0		0.005400
37	215	15	1	52	120	64	31	59	37	3.32	0		0.009100
33	188	12	1	52	120	101	40	54	29	3.97	0		0.009200
50	294	2	0	52	120	130	35	30	56	1.49	0		0.007100
50	293	2	0	111	120	0	35	30	56	1.49	0		0.007100
50	299	46	0	146	120	0	52	36	31	4.11	0		0.011000
11	59	81	1	146	120	31	27	55	36	1.96	0		0.006600
37	220	76	0	169	0	154	43	42	29	4.54	0		0.012600
45	276	94	0	111	120	56	34	34	43	1.97	0		0.008500
37	219	72	1	146	120	67	25	53	37	3.48	0		0.013100
33	192	72	1	146	120	104	25	53	37	3.48	0		0.013100
15	78	74	0	87	120	130	24	34	59	4.53	0		0.027800
12	60	5	0	111	120	99	31	38	34	2.06	0		0.008700
45	271	5	0	111	120	133	31	38	34	2.06	0		0.008700
26	147	60	0	146	120	141	54	25	27	2.81	0		0.010400
33	191	60	1	159	60	120	54	25	27	2.81	0		0.010400
17	92	31	0	111	150	0	34	23	46	3.91	0		0.025000
12	62	31	0	188	60	0	34	23	46	3.91	0		0.025000
33	189	14	1	159	60	147	42	25	34	2.14	0		0.010200
5	28	53	0	188	83	0	28	23	54	3.06	0		0.023800
45	275	53	0	188	60	46	28	23	54	3.06	0		0.023800
5	29	56	1	146	120	168	27	59	20	2.19	0		0.006900
15	81	90	1	188	83	54	21	36	34	2.52	0		0.016700
17	95	68	0	0	120	167	31	33	22	4.02	0		0.019700
17	94	49	0	111	120	167	24	26	20	2.18	0		0.017400
12	63	49	0	188	83	88	24	26	20	2.18	0		0.017400
11	56	49	0	188	83	108	24	26	20	2.18	0		0.017400
15	77	6	0	205	106	0	86	60	60	7.29	1		0.001400
50	296	6	1	245	0	0	86	60	60	7.29	1		0.001400
26	149	87	1	238	0	60	83	60	60	1.35	1		0.000300
5	26	28	0	226	0	120	60	32	35	4.98	1		0.002600
11	55	28	0	212	0	155	60	32	35	4.98	1		0.002600
37	217	28	0	226	32	120	60	32	35	4.98	1		0.002600
37	216	19	0	201	104	60	42	50	24	1.11	1		0.000500
45	273	19	1	226	32	155	42	50	24	1.11	1		0.000500
50	295	3	0	243	104	60	45	31	20	4.27	1		0.003100
12	65	93	0	188	60	100	20	21	56	2.30	1		0.005500
5	25	21	0	243	135	60	27	32	60	2.43	1		0.002800
50	297	21	1	243	104	80	27	32	60	2.43	1		0.002800


-------------------------------------------------------------------------------------------------------------------
Tour_Id:			4
No_of_Customers:		7
No_of_Items:			40
Customer_Sequence:		10 1 18 25 24 28 8 

CustId	Id	TypeId	Rotated	x	y	z	Length	Width	Height	mass	Fragility	LoadBearingStrength
25	140	16	0	0	0	0	109	60	60	4.73	0		0.003600
8	40	42	0	0	60	0	108	60	60	4.73	0		0.003600
25	146	80	0	0	0	60	107	60	60	19.76	0		0.015400
24	133	9	0	0	60	60	101	60	60	20.59	0		0.017000
24	136	45	0	0	0	120	79	60	60	2.45	0		0.002600
8	43	96	0	0	60	120	87	60	60	10.33	0		0.009900
1	1	39	0	0	120	0	30	44	22	1.80	0		0.006800
18	101	45	0	108	60	0	79	60	60	2.45	0		0.002600
18	100	45	0	101	60	60	79	60	60	2.45	0		0.002600
10	51	63	0	87	60	120	89	60	60	19.35	0		0.018100
28	161	89	0	109	0	0	78	60	60	18.74	0		0.020000
8	44	98	0	107	0	60	73	60	60	13.37	0		0.015300
28	158	71	0	79	0	120	73	60	60	21.98	0		0.025100
24	137	58	0	187	0	0	63	60	60	8.82	0		0.011700
18	98	25	0	180	0	60	63	60	60	11.45	0		0.015100
25	142	25	0	152	0	120	63	60	60	11.45	0		0.015100
1	2	55	0	30	120	0	53	54	51	3.62	0		0.006300
18	97	24	0	30	120	51	44	44	53	1.17	0		0.003000
18	99	43	0	30	120	104	36	49	51	1.83	0		0.005200
24	134	15	1	83	120	0	31	59	37	3.32	0		0.009100
1	3	56	1	83	120	37	27	59	20	2.19	0		0.006900
28	159	76	0	30	120	155	43	42	29	4.54	0		0.012600
24	138	72	0	0	120	22	25	53	37	3.48	0		0.013100
8	42	72	0	0	120	59	25	53	37	3.48	0		0.013100
24	139	97	1	0	120	96	53	21	43	2.46	0		0.011000
28	157	35	0	0	120	139	26	27	47	2.60	0		0.018500
28	155	15	1	83	120	57	31	59	37	3.32	0		0.009100
18	96	7	0	187	60	0	87	60	60	18.88	0		0.018100
25	145	62	0	83	151	0	20	23	58	1.24	0		0.013500
8	41	51	1	0	147	139	24	28	20	4.33	0		0.032200
24	135	40	0	0	147	159	23	23	20	4.35	0		0.041100
10	52	87	0	180	60	60	83	60	60	1.35	1		0.000300
28	160	87	0	176	60	120	83	60	60	1.35	1		0.000300
28	156	18	0	142	120	0	45	53	28	3.43	1		0.001400
25	141	19	0	142	120	28	42	50	24	1.11	1		0.000500
25	144	61	0	83	120	94	32	21	41	1.49	1		0.002200
18	103	93	0	83	151	58	20	21	56	2.30	1		0.005500
25	143	29	0	250	0	0	57	57	54	2.19	1		0.000700
10	50	29	0	250	0	54	57	57	54	2.19	1		0.000700
18	102	92	0	243	0	108	69	60	60	17.59	1		0.004200


-------------------------------------------------------------------------------------------------------------------
Tour_Id:			5
No_of_Customers:		11
No_of_Items:			56
Customer_Sequence:		42 43 27 46 31 29 6 19 47 35 21 

CustId	Id	TypeId	Rotated	x	y	z	Length	Width	Height	mass	Fragility	LoadBearingStrength
31	175	16	0	0	0	0	109	60	60	4.73	0		0.003600
35	203	16	0	0	60	0	109	60	60	4.73	0		0.003600
29	165	80	0	0	0	60	107	60	60	19.76	0		0.015400
31	181	80	0	0	60	60	107	60	60	19.76	0		0.015400
46	277	86	0	0	0	120	96	60	60	7.30	0		0.006300
6	33	96	0	0	60	120	87	60	60	10.33	0		0.009900
6	31	62	0	0	120	0	20	23	58	1.24	0		0.013500
29	164	67	0	109	0	0	82	60	60	15.74	0		0.016000
6	32	67	0	107	0	60	82	60	60	15.74	0		0.016000
27	153	93	0	0	143	0	20	21	56	2.30	1		0.005500
27	151	10	0	96	0	120	74	60	60	11.92	0		0.013400
42	254	98	0	109	60	0	73	60	60	13.37	0		0.015300
35	206	98	0	107	60	60	73	60	60	13.37	0		0.015300
43	257	25	0	87	60	120	63	60	60	11.45	0		0.015100
29	162	55	0	20	120	0	53	54	51	3.62	0		0.006300
31	179	76	0	20	120	51	43	42	29	4.54	0		0.012600
42	252	47	0	182	60	0	57	59	34	3.97	0		0.005900
47	278	17	0	20	120	80	49	35	56	2.80	0		0.008200
43	258	65	0	20	120	136	58	29	54	2.46	0		0.007300
42	251	43	0	73	120	0	36	49	51	1.83	0		0.005200
21	119	59	1	109	120	0	43	59	31	2.73	0		0.005400
19	105	13	0	69	120	51	34	36	56	3.78	0		0.015400
43	259	77	0	109	120	31	42	37	44	3.03	0		0.009800
43	260	77	0	103	120	75	42	37	44	3.03	0		0.009800
42	250	15	0	150	60	120	31	59	37	3.32	0		0.009100
47	279	41	0	168	120	0	57	24	46	4.96	0		0.018100
19	104	12	0	150	60	157	40	54	29	3.97	0		0.009200
31	174	12	0	182	60	34	40	54	29	3.97	0		0.009200
29	166	81	1	103	120	119	27	55	36	1.96	0		0.006600
31	182	81	1	168	144	0	27	55	36	1.96	0		0.006600
21	120	76	0	180	60	63	43	42	29	4.54	0		0.012600
31	180	76	0	191	0	0	43	42	29	4.54	0		0.012600
21	122	95	0	191	0	29	52	44	57	3.93	0		0.008600
21	116	20	1	168	144	36	22	42	55	4.31	0		0.023300
35	205	94	0	189	0	86	34	34	43	1.97	0		0.008500
27	154	94	0	189	0	129	34	34	43	1.97	0		0.008500
31	178	72	1	223	144	0	25	53	37	3.48	0		0.013100
47	280	97	0	168	120	46	53	21	43	2.46	0		0.011000
43	256	5	1	103	120	155	31	38	34	2.06	0		0.008700
27	152	19	0	180	60	92	42	50	24	1.11	1		0.000500
21	117	31	0	168	120	89	34	23	46	3.91	0		0.025000
19	106	31	0	168	144	91	34	23	46	3.91	0		0.025000
29	163	56	1	223	144	37	27	59	20	2.19	0		0.006900
35	204	56	1	223	144	57	27	59	20	2.19	0		0.006900
21	118	39	0	69	120	107	30	44	22	1.80	0		0.006800
21	115	8	1	222	60	34	58	20	24	3.26	0		0.014100
29	168	90	1	168	120	135	21	36	34	2.52	0		0.016700
6	34	100	0	141	120	155	21	24	33	1.06	0		0.010500
42	255	100	0	168	144	137	21	24	33	1.06	0		0.010500
31	176	51	1	168	120	169	24	28	20	4.33	0		0.032200
42	253	49	0	168	144	170	24	26	20	2.18	0		0.017400
31	177	60	0	223	144	77	54	25	27	2.81	0		0.010400
6	30	3	0	234	0	0	45	31	20	4.27	1		0.003100
29	167	89	1	242	44	0	78	60	60	18.74	0		0.020000
19	107	96	1	242	44	60	87	60	60	10.33	0		0.009900
21	121	87	1	242	44	120	83	60	60	1.35	1		0.000300


-------------------------------------------------------------------------------------------------------------------
Tour_Id:			6
No_of_Customers:		6
No_of_Items:			44
Customer_Sequence:		9 13 2 40 16 3 

CustId	Id	TypeId	Rotated	x	y	z	Length	Width	Height	mass	Fragility	LoadBearingStrength
2	8	73	0	0	0	0	98	60	60	21.14	0		0.018000
40	236	18	0	0	60	0	45	53	28	3.43	1		0.001400
16	89	63	0	0	113	0	89	60	60	19.35	0		0.018100
16	88	63	0	0	0	60	89	60	60	19.35	0		0.018100
16	83	7	0	0	113	60	87	60	60	18.88	0		0.018100
13	73	66	0	0	0	120	84	60	60	2.35	0		0.002300
13	72	60	0	0	113	120	54	25	27	2.81	0		0.010400
40	237	34	0	89	60	0	79	60	60	9.25	0		0.009800
3	18	89	0	87	60	60	78	60	60	18.74	0		0.020000
2	6	10	0	87	60	120	74	60	60	11.92	0		0.013400
3	15	71	0	98	0	0	73	60	60	21.98	0		0.025100
40	239	58	0	89	0	60	63	60	60	8.82	0		0.011700
13	71	58	0	84	0	120	63	60	60	8.82	0		0.011700
16	90	79	0	89	120	0	56	41	27	4.49	0		0.009800
2	10	82	1	0	138	120	29	53	56	3.78	0		0.012300
3	17	88	0	89	120	27	54	45	33	2.89	0		0.006000
2	9	78	0	87	120	60	54	38	35	4.62	0		0.011300
13	68	17	1	45	60	0	49	35	56	2.80	0		0.008200
16	84	11	0	45	60	56	36	49	35	3.64	0		0.010300
13	67	2	0	45	60	91	35	30	56	1.49	0		0.007100
3	12	2	0	53	138	120	35	30	56	1.49	0		0.007100
16	86	46	0	88	120	95	52	36	31	4.11	0		0.011000
3	16	81	1	88	120	126	27	55	36	1.96	0		0.006600
9	45	4	0	88	120	162	60	31	26	3.61	0		0.009700
9	48	66	0	168	60	0	84	60	60	2.35	0		0.002300
13	69	53	0	45	90	91	28	23	54	3.06	0		0.023800
9	46	53	0	54	113	120	28	23	54	3.06	0		0.023800
40	241	75	0	0	113	147	50	21	32	2.85	0		0.013600
13	70	56	1	145	120	0	27	59	20	2.19	0		0.006900
9	47	56	1	145	147	0	27	59	20	2.19	0		0.006900
16	85	39	0	145	120	20	30	44	22	1.80	0		0.006800
16	87	62	0	143	120	42	20	23	58	1.24	0		0.013500
40	240	68	0	45	60	147	31	33	22	4.02	0		0.019700
40	238	57	0	165	60	60	30	30	25	2.85	0		0.015800
3	14	57	0	165	90	60	30	30	25	2.85	0		0.015800
40	243	100	0	143	143	42	21	24	33	1.06	0		0.010500
3	13	28	1	165	60	85	60	32	35	4.98	1		0.002600
2	4	1	0	171	0	0	116	60	60	18.74	1		0.002700
2	7	40	0	45	60	169	23	23	20	4.35	0		0.041100
2	5	6	0	152	0	60	86	60	60	7.29	1		0.001400
9	49	93	0	0	60	28	20	21	56	2.30	1		0.005500
16	82	1	0	147	0	120	116	60	60	18.74	1		0.002700
40	242	86	1	252	60	0	96	60	60	7.30	0		0.006300
2	11	87	1	238	0	60	83	60	60	1.35	1		0.000300


