Name:				77_Manual_n150_m200_bt100_2
Problem:			3L-VRPTW
Number_of_used_Vehicles:	4
Total_Travel_Distance:		113.965
Total_Unloading_Effort:		26.892
Total_Travel_Time:		899.693
Calculation_Time:			3600
Total_Iterations:		354
ConstraintSet:			P22

-------------------------------------------------------------------------------------------------------------------
Tour_Id:			1
No_of_Customers:		33
No_of_Items:			44
Customer_Sequence:		143 36 32 116 142 14 53 117 11 92 94 37 135 66 121 30 3 95 102 22 124 6 62 46 147 55 69 24 18 44 47 48 77 

CustId	Id	TypeId	Rotated	x	y	z	Length	Width	Height	mass	Fragility	LoadBearingStrength
37	49	37	0	0	0	0	112	60	60	21.83	0		0.016200
94	127	48	0	0	60	0	107	60	60	8.89	0		0.006900
66	86	34	0	0	0	60	104	60	60	21.66	0		0.017400
69	93	34	0	0	60	60	104	60	60	21.66	0		0.017400
116	155	1	0	0	0	120	93	60	60	15.94	0		0.014300
77	102	55	0	0	60	120	90	60	60	8.66	0		0.008000
47	60	55	0	107	60	0	90	60	60	8.66	0		0.008000
14	20	8	0	104	60	60	80	60	60	3.13	0		0.003300
147	194	91	0	90	60	120	69	60	60	18.48	0		0.022300
11	14	88	0	112	0	0	65	60	60	20.34	0		0.026100
36	48	19	1	0	120	0	33	58	55	3.87	0		0.010100
116	156	19	1	0	120	55	33	58	55	3.87	0		0.010100
30	41	16	0	58	120	0	53	48	41	2.11	0		0.004200
121	162	30	0	0	120	110	26	40	57	4.65	0		0.022400
116	157	59	0	58	120	41	48	31	56	2.84	0		0.009600
48	62	25	1	58	120	97	27	56	54	3.67	0		0.012100
11	13	25	0	104	0	60	27	56	54	3.67	0		0.012100
24	32	13	0	104	0	114	28	59	48	3.86	0		0.011700
14	21	13	1	111	120	0	28	59	48	3.86	0		0.011700
102	138	52	0	58	120	151	58	31	38	1.60	0		0.004500
92	125	47	0	106	120	48	47	29	49	2.63	0		0.009700
32	43	17	1	114	120	97	32	45	46	1.73	0		0.006000
22	30	12	0	131	0	60	55	55	21	2.47	0		0.004100
124	166	63	1	26	120	110	41	32	47	1.27	0		0.004800
37	50	57	1	26	120	157	44	30	32	1.52	0		0.005800
44	57	23	1	159	60	120	37	30	49	3.82	0		0.017200
48	61	14	0	131	0	81	40	45	30	4.78	0		0.013300
117	158	50	0	104	0	162	33	57	28	3.98	0		0.010600
62	81	32	0	137	0	111	42	47	26	1.29	0		0.003300
143	190	53	1	111	148	0	26	45	38	4.15	0		0.017700
95	128	69	0	137	0	137	32	59	23	2.66	0		0.007000
53	69	6	0	186	0	0	95	60	60	1.59	1		0.000300
55	71	41	0	170	120	0	29	32	34	3.84	0		0.020700
135	182	74	1	137	0	160	57	25	20	4.93	0		0.017300
69	94	85	0	0	120	167	22	32	21	4.39	0		0.031200
46	59	24	0	197	60	0	47	58	34	2.56	0		0.004700
53	68	3	0	186	0	60	53	60	40	1.38	1		0.000400
6	7	94	0	186	0	100	53	47	32	3.89	1		0.001600
69	92	22	0	170	120	34	28	41	36	2.69	1		0.002300
3	3	22	0	170	120	70	28	41	36	2.69	1		0.002300
18	25	10	0	170	120	106	25	43	32	1.03	1		0.001000
142	189	72	1	244	60	0	77	60	60	15.49	1		0.003400
6	6	4	1	239	0	60	118	60	60	6.27	1		0.000900
36	47	4	1	239	0	120	118	60	60	6.27	1		0.000900


-------------------------------------------------------------------------------------------------------------------
Tour_Id:			2
No_of_Customers:		38
No_of_Items:			49
Customer_Sequence:		146 35 59 68 133 45 2 89 90 100 34 4 138 67 8 79 106 49 104 145 28 61 42 129 130 15 20 115 93 56 140 114 149 39 113 134 60 31 

CustId	Id	TypeId	Rotated	x	y	z	Length	Width	Height	mass	Fragility	LoadBearingStrength
138	185	70	0	0	0	0	120	60	60	20.01	0		0.013900
90	122	46	0	0	60	0	114	60	60	6.84	0		0.005000
149	196	37	0	0	0	60	112	60	60	21.83	0		0.016200
114	152	34	0	0	60	60	104	60	60	21.66	0		0.017400
67	88	61	0	0	0	120	98	60	60	17.05	0		0.014500
93	126	61	0	0	60	120	98	60	60	17.05	0		0.014500
133	179	89	0	114	60	0	93	60	60	4.75	0		0.004300
8	9	5	0	104	60	60	88	60	60	9.60	0		0.009100
31	42	76	0	98	60	120	85	60	60	19.12	0		0.018700
140	187	71	0	120	0	0	84	60	60	16.63	0		0.016500
145	192	71	0	112	0	60	84	60	60	16.63	0		0.016500
34	45	18	0	98	0	120	76	60	60	17.53	0		0.019200
60	79	31	0	204	0	0	68	60	60	13.44	0		0.016500
134	181	68	0	196	0	60	61	60	60	6.67	1		0.001800
56	72	29	0	0	120	0	57	50	59	4.68	0		0.008200
35	46	29	0	0	120	59	57	50	59	4.68	0		0.008200
114	153	58	0	0	120	118	30	35	29	4.71	1		0.004500
79	104	16	0	57	120	0	53	48	41	2.11	0		0.004200
129	172	93	0	57	120	41	45	47	49	4.02	0		0.009500
49	63	93	0	57	120	90	45	47	49	4.02	0		0.009500
68	91	35	0	110	120	0	33	51	57	2.23	0		0.006600
106	143	54	0	57	120	139	41	54	35	4.42	0		0.010000
134	180	54	0	102	120	57	41	54	35	4.42	0		0.010000
61	80	47	0	102	120	92	47	29	49	2.63	0		0.009700
28	37	15	1	98	120	141	24	55	31	1.04	0		0.003900
100	135	51	1	143	120	0	39	57	28	2.36	0		0.005300
89	121	92	0	143	120	28	51	45	25	2.82	0		0.006100
15	22	92	0	143	120	53	51	45	25	2.82	0		0.006100
130	173	66	1	30	120	118	47	24	49	2.27	0		0.010100
20	27	11	1	102	149	92	24	43	53	4.13	0		0.020000
2	2	2	1	102	149	145	25	50	42	2.34	0		0.009400
45	58	84	0	200	120	0	37	46	28	2.44	0		0.007200
60	78	28	0	194	120	28	51	36	25	4.22	0		0.011500
104	140	53	1	152	144	78	26	45	38	4.15	0		0.017700
67	89	79	0	197	120	53	37	31	37	2.24	0		0.009800
39	52	79	0	197	120	90	37	31	37	2.24	0		0.009800
104	141	57	0	152	144	116	44	30	32	1.52	0		0.005800
133	178	45	0	174	0	120	22	54	55	1.47	0		0.006200
115	154	41	1	152	144	148	29	32	34	3.84	0		0.020700
146	193	74	0	207	60	0	57	25	20	4.93	0		0.017300
59	76	64	0	197	120	127	27	25	37	4.52	0		0.033500
113	151	60	0	207	60	20	22	30	33	4.88	0		0.037000
59	77	85	0	30	120	167	22	32	21	4.39	0		0.031200
4	4	3	0	196	0	120	53	60	40	1.38	1		0.000400
67	90	81	0	196	0	160	46	60	20	2.11	1		0.000800
42	55	22	0	0	120	147	28	41	36	2.69	1		0.002300
90	123	62	1	264	60	0	52	37	59	4.88	0		0.012700
67	87	42	0	192	60	60	20	36	26	3.44	1		0.004800
79	105	31	0	245	112	0	68	60	60	13.44	0		0.016500


-------------------------------------------------------------------------------------------------------------------
Tour_Id:			3
No_of_Customers:		33
No_of_Items:			42
Customer_Sequence:		148 82 119 83 109 7 63 23 16 74 71 51 76 123 13 91 96 40 101 41 17 64 81 52 122 120 97 137 73 127 99 65 27 

CustId	Id	TypeId	Rotated	x	y	z	Length	Width	Height	mass	Fragility	LoadBearingStrength
101	137	78	0	0	0	0	120	60	60	18.52	0		0.012900
81	108	37	0	0	60	0	112	60	60	21.83	0		0.016200
27	36	48	0	0	0	60	107	60	60	8.89	0		0.006900
127	169	35	0	0	120	0	33	51	57	2.23	0		0.006600
96	129	49	0	0	60	60	102	60	60	21.31	0		0.017400
41	54	38	0	0	0	120	102	60	60	16.32	0		0.013300
120	161	61	0	0	60	120	98	60	60	17.05	0		0.014500
82	111	90	0	112	60	0	95	60	60	5.19	0		0.004600
99	134	5	0	102	60	60	88	60	60	9.60	0		0.009100
71	96	21	0	98	60	120	85	60	60	6.91	0		0.006800
40	53	21	0	120	0	0	85	60	60	6.91	0		0.006800
23	31	71	0	107	0	60	84	60	60	16.63	0		0.016500
82	110	71	0	102	0	120	84	60	60	16.63	0		0.016500
97	131	20	0	205	0	0	81	60	60	7.82	0		0.008000
119	160	8	0	191	0	60	80	60	60	3.13	0		0.003300
13	19	88	0	186	0	120	65	60	60	20.34	0		0.026100
122	163	62	1	0	120	57	52	37	59	4.88	0		0.012700
7	8	16	1	0	120	116	53	48	41	2.11	0		0.004200
74	99	38	0	207	60	0	102	60	60	16.32	0		0.013300
13	17	25	1	33	120	0	27	56	54	3.67	0		0.012100
73	98	27	0	89	120	0	41	45	44	1.97	0		0.005300
52	67	27	0	89	120	44	41	45	44	1.97	0		0.005300
123	164	13	1	130	120	0	28	59	48	3.86	0		0.011700
51	66	13	1	130	120	48	28	59	48	3.86	0		0.011700
63	82	13	1	130	120	96	28	59	48	3.86	0		0.011700
137	184	54	0	89	120	88	41	54	35	4.42	0		0.010000
17	24	95	1	33	147	0	27	47	50	3.66	0		0.014400
123	165	95	0	89	120	123	27	47	50	3.66	0		0.014400
101	136	14	0	0	120	157	40	45	30	4.78	0		0.013300
64	84	33	0	130	120	144	41	28	46	1.09	0		0.004700
83	112	73	0	189	120	0	45	34	31	1.09	0		0.003600
96	130	53	1	130	148	0	26	45	38	4.15	0		0.017700
148	195	75	0	130	148	38	59	25	28	2.66	0		0.009000
16	23	9	1	189	120	31	36	54	20	2.32	0		0.006000
76	101	39	0	189	120	51	27	37	21	4.22	0		0.021100
13	18	39	0	189	120	72	27	37	21	4.22	0		0.021100
91	124	44	0	130	148	66	22	25	25	4.93	0		0.044800
63	83	58	0	189	120	93	30	35	29	4.71	1		0.004500
82	109	42	1	152	148	66	20	36	26	3.44	1		0.004800
127	170	42	1	152	148	92	20	36	26	3.44	1		0.004800
109	146	72	0	190	60	60	77	60	60	15.49	1		0.003400
65	85	68	0	183	60	120	61	60	60	6.67	1		0.001800


-------------------------------------------------------------------------------------------------------------------
Tour_Id:			4
No_of_Customers:		46
No_of_Items:			65
Customer_Sequence:		12 72 50 58 78 10 105 141 103 125 5 87 139 110 80 43 126 1 136 75 38 86 33 88 144 9 108 111 26 70 84 132 150 85 112 57 25 29 107 54 19 131 98 118 21 128 

CustId	Id	TypeId	Rotated	x	y	z	Length	Width	Height	mass	Fragility	LoadBearingStrength
128	171	65	0	0	0	0	115	60	60	18.23	0		0.013200
72	97	37	0	0	60	0	112	60	60	21.83	0		0.016200
57	73	48	0	0	0	60	107	60	60	8.89	0		0.006900
85	114	34	0	0	60	60	104	60	60	21.66	0		0.017400
108	145	55	0	0	0	120	90	60	60	8.66	0		0.008000
150	199	76	0	0	60	120	85	60	60	19.12	0		0.018700
75	100	20	0	112	60	0	81	60	60	7.82	0		0.008000
38	51	20	0	104	60	60	81	60	60	7.82	0		0.008000
78	103	40	0	85	60	120	69	60	60	1.10	0		0.001300
103	139	91	0	115	0	0	69	60	60	18.48	0		0.022300
131	174	31	0	107	0	60	68	60	60	13.44	0		0.016500
12	16	29	0	0	120	0	57	50	59	4.68	0		0.008200
43	56	16	0	0	120	59	53	48	41	2.11	0		0.004200
29	40	93	0	0	120	100	45	47	49	4.02	0		0.009500
9	11	100	0	57	120	0	50	39	48	4.57	0		0.011700
9	10	27	0	57	120	48	41	45	44	1.97	0		0.005300
87	117	13	0	90	0	120	28	59	48	3.86	0		0.011700
80	106	13	1	107	120	0	28	59	48	3.86	0		0.011700
141	188	54	0	0	120	149	41	54	35	4.42	0		0.010000
132	176	54	0	53	120	92	41	54	35	4.42	0		0.010000
84	113	43	0	98	120	48	55	26	54	1.38	0		0.004800
131	175	47	0	45	120	127	47	29	49	2.63	0		0.009700
29	38	17	1	98	120	102	32	45	46	1.73	0		0.006000
107	144	17	0	118	0	120	32	45	46	1.73	0		0.006000
88	119	45	1	107	148	0	22	54	55	1.47	0		0.006200
21	29	45	0	150	0	120	22	54	55	1.47	0		0.006200
105	142	12	0	184	0	0	55	55	21	2.47	0		0.004100
111	149	12	0	184	0	21	55	55	21	2.47	0		0.004100
70	95	36	0	154	60	120	36	34	49	1.29	0		0.005300
58	74	30	1	154	94	120	26	40	57	4.65	0		0.022400
150	200	92	0	166	120	0	51	45	25	2.82	0		0.006100
150	198	66	0	45	149	127	47	24	49	2.27	0		0.010100
26	34	14	1	98	120	148	40	45	30	4.78	0		0.013300
33	44	33	0	166	120	25	41	28	46	1.09	0		0.004700
86	115	33	0	166	120	71	41	28	46	1.09	0		0.004700
98	132	50	0	184	0	42	33	57	28	3.98	0		0.010600
25	33	77	0	175	0	70	36	49	29	4.09	0		0.011600
98	133	67	1	175	0	99	55	29	31	3.73	0		0.011700
26	35	67	1	172	0	130	55	29	31	3.73	0		0.011700
132	177	67	0	193	60	0	55	29	31	3.73	0		0.011700
110	148	84	0	172	0	161	37	46	28	2.44	0		0.007200
125	167	73	0	166	120	117	45	34	31	1.09	0		0.003600
144	191	73	0	166	120	148	45	34	31	1.09	0		0.003600
54	70	28	0	193	57	31	51	36	25	4.22	0		0.011500
136	183	69	0	118	0	166	32	59	23	2.66	0		0.007000
50	65	79	0	193	57	56	37	31	37	2.24	0		0.009800
1	1	57	0	193	57	93	44	30	32	1.52	0		0.005800
112	150	57	0	190	55	125	44	30	32	1.52	0		0.005800
88	120	75	0	107	148	55	59	25	28	2.66	0		0.009000
29	39	86	0	166	148	25	38	22	38	1.33	0		0.008000
5	5	41	0	217	120	0	29	32	34	3.84	0		0.020700
80	107	41	0	217	120	34	29	32	34	3.84	0		0.020700
12	15	7	0	90	0	168	26	54	21	4.56	0		0.016200
126	168	64	0	166	148	63	27	25	37	4.52	0		0.033500
19	26	99	1	190	55	157	20	54	21	1.04	0		0.004800
87	118	60	1	217	152	0	22	30	33	4.88	0		0.037000
118	159	60	1	217	152	33	22	30	33	4.88	0		0.037000
86	116	44	0	193	89	0	22	25	25	4.93	0		0.044800
150	197	4	1	248	0	0	118	60	60	6.27	1		0.000900
10	12	6	1	248	0	60	95	60	60	1.59	1		0.000300
58	75	81	0	237	0	120	46	60	20	2.11	1		0.000800
110	147	56	0	247	118	0	37	47	24	4.53	1		0.002600
139	186	22	0	217	0	42	28	41	36	2.69	1		0.002300
50	64	26	0	211	0	78	35	20	22	4.88	1		0.007000
21	28	26	0	211	20	78	35	20	22	4.88	1		0.007000


