Name:				79_Manual_n150_m200_bt100_4
Problem:			3L-VRPTW
Number_of_used_Vehicles:	4
Total_Travel_Distance:		119.519
Total_Unloading_Effort:		25.434
Total_Travel_Time:		898.471
Calculation_Time:			3600
Total_Iterations:		255
ConstraintSet:			P22

-------------------------------------------------------------------------------------------------------------------
Tour_Id:			1
No_of_Customers:		36
No_of_Items:			50
Customer_Sequence:		132 32 114 120 11 101 107 143 8 65 31 138 43 24 76 118 45 3 12 55 20 123 83 46 145 80 148 66 63 106 79 130 37 21 84 26 

CustId	Id	TypeId	Rotated	x	y	z	Length	Width	Height	mass	Fragility	LoadBearingStrength
66	87	34	0	0	0	0	113	60	60	14.48	0		0.010700
26	33	14	0	0	60	0	106	60	60	14.03	0		0.011000
8	10	5	0	0	0	60	100	60	60	20.35	0		0.017000
37	50	1	0	0	60	60	97	60	60	13.99	0		0.012000
118	156	60	0	0	0	120	90	60	60	12.09	0		0.011200
20	26	11	0	0	60	120	86	60	60	6.12	0		0.005900
80	105	41	0	106	60	0	84	60	60	1.89	0		0.001900
32	43	63	0	97	60	60	83	60	60	7.50	0		0.007500
65	85	73	0	86	60	120	75	60	60	2.48	0		0.002800
143	190	4	0	113	0	0	73	60	60	16.25	0		0.018600
132	177	6	0	100	0	60	65	60	60	2.31	0		0.003000
31	40	6	0	90	0	120	65	60	60	2.31	0		0.003000
76	99	39	0	186	0	0	59	60	59	3.13	0		0.004400
123	167	91	0	186	0	59	59	56	53	3.47	0		0.005300
20	27	91	0	186	0	112	59	56	53	3.47	0		0.005300
84	110	43	0	0	120	0	60	49	51	1.80	0		0.003100
3	3	12	0	0	120	51	50	51	54	1.40	0		0.002700
143	191	12	0	0	120	105	50	51	54	1.40	0		0.002700
79	104	70	0	60	120	0	50	39	34	3.35	0		0.008600
107	139	29	0	60	120	34	51	43	52	2.10	0		0.004800
21	28	84	1	60	120	86	47	55	34	3.80	0		0.007400
55	72	44	0	50	120	120	43	42	47	3.54	0		0.009800
123	166	46	0	111	120	0	48	39	45	4.85	0		0.013000
31	41	69	1	111	120	45	40	60	32	4.17	0		0.008700
32	42	17	0	171	120	0	32	40	54	1.41	0		0.005500
3	4	35	0	190	60	0	52	50	48	1.72	0		0.003300
63	83	70	0	190	60	48	50	39	34	3.35	0		0.008600
101	133	9	1	93	120	120	44	26	43	4.63	0		0.020200
123	165	31	0	119	120	77	55	29	35	4.24	0		0.013300
66	86	20	0	119	120	112	44	29	43	1.80	0		0.007000
11	14	20	1	174	120	54	44	29	43	1.80	0		0.007000
43	58	99	1	174	120	97	45	29	39	1.14	0		0.004400
45	60	99	1	174	120	136	45	29	39	1.14	0		0.004400
145	193	100	0	0	120	159	36	52	27	4.05	0		0.010800
138	185	70	0	190	60	82	50	39	34	3.35	0		0.008600
120	159	13	0	190	60	116	26	37	47	3.11	0		0.016200
24	31	13	0	203	110	0	26	37	47	3.11	0		0.016200
11	13	13	1	203	147	0	26	37	47	3.11	0		0.016200
130	175	66	0	50	120	167	37	39	20	3.60	0		0.012500
107	140	75	1	93	120	163	50	29	20	1.90	0		0.006600
148	197	75	0	122	120	155	50	29	20	1.90	0		0.006600
132	178	67	1	203	110	47	50	36	38	1.22	1		0.000700
12	15	7	0	216	56	116	26	29	29	1.25	0		0.008300
46	61	24	1	161	60	120	36	20	20	3.47	0		0.024100
120	160	61	1	203	110	85	50	40	52	1.04	1		0.000500
106	138	54	0	186	0	165	59	35	23	2.17	0		0.005200
83	109	48	0	203	110	137	42	25	29	2.11	1		0.002000
79	103	58	1	245	0	0	118	60	60	13.34	1		0.001900
114	150	58	1	245	0	60	118	60	60	13.34	1		0.001900
37	51	58	1	245	0	120	118	60	60	13.34	1		0.001900


-------------------------------------------------------------------------------------------------------------------
Tour_Id:			2
No_of_Customers:		47
No_of_Items:			58
Customer_Sequence:		25 28 97 42 146 125 47 108 78 137 13 102 90 51 124 53 23 61 59 128 16 50 122 96 48 52 10 30 100 29 150 89 6 92 88 33 1 141 105 87 129 110 5 40 126 36 15 

CustId	Id	TypeId	Rotated	x	y	z	Length	Width	Height	mass	Fragility	LoadBearingStrength
36	48	19	0	0	0	0	117	60	60	7.00	0		0.005000
13	17	30	0	0	60	0	102	60	60	19.67	0		0.016100
29	36	5	0	0	0	60	100	60	60	20.35	0		0.017000
88	115	45	0	0	60	60	99	60	60	17.92	0		0.015100
125	170	88	0	0	0	120	98	60	60	5.97	0		0.005100
125	169	1	0	0	60	120	97	60	60	13.99	0		0.012000
100	132	51	0	102	60	0	96	60	60	7.49	0		0.006500
146	194	74	0	99	60	60	89	60	60	5.33	0		0.005000
124	168	63	0	97	60	120	83	60	60	7.50	0		0.007500
36	49	73	0	117	0	0	75	60	60	2.48	0		0.002800
33	44	4	0	100	0	60	73	60	60	16.25	0		0.018600
6	8	4	0	98	0	120	73	60	60	16.25	0		0.018600
102	134	52	0	192	0	0	67	60	60	2.94	0		0.003700
10	12	6	0	173	0	60	65	60	60	2.31	0		0.003000
87	114	43	0	0	120	0	60	49	51	1.80	0		0.003100
59	78	89	0	0	120	51	54	42	58	2.52	0		0.005500
5	7	35	0	0	120	109	52	50	48	1.72	0		0.003300
42	57	22	0	60	120	0	39	52	57	1.58	0		0.003900
13	16	22	0	54	120	57	39	52	57	1.58	0		0.003900
59	77	78	0	99	120	0	59	44	39	1.17	0		0.002300
88	116	53	0	52	120	114	39	46	55	1.30	0		0.003600
78	102	40	0	99	120	39	54	32	55	1.61	0		0.004700
50	66	26	0	158	120	0	50	46	40	1.53	0		0.003300
90	118	46	0	99	120	94	48	39	45	4.85	0		0.013000
1	1	46	0	91	120	139	48	39	45	4.85	0		0.013000
30	39	16	0	153	120	40	30	47	59	4.86	0		0.017200
141	188	86	0	147	120	99	36	35	58	3.35	0		0.013300
25	32	55	0	0	120	157	47	47	33	4.31	0		0.009800
108	141	55	0	171	0	120	47	47	33	4.31	0		0.009800
15	19	71	0	171	0	153	43	50	30	1.10	0		0.002500
96	128	49	0	183	120	40	21	54	51	3.94	0		0.017400
150	200	76	0	198	60	0	51	49	23	4.26	0		0.008500
96	127	15	0	198	60	23	38	46	32	3.95	0		0.011300
28	35	15	0	198	60	55	38	46	32	3.95	0		0.011300
128	173	65	1	198	60	87	58	23	39	3.73	0		0.014000
48	63	25	1	183	120	91	51	20	50	2.63	0		0.012900
122	164	62	0	208	120	0	46	44	25	4.86	0		0.012000
89	117	100	0	208	118	25	36	52	27	4.05	0		0.010800
16	20	9	1	183	120	141	44	26	43	4.63	0		0.020200
53	69	87	1	198	60	126	42	25	46	1.82	0		0.008700
105	137	87	0	204	118	52	42	25	46	1.82	0		0.008700
129	174	72	0	203	118	98	37	31	40	1.45	0		0.006300
23	30	13	0	218	0	120	26	37	47	3.11	0		0.016200
30	38	13	0	238	0	60	26	37	47	3.11	0		0.016200
47	62	96	0	249	60	0	60	21	32	3.01	0		0.011900
61	81	64	0	139	120	157	40	32	30	4.71	0		0.018400
16	21	64	0	249	81	0	40	32	30	4.71	0		0.018400
97	129	64	0	249	81	30	40	32	30	4.71	0		0.018400
126	171	64	0	249	81	60	40	32	30	4.71	0		0.018400
137	184	83	1	249	81	90	27	49	27	1.57	0		0.005900
92	120	47	1	249	81	117	35	37	27	4.50	0		0.017400
29	37	47	0	249	81	144	35	37	27	4.50	0		0.017400
40	55	21	0	204	143	52	29	30	36	4.66	0		0.026800
51	67	75	1	52	120	169	50	29	20	1.90	0		0.006600
48	64	66	0	254	120	0	37	39	20	3.60	0		0.012500
52	68	27	1	214	0	167	38	24	23	2.13	0		0.011700
110	144	56	0	259	0	0	25	58	52	4.78	1		0.003300
33	45	48	0	254	118	20	42	25	29	2.11	1		0.002000


-------------------------------------------------------------------------------------------------------------------
Tour_Id:			3
No_of_Customers:		45
No_of_Items:			60
Customer_Sequence:		121 86 116 147 19 75 58 112 70 117 74 35 68 139 142 133 62 99 113 69 2 64 22 67 44 73 140 56 94 134 104 131 18 149 14 127 57 4 136 119 103 9 17 135 72 

CustId	Id	TypeId	Rotated	x	y	z	Length	Width	Height	mass	Fragility	LoadBearingStrength
117	154	14	0	0	0	0	106	60	60	14.03	0		0.011000
133	179	42	0	0	60	0	104	60	60	16.68	0		0.013400
69	91	30	0	0	0	60	102	60	60	19.67	0		0.016100
58	76	30	0	0	60	60	102	60	60	19.67	0		0.016100
75	98	45	0	0	0	120	99	60	60	17.92	0		0.015100
121	161	51	0	0	60	120	96	60	60	7.49	0		0.006500
74	97	38	0	104	60	0	91	60	60	15.57	0		0.014300
119	158	60	0	102	60	60	90	60	60	12.09	0		0.011200
112	148	74	0	96	60	120	89	60	60	5.33	0		0.005000
9	11	63	0	106	0	0	83	60	60	7.50	0		0.007500
17	22	4	0	102	0	60	73	60	60	16.25	0		0.018600
117	155	39	0	99	0	120	59	60	59	3.13	0		0.004400
121	163	91	0	189	0	0	59	56	53	3.47	0		0.005300
73	96	43	0	0	120	0	60	49	51	1.80	0		0.003100
70	93	36	0	0	120	51	56	52	49	4.86	0		0.008400
149	198	36	0	0	120	100	56	52	49	4.86	0		0.008400
22	29	12	0	60	120	0	50	51	54	1.40	0		0.002700
68	90	35	0	56	120	54	52	50	48	1.72	0		0.003300
103	135	35	0	56	120	102	52	50	48	1.72	0		0.003300
2	2	2	0	110	120	0	59	43	46	3.63	0		0.007200
127	172	29	0	110	120	46	51	43	52	2.10	0		0.004800
56	73	29	0	108	120	98	51	43	52	2.10	0		0.004800
147	195	29	0	169	120	0	51	43	52	2.10	0		0.004800
4	6	81	1	161	120	52	39	53	55	1.21	0		0.002900
14	18	8	0	159	120	107	60	37	49	3.50	0		0.007900
116	153	59	0	189	0	53	59	41	43	1.40	0		0.002900
104	136	53	0	189	0	96	39	46	55	1.30	0		0.003600
119	157	40	0	195	60	0	54	32	55	1.61	0		0.004700
64	84	33	0	56	120	150	59	50	32	4.59	0		0.007800
86	112	44	0	195	60	55	43	42	47	3.54	0		0.009800
136	183	69	1	159	120	156	40	60	32	4.17	0		0.008700
135	182	70	0	0	120	149	50	39	34	3.35	0		0.008600
140	187	71	0	115	120	150	43	50	30	1.10	0		0.002500
19	25	49	0	158	0	120	21	54	51	3.94	0		0.017400
57	74	49	1	195	92	0	21	54	51	3.94	0		0.017400
86	113	92	0	189	0	151	47	46	26	2.76	0		0.006400
44	59	23	0	195	60	102	36	51	30	4.64	0		0.012600
70	92	20	0	195	60	132	44	29	43	1.80	0		0.007000
149	199	79	0	185	89	132	47	20	57	3.79	0		0.020100
94	124	65	0	220	120	0	58	23	39	3.73	0		0.014000
131	176	18	0	248	0	0	56	44	21	1.79	0		0.003600
134	180	18	0	248	0	21	56	44	21	1.79	0		0.003600
67	89	99	0	220	143	0	45	29	39	1.14	0		0.004400
142	189	72	0	220	113	39	37	31	40	1.45	0		0.006300
139	186	13	1	220	144	39	26	37	47	3.11	0		0.016200
67	88	96	0	248	0	42	60	21	32	3.01	0		0.011900
18	24	94	0	220	113	79	30	29	42	2.33	0		0.013400
72	95	37	0	219	111	121	35	29	34	3.29	0		0.016200
112	147	57	0	219	109	155	27	24	28	2.18	0		0.016800
147	196	57	0	220	144	86	27	24	28	2.18	0		0.016800
134	181	68	0	219	142	114	23	22	31	2.21	0		0.021800
121	162	68	0	219	140	145	23	22	31	2.21	0		0.021800
62	82	32	0	228	0	96	24	22	27	4.86	0		0.046000
18	23	10	0	249	60	0	57	50	37	3.71	1		0.001300
113	149	50	1	248	21	42	24	36	43	1.15	1		0.001300
57	75	50	0	249	60	37	24	36	43	1.15	1		0.001300
94	123	48	1	249	60	80	42	25	29	2.11	1		0.002000
4	5	3	0	252	0	74	57	21	25	4.06	1		0.003400
99	131	3	0	252	0	99	57	21	25	4.06	1		0.003400
35	47	3	0	252	0	124	57	21	25	4.06	1		0.003400


-------------------------------------------------------------------------------------------------------------------
Tour_Id:			4
No_of_Customers:		22
No_of_Items:			32
Customer_Sequence:		60 34 82 115 98 95 93 111 38 71 109 77 144 54 27 91 39 49 81 41 85 7 

CustId	Id	TypeId	Rotated	x	y	z	Length	Width	Height	mass	Fragility	LoadBearingStrength
82	107	42	0	0	0	0	104	60	60	16.68	0		0.013400
54	71	28	0	0	60	0	104	60	60	16.92	0		0.013600
41	56	5	0	0	0	60	100	60	60	20.35	0		0.017000
54	70	5	0	0	60	60	100	60	60	20.35	0		0.017000
91	119	88	0	0	0	120	98	60	60	5.97	0		0.005100
77	101	90	0	0	60	120	90	60	60	14.30	0		0.013200
144	192	73	0	104	0	0	75	60	60	2.48	0		0.002800
27	34	43	0	0	120	0	60	49	51	1.80	0		0.003100
38	53	81	0	0	120	51	39	53	55	1.21	0		0.002900
85	111	78	0	60	120	0	59	44	39	1.17	0		0.002300
81	106	53	0	0	120	106	39	46	55	1.30	0		0.003600
49	65	40	0	60	120	39	54	32	55	1.61	0		0.004700
60	80	33	0	100	0	60	59	50	32	4.59	0		0.007800
111	145	46	0	60	120	94	48	39	45	4.85	0		0.013000
109	142	16	0	100	0	92	30	47	59	4.86	0		0.017200
115	151	16	0	104	60	0	30	47	59	4.86	0		0.017200
82	108	86	0	104	60	59	36	35	58	3.35	0		0.013300
71	94	49	0	39	120	51	21	54	51	3.94	0		0.017400
111	146	76	0	119	120	0	51	49	23	4.26	0		0.008500
115	152	76	0	119	120	23	51	49	23	4.26	0		0.008500
109	143	31	0	60	120	139	55	29	35	4.24	0		0.013300
93	121	31	1	98	0	151	55	29	35	4.24	0		0.013300
60	79	31	0	119	120	46	55	29	35	4.24	0		0.013300
38	52	20	0	104	60	117	44	29	43	1.80	0		0.007000
34	46	18	0	134	60	0	56	44	21	1.79	0		0.003600
93	122	99	0	119	120	81	45	29	39	1.14	0		0.004400
39	54	9	0	119	120	120	44	26	43	4.63	0		0.020200
77	100	87	0	119	149	46	42	25	46	1.82	0		0.008700
7	9	54	0	134	60	21	59	35	23	2.17	0		0.005200
95	126	58	0	179	0	0	118	60	60	13.34	1		0.001900
95	125	10	0	159	0	60	57	50	37	3.71	1		0.001300
98	130	50	1	114	149	92	24	36	43	1.15	1		0.001300


