Name:				597_n100_m400_bt100
Problem:			3L-VRPTW
Number_of_used_Vehicles:	6
Total_Travel_Distance:		1060.49
Calculation_Time:		3600.00
Total_Iterations:		173
ConstraintSet:			P17

-------------------------------------------------------------------------------------------------------------------
Tour_Id:			1
No_of_Customers:		16
No_of_Items:			66
Customer_Sequence:		1 33 37 76 55 73 6 29 47 57 7 39 90 43 69 46 

CustId	Id	TypeId	Rotated	x	y	z	Length	Width	Height	mass	Fragility	LoadBearingStrength
46	184	29	0	0	0	0	14	5	7	662.55	0		85.745636
46	185	34	0	0	5	0	16	4	7	272.87	0		109.959358
69	267	85	0	0	9	0	13	6	7	375	0		31.454698
69	268	91	0	0	15	0	7	5	7	347.57	1		38.044947
39	162	74	0	0	20	0	10	4	8	71.34	0		8.776413
43	176	41	0	0	0	7	13	6	4	194.32	1		9.221915
43	175	9	0	0	6	7	12	4	4	121.99	1		17.732728
90	351	26	0	0	10	7	16	4	8	225.32	0		13.163403
90	352	49	0	0	10	15	6	4	3	64.22	0		24.779118
57	223	66	0	0	0	11	13	6	5	311.06	1		34.428206
57	221	39	0	7	15	0	13	5	3	28.49	0		7.769864
39	163	81	0	16	0	0	16	6	7	146.11	0		10.761157
39	164	82	0	16	6	0	9	6	8	225.49	0		111.118047
69	266	64	0	0	14	7	7	6	4	108.98	1		12.045135
39	159	5	0	10	20	0	12	5	3	35.60	0		10.349046
39	161	62	0	0	20	8	12	3	4	73.33	1		6.979842
7	31	73	0	16	12	0	17	3	8	294.66	0		20.436998
7	30	63	0	0	10	18	6	4	8	130.98	0		23.053099
7	29	54	0	0	6	11	7	4	3	27.93	1		12.913142
57	224	71	0	7	15	3	13	5	5	176.75	0		24.098026
57	225	86	0	6	10	15	9	5	7	167.65	0		24.399891
39	160	60	0	25	6	0	16	6	8	542.04	0		123.766349
90	353	54	0	0	14	11	7	4	3	27.93	1		12.913142
57	222	64	0	0	0	16	7	6	4	108.98	1		12.045135
47	186	24	0	16	6	8	11	7	8	635.96	0		95.277767
47	187	26	0	7	15	8	16	4	8	225.32	0		13.163403
47	188	91	0	0	0	20	7	5	7	347.57	1		38.044947
29	114	11	0	7	15	16	14	4	8	268.86	0		62.571921
29	117	73	0	13	0	7	17	3	8	294.66	0		20.436998
29	116	38	0	13	3	7	15	3	8	86.82	0		3.598756
29	115	36	0	13	0	15	11	6	5	182.19	0		69.689728
29	113	4	0	0	20	12	7	3	3	29.85	1		14.370944
6	28	80	0	6	10	22	8	5	8	528.16	0		44.650092
6	27	72	0	16	13	8	16	2	7	53.07	0		7.513164
6	24	39	0	7	15	24	13	5	3	28.49	0		7.769864
6	26	46	0	7	15	27	9	6	3	123.92	0		48.960520
6	23	35	0	12	20	3	8	5	4	46.84	0		9.682825
73	280	77	0	13	0	20	8	5	4	64.43	0		21.951547
73	279	55	0	16	6	16	8	4	8	98.91	0		7.584361
6	25	42	0	23	15	0	7	6	7	41.54	1		1.629036
55	216	72	0	15	13	15	16	2	7	53.07	0		7.513164
55	215	63	0	22	21	0	6	4	8	130.98	0		23.053099
55	214	32	0	13	0	24	6	6	5	31.94	0		6.327133
76	288	10	0	27	6	8	14	6	5	206.91	0		34.371357
76	291	86	0	27	6	13	9	5	7	167.65	0		24.399891
76	287	7	0	24	0	15	6	5	8	192.78	0		32.424515
76	289	53	0	30	15	0	17	7	5	75.21	1		3.950899
76	290	57	0	30	15	5	14	6	3	68.56	1		5.656579
37	151	37	0	41	0	0	15	7	7	590.54	0		47.815847
37	153	47	0	24	6	20	12	5	7	132.58	0		16.015833
37	154	47	0	41	7	0	12	5	7	132.58	0		16.015833
37	150	27	0	28	22	0	16	3	6	48.49	0		11.636559
37	149	16	0	32	0	0	6	6	8	212.05	0		13.801795
37	152	39	0	24	6	27	13	5	3	28.49	0		7.769864
33	129	11	0	38	0	7	14	4	8	268.86	0		62.571921
33	133	71	0	38	0	15	13	5	5	176.75	0		24.098026
33	134	86	0	38	0	20	9	5	7	167.65	0		24.399891
33	130	16	0	32	0	8	6	6	8	212.05	0		13.801795
33	131	16	0	32	0	16	6	6	8	212.05	0		13.801795
33	132	41	0	30	15	8	13	6	4	194.32	1		9.221915
1	3	65	0	41	5	7	13	5	4	222.37	0		26.146547
1	6	92	0	28	22	6	15	3	5	47.92	0		10.013791
1	4	72	0	14	13	22	16	2	7	53.07	0		7.513164
1	1	52	0	28	22	11	15	2	5	57.47	0		20.465352
1	5	78	0	22	21	8	6	3	6	32.55	0		6.712475
1	2	62	0	30	15	12	12	3	4	73.33	1		6.979842


-------------------------------------------------------------------------------------------------------------------
Tour_Id:			2
No_of_Customers:		17
No_of_Items:			70
Customer_Sequence:		56 20 9 3 22 82 30 13 42 65 52 45 80 4 77 86 78 

CustId	Id	TypeId	Rotated	x	y	z	Length	Width	Height	mass	Fragility	LoadBearingStrength
78	299	47	0	0	0	0	12	5	7	132.58	0		16.015833
77	292	44	0	0	5	0	16	5	5	90.72	0		5.583542
78	300	52	0	0	10	0	15	2	5	57.47	0		20.465352
78	298	9	0	0	12	0	12	4	4	121.99	1		17.732728
78	297	8	0	0	16	0	6	3	5	18.78	1		9.916053
86	332	29	0	0	19	0	14	5	7	662.55	0		85.745636
86	333	29	0	0	0	7	14	5	7	662.55	0		85.745636
86	335	75	0	0	19	7	16	4	7	107.53	0		10.039220
86	334	48	0	0	0	14	13	3	3	94.28	0		21.372534
78	296	5	0	12	0	0	12	5	3	35.60	0		10.349046
77	295	98	0	0	5	5	16	3	8	79.31	0		13.748599
77	293	55	0	0	8	5	8	4	8	98.91	0		7.584361
77	294	70	0	0	5	13	6	3	8	33.09	0		15.645130
4	20	81	0	12	12	0	16	6	7	146.11	0		10.761157
4	19	73	0	0	19	14	17	3	8	294.66	0		20.436998
4	18	40	0	0	0	17	11	4	4	25.10	0		40.267902
80	308	81	0	12	12	7	16	6	7	146.11	0		10.761157
80	307	73	0	0	19	22	17	3	8	294.66	0		20.436998
80	305	23	0	12	12	14	15	3	7	99.66	0		7.661519
80	306	50	0	0	0	21	11	5	4	36.28	0		9.062457
45	183	44	0	16	5	0	16	5	5	90.72	0		5.583542
45	180	23	0	8	8	5	15	3	7	99.66	0		7.661519
45	182	31	0	8	8	12	16	3	5	66.02	0		22.152949
45	181	30	0	6	5	13	12	3	7	118.20	1		11.548932
52	205	55	0	8	8	17	8	4	8	98.91	0		7.584361
52	206	93	0	0	0	25	6	6	3	31.16	0		18.148727
52	204	9	0	12	15	14	12	4	4	121.99	1		17.732728
65	251	1	0	12	12	21	14	4	8	75.49	0		4.579175
65	256	82	0	17	19	0	9	6	8	225.49	0		111.118047
65	255	44	0	24	0	0	16	5	5	90.72	0		5.583542
65	254	22	0	24	0	5	11	7	4	165.31	0		14.594356
65	252	5	0	17	19	8	12	5	3	35.60	0		10.349046
65	253	12	0	8	8	25	7	3	4	59.38	0		34.786214
42	172	37	0	28	10	0	15	7	7	590.54	0		47.815847
42	174	97	0	17	19	11	14	3	5	33.39	0		6.457796
20	83	27	0	17	19	16	16	3	6	48.49	0		11.636559
13	52	68	0	24	0	9	14	3	8	65.11	0		8.877159
13	53	96	0	24	3	9	12	4	3	62.34	0		41.272267
13	51	61	0	24	3	12	13	4	7	254.33	1		8.946148
13	50	57	0	28	10	7	14	6	3	68.56	1		5.656579
30	120	73	0	24	0	17	17	3	8	294.66	0		20.436998
30	121	99	0	31	17	0	9	6	5	77.75	0		9.307706
30	118	32	0	31	17	5	6	6	5	31.94	0		6.327133
30	119	70	0	16	8	17	6	3	8	33.09	0		15.645130
82	314	3	0	40	17	0	16	4	8	385.21	0		34.986241
82	316	31	0	24	0	25	16	3	5	66.02	0		22.152949
82	315	5	0	40	17	8	12	5	3	35.60	0		10.349046
82	318	46	0	40	17	11	9	6	3	123.92	0		48.960520
82	317	41	0	28	10	10	13	6	4	194.32	1		9.221915
22	90	37	0	41	0	0	15	7	7	590.54	0		47.815847
22	89	21	0	41	0	7	8	7	3	77.56	0		38.039138
22	91	49	0	15	8	25	6	4	3	64.22	0		24.779118
3	15	85	0	43	7	0	13	6	7	375	0		31.454698
3	12	26	0	42	7	7	16	4	8	225.32	0		13.163403
3	14	74	0	41	0	10	10	4	8	71.34	0		8.776413
3	17	92	0	42	7	15	15	3	5	47.92	0		10.013791
3	13	32	0	51	0	7	6	6	5	31.94	0		6.327133
3	16	91	0	24	3	19	7	5	7	347.57	1		38.044947
9	35	23	0	42	7	20	15	3	7	99.66	0		7.661519
9	39	89	0	41	0	18	13	4	6	80.85	0		19.090477
9	36	43	0	41	0	24	13	3	4	36.57	0		16.963351
9	37	66	0	27	11	14	13	6	5	311.06	1		34.428206
9	38	66	0	27	10	19	13	6	5	311.06	1		34.428206
42	173	70	0	24	7	5	6	3	8	33.09	0		15.645130
20	85	96	0	17	19	22	12	4	3	62.34	0		41.272267
20	84	30	0	40	17	14	12	3	7	118.20	1		11.548932
56	220	98	0	43	13	0	16	3	8	79.31	0		13.748599
56	219	90	0	29	23	0	11	2	7	101.60	0		23.553122
56	217	48	0	17	19	25	13	3	3	94.28	0		21.372534
56	218	49	0	40	20	14	6	4	3	64.22	0		24.779118


-------------------------------------------------------------------------------------------------------------------
Tour_Id:			3
No_of_Customers:		17
No_of_Items:			62
Customer_Sequence:		79 67 50 87 51 11 71 89 38 66 18 17 63 95 68 98 12 

CustId	Id	TypeId	Rotated	x	y	z	Length	Width	Height	mass	Fragility	LoadBearingStrength
12	47	76	0	0	0	0	9	7	7	308.42	0		13.386393
12	48	86	0	0	7	0	9	5	7	167.65	0		24.399891
12	49	89	0	0	12	0	13	4	6	80.85	0		19.090477
12	46	72	0	0	16	0	16	2	7	53.07	0		7.513164
98	387	10	0	0	18	0	14	6	5	206.91	0		34.371357
98	390	89	0	0	12	6	13	4	6	80.85	0		19.090477
98	388	53	0	9	0	0	17	7	5	75.21	1		3.950899
98	389	66	0	0	18	5	13	6	5	311.06	1		34.428206
68	263	13	0	14	18	0	16	7	3	95.78	0		8.492854
68	264	16	0	0	0	7	6	6	8	212.05	0		13.801795
68	262	12	0	0	6	7	7	3	4	59.38	0		34.786214
68	265	87	0	0	18	10	17	4	8	67.88	1		2.562142
95	375	60	0	13	7	0	16	6	8	542.04	0		123.766349
63	245	85	0	13	7	8	13	6	7	375	0		31.454698
95	377	99	0	17	18	3	9	6	5	77.75	0		9.307706
95	376	97	0	13	13	0	14	3	5	33.39	0		6.457796
95	374	53	0	9	0	5	17	7	5	75.21	1		3.950899
63	244	37	0	26	0	0	15	7	7	590.54	0		47.815847
95	373	51	0	13	13	5	17	3	7	135.87	0		14.572170
63	243	26	0	0	13	12	16	4	8	225.32	0		13.163403
17	68	34	0	0	13	20	16	4	7	272.87	0		109.959358
17	71	68	0	13	7	15	14	3	8	65.11	0		8.877159
17	70	65	0	26	0	7	13	5	4	222.37	0		26.146547
17	69	55	0	0	0	15	8	4	8	98.91	0		7.584361
18	72	3	0	26	0	11	16	4	8	385.21	0		34.986241
18	76	75	0	26	0	19	16	4	7	107.53	0		10.039220
18	74	50	0	17	18	8	11	5	4	36.28	0		9.062457
18	73	18	0	0	0	23	8	4	6	72.51	0		12.111371
18	75	63	0	16	13	12	6	4	8	130.98	0		23.053099
66	257	3	0	29	7	0	16	4	8	385.21	0		34.986241
66	258	90	0	13	10	15	11	2	7	101.60	0		23.553122
66	259	100	0	0	17	18	12	4	5	126.97	1		33.240486
38	157	58	0	30	11	0	16	6	7	357.81	0		22.636449
38	156	26	0	27	7	8	16	4	8	225.32	0		13.163403
38	158	76	0	30	17	0	9	7	7	308.42	0		13.386393
38	155	6	0	0	13	27	12	5	3	114.65	0		31.079617
89	350	26	0	27	7	16	16	4	8	225.32	0		13.163403
89	349	10	0	30	11	7	14	6	5	206.91	0		34.371357
89	348	9	0	13	7	23	12	4	4	121.99	1		17.732728
71	273	55	0	16	13	20	8	4	8	98.91	0		7.584361
71	274	88	0	17	17	12	7	6	3	46.06	1		3.142251
11	44	40	0	24	13	12	11	4	4	25.10	0		40.267902
11	43	12	0	24	13	16	7	3	4	59.38	0		34.786214
11	45	79	0	17	17	15	9	4	8	228.74	1		9.468321
51	202	38	0	39	17	0	15	3	8	86.82	0		3.598756
51	203	48	0	26	0	26	13	3	3	94.28	0		21.372534
51	201	12	0	24	13	20	7	3	4	59.38	0		34.786214
87	340	51	0	39	20	0	17	3	7	135.87	0		14.572170
87	341	77	0	27	7	24	8	5	4	64.43	0		21.951547
87	338	43	0	28	20	7	13	3	4	36.57	0		16.963351
87	339	49	0	24	12	24	6	4	3	64.22	0		24.779118
87	337	30	0	17	17	23	12	3	7	118.20	1		11.548932
87	336	4	0	0	18	23	7	3	3	29.85	1		14.370944
50	200	58	0	42	0	0	16	6	7	357.81	0		22.636449
50	199	55	0	28	20	11	8	4	8	98.91	0		7.584361
50	198	2	0	24	12	27	6	3	3	43.73	0		81.981612
67	260	40	0	35	11	12	11	4	4	25.10	0		40.267902
67	261	62	0	31	12	16	12	3	4	73.33	1		6.979842
79	301	24	0	42	0	7	11	7	8	635.96	0		95.277767
79	302	24	0	42	0	15	11	7	8	635.96	0		95.277767
79	303	25	0	41	20	7	11	4	8	130.66	0		19.682410
79	304	31	0	39	17	8	16	3	5	66.02	0		22.152949


-------------------------------------------------------------------------------------------------------------------
Tour_Id:			4
No_of_Customers:		18
No_of_Items:			68
Customer_Sequence:		8 84 91 58 100 24 16 60 10 75 72 93 41 23 64 35 21 34 

CustId	Id	TypeId	Rotated	x	y	z	Length	Width	Height	mass	Fragility	LoadBearingStrength
34	136	37	0	0	0	0	15	7	7	590.54	0		47.815847
34	138	75	0	0	7	0	16	4	7	107.53	0		10.039220
34	135	7	0	0	11	0	6	5	8	192.78	0		32.424515
34	139	87	0	0	16	0	17	4	8	67.88	1		2.562142
34	137	57	0	0	0	7	14	6	3	68.56	1		5.656579
21	88	73	0	0	20	0	17	3	8	294.66	0		20.436998
21	87	39	0	0	6	7	13	5	3	28.49	0		7.769864
21	86	28	0	0	11	8	7	5	5	64.52	0		13.397381
35	144	51	0	0	20	8	17	3	7	135.87	0		14.572170
35	143	41	0	0	0	10	13	6	4	194.32	1		9.221915
35	140	5	0	0	6	10	12	5	3	35.60	0		10.349046
35	142	21	0	0	6	13	8	7	3	77.56	0		38.039138
64	246	19	0	0	6	16	9	6	4	154.46	0		38.940223
35	141	13	0	15	0	0	16	7	3	95.78	0		8.492854
41	171	65	0	15	0	3	13	5	4	222.37	0		26.146547
64	249	87	0	0	16	8	17	4	8	67.88	1		2.562142
64	248	66	0	0	0	14	13	6	5	311.06	1		34.428206
64	250	88	0	0	0	19	7	6	3	46.06	1		3.142251
23	92	27	0	0	20	15	16	3	6	48.49	0		11.636559
23	93	50	0	0	6	20	11	5	4	36.28	0		9.062457
41	170	59	0	14	0	7	14	6	4	189.13	1		12.286860
41	169	58	0	16	7	0	16	6	7	357.81	0		22.636449
64	247	46	0	17	13	0	9	6	3	123.92	0		48.960520
41	167	19	0	0	6	24	9	6	4	154.46	0		38.940223
10	41	48	0	0	20	21	13	3	3	94.28	0		21.372534
23	94	94	0	0	23	0	16	2	4	94.43	0		27.383993
93	362	1	0	13	6	7	14	4	8	75.49	0		4.579175
24	95	17	0	17	13	3	10	7	8	276.76	0		17.537060
93	366	70	0	0	13	13	6	3	8	33.09	0		15.645130
93	364	9	0	0	16	16	12	4	4	121.99	1		17.732728
93	365	16	0	31	0	0	6	6	8	212.05	0		13.801795
72	275	10	0	32	6	0	14	6	5	206.91	0		34.371357
72	276	36	0	32	6	5	11	6	5	182.19	0		69.689728
72	277	65	0	13	6	15	13	5	4	222.37	0		26.146547
72	278	91	0	0	0	22	7	5	7	347.57	1		38.044947
75	285	15	0	11	6	19	13	5	4	161.50	0		49.013072
91	354	18	0	0	20	24	8	4	6	72.51	0		12.111371
10	40	29	0	11	6	23	14	5	7	662.55	0		85.745636
10	42	83	0	32	6	10	9	6	8	346.78	0		95.041106
41	168	40	0	17	20	0	11	4	4	25.10	0		40.267902
60	233	81	0	37	0	0	16	6	7	146.11	0		10.761157
60	234	84	0	17	20	4	9	3	5	100.89	0		33.237935
16	62	10	0	37	0	7	14	6	5	206.91	0		34.371357
100	399	53	0	27	13	0	17	7	5	75.21	1		3.950899
16	66	80	0	28	20	0	8	5	8	528.16	0		44.650092
16	64	65	0	36	20	0	13	5	4	222.37	0		26.146547
16	63	31	0	36	20	4	16	3	5	66.02	0		22.152949
91	356	60	0	37	0	12	16	6	8	542.04	0		123.766349
93	363	4	0	0	16	20	7	3	3	29.85	1		14.370944
24	96	89	0	36	20	9	13	4	6	80.85	0		19.090477
100	398	11	0	36	20	15	14	4	8	268.86	0		62.571921
16	65	71	0	46	6	0	13	5	5	176.75	0		24.098026
100	397	9	0	17	13	11	12	4	4	121.99	1		17.732728
100	400	64	0	7	0	19	7	6	4	108.98	1		12.045135
58	227	68	0	43	6	5	14	3	8	65.11	0		8.877159
58	226	14	0	44	12	0	14	6	3	113.50	0		25.593605
16	67	87	0	13	0	11	17	4	8	67.88	1		2.562142
91	357	68	0	37	0	20	14	3	8	65.11	0		8.877159
75	286	78	0	0	13	21	6	3	6	32.55	0		6.712475
91	358	84	0	17	17	11	9	3	5	100.89	0		33.237935
91	355	42	0	7	0	23	7	6	7	41.54	1		1.629036
84	323	25	0	32	6	18	11	4	8	130.66	0		19.682410
84	324	65	0	36	20	23	13	5	4	222.37	0		26.146547
84	325	77	0	32	6	26	8	5	4	64.43	0		21.951547
84	322	9	0	12	16	16	12	4	4	121.99	1		17.732728
8	33	58	0	44	12	3	16	6	7	357.81	0		22.636449
8	34	73	0	37	3	20	17	3	8	294.66	0		20.436998
8	32	43	0	43	6	13	13	3	4	36.57	0		16.963351


-------------------------------------------------------------------------------------------------------------------
Tour_Id:			5
No_of_Customers:		17
No_of_Items:			68
Customer_Sequence:		54 59 25 26 85 36 74 15 92 27 40 62 94 48 97 31 14 

CustId	Id	TypeId	Rotated	x	y	z	Length	Width	Height	mass	Fragility	LoadBearingStrength
14	55	26	0	0	0	0	16	4	8	225.32	0		13.163403
14	58	93	0	0	4	0	6	6	3	31.16	0		18.148727
14	54	12	0	0	10	0	7	3	4	59.38	0		34.786214
14	56	45	0	0	13	0	6	2	7	27.51	0		31.681564
14	57	57	0	0	15	0	14	6	3	68.56	1		5.656579
31	122	14	0	6	4	0	14	6	3	113.50	0		25.593605
31	123	19	0	0	4	3	9	6	4	154.46	0		38.940223
31	124	32	0	0	4	7	6	6	5	31.94	0		6.327133
97	383	19	0	9	4	3	9	6	4	154.46	0		38.940223
97	386	97	0	0	21	0	14	3	5	33.39	0		6.457796
97	384	39	0	6	4	7	13	5	3	28.49	0		7.769864
97	385	87	0	0	15	3	17	4	8	67.88	1		2.562142
48	191	96	0	0	21	5	12	4	3	62.34	0		41.272267
48	189	57	0	6	4	10	14	6	3	68.56	1		5.656579
48	190	62	0	0	0	8	12	3	4	73.33	1		6.979842
94	369	26	0	0	21	8	16	4	8	225.32	0		13.163403
74	282	62	0	0	15	11	12	3	4	73.33	1		6.979842
94	372	82	0	17	10	0	9	6	8	225.49	0		111.118047
94	370	44	0	17	16	0	16	5	5	90.72	0		5.583542
94	368	22	0	20	0	0	11	7	4	165.31	0		14.594356
94	371	46	0	17	16	5	9	6	3	123.92	0		48.960520
62	242	93	0	17	10	8	6	6	3	31.16	0		18.148727
62	241	62	0	0	0	12	12	3	4	73.33	1		6.979842
62	240	4	0	0	0	16	7	3	3	29.85	1		14.370944
40	165	36	0	20	0	4	11	6	5	182.19	0		69.689728
40	166	79	0	0	21	16	9	4	8	228.74	1		9.468321
27	108	83	0	20	0	9	9	6	8	346.78	0		95.041106
36	148	46	0	17	16	8	9	6	3	123.92	0		48.960520
27	107	59	0	6	4	13	14	6	4	189.13	1		12.286860
92	359	81	0	26	7	0	16	6	7	146.11	0		10.761157
92	361	93	0	20	0	17	6	6	3	31.16	0		18.148727
92	360	88	0	6	4	17	7	6	3	46.06	1		3.142251
15	59	13	0	26	6	7	16	7	3	95.78	0		8.492854
15	60	15	0	23	6	10	13	5	4	161.50	0		49.013072
15	61	31	0	16	22	0	16	3	5	66.02	0		22.152949
74	283	67	0	16	22	5	13	3	6	121.09	0		22.931742
74	281	28	0	20	0	20	7	5	5	64.52	0		13.397381
74	284	78	0	9	21	16	6	3	6	32.55	0		6.712475
94	367	11	0	33	13	0	14	4	8	268.86	0		62.571921
36	145	14	0	23	6	14	14	6	3	113.50	0		25.593605
36	146	21	0	17	11	11	8	7	3	77.56	0		38.039138
36	147	21	0	17	18	11	8	7	3	77.56	0		38.039138
27	109	83	0	31	0	0	9	6	8	346.78	0		95.041106
85	326	3	0	20	6	17	16	4	8	385.21	0		34.986241
85	328	34	0	33	17	0	16	4	7	272.87	0		109.959358
85	331	82	0	16	12	14	9	6	8	225.49	0		111.118047
85	330	55	0	16	18	14	8	4	8	98.91	0		7.584361
85	329	45	0	9	21	22	6	2	7	27.51	0		31.681564
85	327	9	0	0	15	15	12	4	4	121.99	1		17.732728
26	103	11	0	32	21	0	14	4	8	268.86	0		62.571921
26	104	14	0	40	0	0	14	6	3	113.50	0		25.593605
26	105	67	0	33	17	7	13	3	6	121.09	0		22.931742
26	106	87	0	29	21	8	17	4	8	67.88	1		2.562142
26	102	4	0	16	22	14	7	3	3	29.85	1		14.370944
25	100	81	0	40	0	3	16	6	7	146.11	0		10.761157
25	98	34	0	33	13	8	16	4	7	272.87	0		109.959358
25	101	82	0	16	12	22	9	6	8	225.49	0		111.118047
25	97	6	0	20	6	25	12	5	3	114.65	0		31.079617
25	99	59	0	37	0	10	14	6	4	189.13	1		12.286860
59	230	23	0	33	17	13	15	3	7	99.66	0		7.661519
59	229	22	0	42	6	0	11	7	4	165.31	0		14.594356
59	232	67	0	33	13	15	13	3	6	121.09	0		22.931742
59	231	39	0	42	6	4	13	5	3	28.49	0		7.769864
59	228	4	0	15	18	22	7	3	3	29.85	1		14.370944
54	213	69	0	42	6	7	14	5	8	450.87	0		58.398027
54	210	25	0	33	17	20	11	4	8	130.66	0		19.682410
54	212	68	0	33	13	21	14	3	8	65.11	0		8.877159
54	211	66	0	37	0	14	13	6	5	311.06	1		34.428206


-------------------------------------------------------------------------------------------------------------------
Tour_Id:			6
No_of_Customers:		15
No_of_Items:			66
Customer_Sequence:		2 96 53 49 44 19 61 70 99 32 88 28 81 5 83 

CustId	Id	TypeId	Rotated	x	y	z	Length	Width	Height	mass	Fragility	LoadBearingStrength
83	321	81	0	0	0	0	16	6	7	146.11	0		10.761157
83	319	16	0	0	6	0	6	6	8	212.05	0		13.801795
83	320	64	0	0	12	0	7	6	4	108.98	1		12.045135
5	22	3	0	0	18	0	16	4	8	385.21	0		34.986241
5	21	1	0	0	0	7	14	4	8	75.49	0		4.579175
81	313	75	0	0	18	8	16	4	7	107.53	0		10.039220
81	311	47	0	0	0	15	12	5	7	132.58	0		16.015833
81	310	19	0	0	0	22	9	6	4	154.46	0		38.940223
81	309	6	0	0	18	15	12	5	3	114.65	0		31.079617
81	312	61	0	0	18	18	13	4	7	254.33	1		8.946148
28	110	11	0	6	6	0	14	4	8	268.86	0		62.571921
28	112	97	0	0	6	8	14	3	5	33.39	0		6.457796
28	111	40	0	0	6	13	11	4	4	25.10	0		40.267902
88	344	37	0	7	10	0	15	7	7	590.54	0		47.815847
88	346	75	0	6	10	7	16	4	7	107.53	0		10.039220
88	342	25	0	0	6	17	11	4	8	130.66	0		19.682410
88	345	71	0	6	10	14	13	5	5	176.75	0		24.098026
88	343	35	0	0	6	25	8	5	4	46.84	0		9.682825
88	347	84	0	6	14	7	9	3	5	100.89	0		33.237935
32	125	6	0	0	0	26	12	5	3	114.65	0		31.079617
32	126	28	0	16	0	0	7	5	5	64.52	0		13.397381
32	127	45	0	0	23	0	6	2	7	27.51	0		31.681564
32	128	45	0	0	23	7	6	2	7	27.51	0		31.681564
99	393	10	0	16	17	0	14	6	5	206.91	0		34.371357
99	394	51	0	16	17	5	17	3	7	135.87	0		14.572170
99	391	2	0	14	6	8	6	3	3	43.73	0		81.981612
99	396	91	0	16	0	5	7	5	7	347.57	1		38.044947
99	392	9	0	0	18	25	12	4	4	121.99	1		17.732728
99	395	62	0	16	20	5	12	3	4	73.33	1		6.979842
70	269	47	0	20	5	0	12	5	7	132.58	0		16.015833
70	272	99	0	22	10	0	9	6	5	77.75	0		9.307706
70	271	64	0	16	0	12	7	6	4	108.98	1		12.045135
70	270	54	0	16	20	9	7	4	3	27.93	1		12.913142
61	239	81	0	31	10	0	16	6	7	146.11	0		10.761157
61	238	80	0	22	10	5	8	5	8	528.16	0		44.650092
61	235	16	0	22	10	13	6	6	8	212.05	0		13.801795
61	237	32	0	8	10	19	6	6	5	31.94	0		6.327133
49	194	44	0	23	0	0	16	5	5	90.72	0		5.583542
19	78	37	0	30	10	7	15	7	7	590.54	0		47.815847
19	80	47	0	23	5	7	12	5	7	132.58	0		16.015833
19	82	80	0	22	10	21	8	5	8	528.16	0		44.650092
19	77	32	0	8	10	24	6	6	5	31.94	0		6.327133
19	79	43	0	16	17	12	13	3	4	36.57	0		16.963351
19	81	48	0	13	17	16	13	3	3	94.28	0		21.372534
44	178	60	0	30	10	14	16	6	8	542.04	0		123.766349
44	179	69	0	23	5	14	14	5	8	450.87	0		58.398027
44	177	7	0	23	5	22	6	5	8	192.78	0		32.424515
49	196	69	0	23	0	5	14	5	8	450.87	0		58.398027
61	236	21	0	33	16	0	8	7	3	77.56	0		38.039138
49	197	71	0	23	0	13	13	5	5	176.75	0		24.098026
49	193	23	0	13	17	19	15	3	7	99.66	0		7.661519
49	192	19	0	30	10	22	9	6	4	154.46	0		38.940223
49	195	48	0	12	17	26	13	3	3	94.28	0		21.372534
53	207	14	0	39	0	0	14	6	3	113.50	0		25.593605
53	208	31	0	23	0	18	16	3	5	66.02	0		22.152949
53	209	32	0	33	17	3	6	6	5	31.94	0		6.327133
96	379	50	0	30	10	26	11	5	4	36.28	0		9.062457
96	381	97	0	23	0	23	14	3	5	33.39	0		6.457796
2	11	84	0	29	5	22	9	3	5	100.89	0		33.237935
96	380	87	0	37	6	0	17	4	8	67.88	1		2.562142
96	382	100	0	37	6	8	12	4	5	126.97	1		33.240486
2	9	58	0	39	0	3	16	6	7	357.81	0		22.636449
2	7	36	0	39	0	10	11	6	5	182.19	0		69.689728
2	8	43	0	37	3	15	13	3	4	36.57	0		16.963351
2	10	84	0	38	3	19	9	3	5	100.89	0		33.237935
96	378	48	0	47	10	0	13	3	3	94.28	0		21.372534


