Name:				17_Manual_n50_m200_bt100_2_1123
Problem:			3L-VRPTW
Number_of_used_Vehicles:	1
Total_Travel_Distance:		35.58
Calculation_Time:		2.34
Total_Iterations:		1
ConstraintSet:			P1

-------------------------------------------------------------------------------------------------------------------
Tour_Id:			1
No_of_Customers:		6
No_of_Items:			36
Customer_Sequence:		27 22 17 19 8 14 

CustId	Id	TypeId	Rotated	x	y	z	Length	Width	Height	mass	Fragility	LoadBearingStrength
8	27	5	0	0	0	0	112	60	60	17.69	0		0.013200
8	30	84	0	0	60	0	111	60	60	19.21	0		0.014400
14	48	20	0	0	0	60	106	60	60	12.79	0		0.010100
27	103	16	0	0	60	60	106	60	60	2.65	0		0.002100
22	87	30	0	0	0	120	99	60	60	17.85	0		0.015000
22	86	29	0	0	60	120	97	60	60	3.98	0		0.003400
19	72	49	0	111	60	0	89	60	60	3.22	0		0.003000
17	64	95	0	106	60	60	89	60	60	10.48	0		0.009800
19	75	87	0	97	60	120	80	60	60	2.58	0		0.002700
27	108	65	0	112	0	0	63	60	60	18.59	0		0.024600
19	70	22	0	106	0	60	60	56	53	1.26	0		0.001900
17	63	74	0	0	120	0	51	39	49	2.73	0		0.006900
17	59	3	1	51	120	0	50	55	29	3.60	0		0.006500
17	60	40	0	0	120	49	29	45	60	3	0		0.011500
8	31	98	0	51	120	29	57	39	34	3.02	0		0.006800
27	105	28	0	51	120	63	31	43	45	4.16	0		0.015600
17	61	56	0	106	120	0	52	50	23	2.80	0		0.005400
27	107	56	0	106	0	113	52	50	23	2.80	0		0.005400
22	90	81	0	99	0	136	31	44	43	3.32	0		0.012200
14	46	8	1	0	120	109	47	20	56	4.18	0		0.022300
27	109	77	1	130	0	136	41	33	36	2.50	0		0.009200
22	84	2	0	158	120	0	24	37	50	3.76	0		0.021200
27	106	46	0	158	120	50	29	35	43	4.43	0		0.021800
19	71	36	0	175	0	0	56	20	31	3.07	0		0.013700
27	104	17	0	158	120	93	22	32	45	4.10	0		0.029100
19	74	80	0	51	120	108	28	34	33	3.42	0		0.018000
8	29	82	0	175	20	0	50	28	21	3.07	0		0.011000
8	28	82	0	175	20	21	50	28	21	3.07	0		0.011000
22	85	12	0	82	120	63	29	21	41	3.76	0		0.030900
19	76	99	0	51	120	141	26	34	28	4.15	0		0.023500
22	89	72	0	111	120	23	26	32	26	4.16	0		0.025000
14	47	13	1	0	120	165	28	21	23	1.06	0		0.009000
17	62	61	0	200	60	0	109	60	60	16.08	1		0.002500
22	88	67	1	182	120	0	34	60	38	4.28	1		0.002100
14	49	67	0	195	60	60	34	60	38	4.28	1		0.002100
19	73	71	0	175	20	42	57	22	46	2.36	1		0.001900


