Name:				18_Manual_n50_m200_bt100_3_1402
Problem:			3L-VRPTW
Number_of_used_Vehicles:	1
Total_Travel_Distance:		34.75
Calculation_Time:		3.56
Total_Iterations:		1
ConstraintSet:			P1

-------------------------------------------------------------------------------------------------------------------
Tour_Id:			1
No_of_Customers:		6
No_of_Items:			31
Customer_Sequence:		16 6 17 24 11 21 

CustId	Id	TypeId	Rotated	x	y	z	Length	Width	Height	mass	Fragility	LoadBearingStrength
21	89	19	0	0	0	0	102	60	60	13.18	0		0.010800
21	90	73	0	0	60	0	27	31	34	3.01	0		0.018000
21	88	4	0	0	91	0	21	28	47	1.43	0		0.012100
21	91	100	0	0	0	60	96	60	60	21.81	1		0.003800
11	48	58	0	21	91	0	85	60	60	21.58	0		0.021200
11	49	58	0	21	91	60	85	60	60	21.58	0		0.021200
11	47	16	0	21	91	120	57	46	38	4.37	0		0.008300
11	46	5	1	0	151	0	23	36	22	4.94	0		0.029800
11	50	94	0	0	0	120	95	60	60	7.04	1		0.001200
24	99	13	0	102	0	0	86	60	60	7.10	0		0.006900
24	100	16	0	96	0	60	57	46	38	4.37	0		0.008300
16	68	67	1	0	151	22	22	37	37	4.81	0		0.029600
24	102	37	0	21	91	158	58	20	28	1.99	0		0.008600
24	104	54	0	21	111	158	47	22	31	4.88	0		0.023600
24	105	72	1	27	60	0	25	53	22	4.23	0		0.016000
24	103	40	0	96	0	98	48	58	57	3.64	1		0.001300
17	73	74	0	106	91	0	115	60	60	20.46	0		0.014800
17	74	85	0	106	91	60	115	60	60	6.56	0		0.004800
17	72	25	0	188	0	0	57	51	59	2.42	0		0.004200
17	75	97	0	27	60	22	58	21	54	2.10	0		0.008600
6	28	36	0	85	60	0	30	30	39	1.76	0		0.009800
6	25	4	0	27	60	76	21	28	47	1.43	0		0.012100
6	26	10	1	27	60	123	30	23	40	1.53	0		0.011100
16	67	62	0	188	0	59	53	59	54	2.56	0		0.004100
16	69	92	1	188	51	0	36	60	27	3.53	0		0.008200
24	101	18	1	153	0	60	54	33	41	2.74	0		0.007700
16	66	9	0	0	151	59	24	22	40	2.41	0		0.022800
17	71	13	0	106	91	120	86	60	60	7.10	0		0.006900
6	29	56	0	221	91	0	88	60	60	11.53	0		0.010900
6	27	13	0	221	91	60	86	60	60	7.10	0		0.006900
16	70	100	0	192	91	120	96	60	60	21.81	1		0.003800


