Name:				18_Manual_n50_m200_bt100_3_1194
Problem:			3L-VRPTW
Number_of_used_Vehicles:	1
Total_Travel_Distance:		26.88
Calculation_Time:		1.16
Total_Iterations:		1
ConstraintSet:			P1

-------------------------------------------------------------------------------------------------------------------
Tour_Id:			1
No_of_Customers:		6
No_of_Items:			32
Customer_Sequence:		11 21 5 15 2 17 

CustId	Id	TypeId	Rotated	x	y	z	Length	Width	Height	mass	Fragility	LoadBearingStrength
17	73	74	0	0	0	0	115	60	60	20.46	0		0.014800
17	74	85	0	0	60	0	115	60	60	6.56	0		0.004800
5	24	74	0	0	0	60	115	60	60	20.46	0		0.014800
5	23	39	0	0	60	60	103	60	60	8.98	0		0.007300
21	89	19	0	0	0	120	102	60	60	13.18	0		0.010800
15	65	95	0	0	60	120	97	60	60	18.80	0		0.016100
15	61	56	0	115	0	0	88	60	60	11.53	0		0.010900
17	71	13	0	115	60	0	86	60	60	7.10	0		0.006900
11	48	58	0	103	60	60	85	60	60	21.58	0		0.021200
11	49	58	0	97	60	120	85	60	60	21.58	0		0.021200
17	72	25	0	0	120	0	57	51	59	2.42	0		0.004200
5	20	16	0	0	120	59	57	46	38	4.37	0		0.008300
11	47	16	0	0	120	97	57	46	38	4.37	0		0.008300
5	21	21	0	0	120	135	57	50	29	2.21	0		0.003900
2	6	47	0	57	120	0	32	46	53	1.74	0		0.005900
2	8	68	1	89	120	0	41	58	30	2.48	0		0.005200
2	9	86	0	89	120	30	33	53	38	1.53	0		0.004400
17	75	97	0	115	0	60	58	21	54	2.10	0		0.008600
15	64	90	0	147	120	0	48	49	21	1.44	0		0.003100
2	5	42	1	57	120	53	49	26	34	1.40	0		0.005500
5	22	35	0	115	21	60	43	24	41	2.79	0		0.013500
2	7	67	0	57	120	87	22	37	37	4.81	0		0.029600
15	62	73	0	89	120	68	27	31	34	3.01	0		0.018000
15	63	73	0	89	120	102	27	31	34	3.01	0		0.018000
21	90	73	0	122	120	30	27	31	34	3.01	0		0.018000
21	88	4	1	122	120	64	21	28	47	1.43	0		0.012100
2	4	2	1	115	21	101	20	50	27	2.42	0		0.012100
5	19	5	0	149	120	21	23	36	22	4.94	0		0.029800
11	46	5	0	158	21	60	23	36	22	4.94	0		0.029800
21	91	100	0	201	60	0	96	60	60	21.81	1		0.003800
11	50	94	0	188	60	60	95	60	60	7.04	1		0.001200
2	10	93	0	182	60	120	48	34	55	1.68	1		0.001000


