Name:				24_Manual_n50_m300_bt10_4_932
Problem:			3L-VRPTW
Number_of_used_Vehicles:	1
Total_Travel_Distance:		23.88
Calculation_Time:		1.11
Total_Iterations:		1
ConstraintSet:			P1

-------------------------------------------------------------------------------------------------------------------
Tour_Id:			1
No_of_Customers:		4
No_of_Items:			31
Customer_Sequence:		16 7 8 25 

CustId	Id	TypeId	Rotated	x	y	z	Length	Width	Height	mass	Fragility	LoadBearingStrength
25	141	10	0	0	0	0	57	59	44	1.90	0		0.002800
25	135	2	0	0	59	0	48	51	58	1.51	0		0.003100
25	136	2	0	0	110	0	48	51	58	1.51	0		0.003100
25	137	2	0	0	0	44	48	51	58	1.51	0		0.003100
25	140	6	0	0	59	58	55	48	50	1.86	0		0.003500
25	138	4	0	0	107	58	41	40	28	1.27	0		0.003900
25	139	4	0	0	107	86	41	40	28	1.27	0		0.003900
8	43	3	0	48	110	0	96	60	60	21.83	0		0.019000
8	44	3	0	41	107	60	96	60	60	21.83	0		0.019000
8	45	3	0	41	107	120	96	60	60	21.83	0		0.019000
8	48	10	0	57	0	0	57	59	44	1.90	0		0.002800
8	49	10	0	48	0	44	57	59	44	1.90	0		0.002800
8	42	2	0	0	0	102	48	51	58	1.51	0		0.003100
8	39	1	1	0	59	108	46	58	52	1.07	0		0.002000
8	40	1	0	48	0	88	46	58	52	1.07	0		0.002000
8	41	1	1	55	59	0	46	58	52	1.07	0		0.002000
8	46	5	1	0	107	114	50	35	51	3.04	0		0.008700
8	47	5	0	55	59	52	50	35	51	3.04	0		0.008700
7	34	3	0	114	0	0	96	60	60	21.83	0		0.019000
7	38	10	0	48	0	140	57	59	44	1.90	0		0.002800
7	33	2	0	114	0	60	48	51	58	1.51	0		0.003100
7	36	5	0	113	60	0	50	35	51	3.04	0		0.008700
7	37	5	0	113	60	51	50	35	51	3.04	0		0.008700
7	35	4	0	113	60	102	41	40	28	1.27	0		0.003900
16	86	3	0	144	110	0	96	60	60	21.83	0		0.019000
16	88	8	0	137	100	60	93	60	60	2.26	0		0.002000
16	91	10	0	137	100	120	57	59	44	1.90	0		0.002800
16	85	1	0	114	0	118	46	58	52	1.07	0		0.002000
16	87	6	0	162	0	60	55	48	50	1.86	0		0.003500
16	89	9	0	162	0	110	59	27	37	3.25	0		0.010200
16	90	9	0	160	0	147	59	27	37	3.25	0		0.010200


