Name:				27_Manual_n50_m300_bt100_2_895
Problem:			3L-VRPTW
Number_of_used_Vehicles:	1
Total_Travel_Distance:		29.00
Calculation_Time:		0.98
Total_Iterations:		1
ConstraintSet:			P1

-------------------------------------------------------------------------------------------------------------------
Tour_Id:			1
No_of_Customers:		4
No_of_Items:			27
Customer_Sequence:		24 2 13 22 

CustId	Id	TypeId	Rotated	x	y	z	Length	Width	Height	mass	Fragility	LoadBearingStrength
22	131	100	0	0	0	0	89	60	60	13.41	0		0.012600
22	128	26	0	0	60	0	88	60	60	7.41	0		0.007000
22	129	60	0	0	0	60	82	60	60	6.04	0		0.006100
22	127	15	0	0	120	0	53	29	47	4.30	0		0.014000
22	130	64	0	0	149	0	36	20	58	4.83	0		0.033500
13	73	16	0	88	60	0	119	60	60	12.74	0		0.008900
13	76	66	0	0	0	120	100	60	60	10.31	0		0.008600
13	75	60	0	0	60	60	82	60	60	6.04	0		0.006100
13	77	70	0	0	60	120	40	30	56	1.74	0		0.007200
13	79	89	1	0	90	120	36	40	42	4.55	0		0.015800
13	74	40	1	40	60	120	56	45	22	4.15	0		0.008200
13	78	78	0	85	60	60	72	60	60	17.55	1		0.004100
2	7	6	0	100	0	0	97	60	60	21.90	0		0.018800
2	12	75	0	100	0	60	90	60	60	15.01	0		0.013900
2	13	75	0	100	0	120	90	60	60	15.01	0		0.013900
2	10	63	1	53	120	0	53	58	32	3.83	0		0.006200
2	8	19	0	53	120	32	26	51	49	4.14	0		0.015600
2	14	95	0	111	120	0	54	47	24	3.13	0		0.006200
2	9	51	1	0	126	47	21	24	45	1.26	0		0.012500
2	11	68	0	53	120	81	28	28	21	2.63	0		0.016800
24	146	100	0	197	0	0	89	60	60	13.41	0		0.012600
24	143	60	0	190	0	60	82	60	60	6.04	0		0.006100
24	144	85	0	111	120	24	58	35	49	2.15	0		0.005300
24	145	89	0	111	120	73	36	40	42	4.55	0		0.015800
24	141	40	0	157	60	60	56	45	22	4.15	0		0.008200
24	140	9	0	111	120	115	37	45	31	3.34	0		0.010000
24	142	54	0	190	0	120	60	60	60	5.54	1		0.001500


