Name:				28_Manual_n50_m300_bt100_3_1272
Problem:			3L-VRPTW
Number_of_used_Vehicles:	1
Total_Travel_Distance:		18.37
Calculation_Time:		1.45
Total_Iterations:		1
ConstraintSet:			P1

-------------------------------------------------------------------------------------------------------------------
Tour_Id:			1
No_of_Customers:		4
No_of_Items:			33
Customer_Sequence:		20 38 16 39 

CustId	Id	TypeId	Rotated	x	y	z	Length	Width	Height	mass	Fragility	LoadBearingStrength
39	233	74	0	0	0	0	79	60	60	5.46	0		0.005800
39	234	77	0	0	60	0	45	51	55	2.88	0		0.006300
39	231	36	0	0	111	0	60	42	46	2.48	0		0.004900
39	229	2	1	0	111	46	46	58	32	2.50	0		0.004700
39	232	43	0	0	60	55	27	47	42	4.57	0		0.018000
39	230	14	0	0	0	60	54	29	29	3.96	0		0.012600
16	93	99	0	60	60	0	103	60	60	21.41	0		0.017300
16	89	73	0	60	60	60	99	60	60	7.10	0		0.006000
16	91	75	0	60	60	120	95	60	60	3.74	0		0.003300
16	92	88	0	79	0	0	87	60	60	7.48	0		0.007200
16	90	74	0	54	0	60	79	60	60	5.46	0		0.005800
16	86	10	0	54	0	120	74	60	60	9.17	0		0.010300
16	87	29	1	0	29	60	31	37	49	3.66	0		0.016000
16	88	37	0	0	111	78	28	38	34	2.25	0		0.010600
16	94	100	0	0	60	97	34	40	26	4.37	0		0.016100
38	222	4	0	163	60	0	106	60	60	19.08	0		0.015000
38	223	4	0	159	60	60	106	60	60	19.08	0		0.015000
38	228	73	0	155	60	120	99	60	60	7.10	0		0.006000
38	221	2	1	60	120	0	46	58	32	2.50	0		0.004700
38	226	65	0	60	120	32	52	28	26	2.97	0		0.010200
38	224	6	0	58	120	58	39	24	31	2.39	0		0.012800
38	227	72	0	118	120	0	33	34	20	4.59	0		0.020500
38	225	28	0	133	0	60	39	59	26	4.78	1		0.002100
20	118	73	0	172	0	0	99	60	60	7.10	0		0.006000
20	120	94	0	172	0	60	96	60	60	6.34	0		0.005500
20	117	70	0	172	0	120	65	60	60	14.36	0		0.018400
20	115	62	1	151	120	0	29	55	42	1.28	0		0.004000
20	113	24	0	118	120	20	32	38	50	2.69	0		0.011100
20	114	29	0	118	120	70	31	37	49	3.66	0		0.016000
20	121	100	1	118	120	119	34	40	26	4.37	0		0.016100
20	122	100	1	118	120	145	34	40	26	4.37	0		0.016100
20	119	90	0	151	149	0	23	22	53	1.07	0		0.010600
20	116	66	0	97	120	58	20	21	25	1.13	0		0.013400


