Name:				31_Manual_n50_m400_bt10_1_864
Problem:			3L-VRPTW
Number_of_used_Vehicles:	1
Total_Travel_Distance:		44.08
Calculation_Time:		13.56
Total_Iterations:		1
ConstraintSet:			P1

-------------------------------------------------------------------------------------------------------------------
Tour_Id:			1
No_of_Customers:		8
No_of_Items:			85
Customer_Sequence:		5 1 11 13 14 17 9 20 

CustId	Id	TypeId	Rotated	x	y	z	Length	Width	Height	mass	Fragility	LoadBearingStrength
20	161	10	0	0	0	0	35	55	55	1.65	0		0.004300
20	162	10	0	0	55	0	35	55	55	1.65	0		0.004300
20	156	4	0	0	110	0	49	54	35	3.49	0		0.006600
20	157	4	0	0	110	35	49	54	35	3.49	0		0.006600
20	158	4	0	0	110	70	49	54	35	3.49	0		0.006600
20	154	1	0	0	0	55	21	27	54	2.27	0		0.020100
20	159	5	0	0	27	55	25	28	27	2.33	0		0.016600
20	155	3	0	0	55	55	21	29	31	1.95	0		0.016000
20	160	9	1	0	84	55	22	28	29	4.23	0		0.034300
9	68	4	0	0	110	105	49	54	35	3.49	0		0.006600
9	69	4	0	0	110	140	49	54	35	3.49	0		0.006600
9	70	4	0	35	0	0	49	54	35	3.49	0		0.006600
9	71	4	0	35	54	0	49	54	35	3.49	0		0.006600
9	73	7	0	35	0	35	53	41	29	2.22	0		0.005100
9	74	7	0	25	0	64	53	41	29	2.22	0		0.005100
9	72	6	0	21	0	93	44	20	27	3.49	0		0.019800
17	138	10	0	35	54	35	35	55	55	1.65	0		0.004300
17	139	10	0	35	54	90	35	55	55	1.65	0		0.004300
17	140	10	0	49	110	0	35	55	55	1.65	0		0.004300
17	127	2	0	49	109	55	27	60	49	4.30	0		0.013300
17	128	2	0	49	109	104	27	60	49	4.30	0		0.013300
17	135	7	1	35	54	145	53	41	29	2.22	0		0.005100
17	136	7	0	84	41	0	53	41	29	2.22	0		0.005100
17	133	6	0	21	20	93	44	20	27	3.49	0		0.019800
17	134	6	0	21	0	120	44	20	27	3.49	0		0.019800
17	130	5	1	21	20	120	25	28	27	2.33	0		0.016600
17	131	5	0	21	0	147	25	28	27	2.33	0		0.016600
17	132	5	0	49	109	153	25	28	27	2.33	0		0.016600
17	129	3	1	21	28	147	21	29	31	1.95	0		0.016000
17	137	9	0	49	137	153	22	28	29	4.23	0		0.034300
14	111	10	0	84	82	0	35	55	55	1.65	0		0.004300
14	109	4	0	119	82	0	49	54	35	3.49	0		0.006600
14	104	2	1	84	137	0	27	60	49	4.30	0		0.013300
14	105	2	1	84	41	29	27	60	49	4.30	0		0.013300
14	106	3	0	76	109	55	21	29	31	1.95	0		0.016000
14	107	3	0	76	109	86	21	29	31	1.95	0		0.016000
14	108	3	0	76	109	117	21	29	31	1.95	0		0.016000
14	110	9	0	76	109	148	22	28	29	4.23	0		0.034300
13	95	4	0	119	82	35	49	54	35	3.49	0		0.006600
13	96	4	0	119	82	70	49	54	35	3.49	0		0.006600
13	100	7	0	88	0	0	53	41	29	2.22	0		0.005100
13	101	7	0	88	0	29	53	41	29	2.22	0		0.005100
13	102	8	0	84	41	78	29	27	56	4.40	0		0.028100
13	98	6	0	88	0	58	44	20	27	3.49	0		0.019800
13	99	6	0	78	0	85	44	20	27	3.49	0		0.019800
13	97	5	1	78	0	112	25	28	27	2.33	0		0.016600
13	93	3	0	78	0	139	21	29	31	1.95	0		0.016000
13	94	3	0	84	41	134	21	29	31	1.95	0		0.016000
13	103	9	0	113	41	78	22	28	29	4.23	0		0.034300
11	85	10	0	119	82	105	35	55	55	1.65	0		0.004300
11	81	2	1	97	137	49	27	60	49	4.30	0		0.013300
11	82	2	1	97	137	98	27	60	49	4.30	0		0.013300
11	79	1	0	113	41	107	21	27	54	2.27	0		0.020100
11	80	1	0	141	0	0	21	27	54	2.27	0		0.020100
11	84	5	0	97	137	147	25	28	27	2.33	0		0.016600
11	83	3	0	122	137	147	21	29	31	1.95	0		0.016000
1	12	10	1	157	136	0	35	55	55	1.65	0		0.004300
1	13	10	1	157	136	55	35	55	55	1.65	0		0.004300
1	3	4	0	162	0	0	49	54	35	3.49	0		0.006600
1	4	4	0	162	0	35	49	54	35	3.49	0		0.006600
1	5	4	0	162	0	70	49	54	35	3.49	0		0.006600
1	6	4	0	154	0	105	49	54	35	3.49	0		0.006600
1	7	4	0	154	0	140	49	54	35	3.49	0		0.006600
1	1	2	1	157	136	110	27	60	49	4.30	0		0.013300
1	2	2	1	168	82	0	27	60	49	4.30	0		0.013300
1	8	7	1	119	82	160	53	41	29	2.22	0		0.005100
1	9	8	0	168	82	49	29	27	56	4.40	0		0.028100
1	10	9	0	113	41	161	22	28	29	4.23	0		0.034300
1	11	9	0	144	54	0	22	28	29	4.23	0		0.034300
5	39	4	0	211	0	0	49	54	35	3.49	0		0.006600
5	40	4	0	211	0	35	49	54	35	3.49	0		0.006600
5	41	4	0	211	0	70	49	54	35	3.49	0		0.006600
5	34	2	1	166	54	0	27	60	49	4.30	0		0.013300
5	35	2	1	166	54	49	27	60	49	4.30	0		0.013300
5	36	2	1	166	54	98	27	60	49	4.30	0		0.013300
5	45	7	0	203	0	105	53	41	29	2.22	0		0.005100
5	46	7	0	203	0	134	53	41	29	2.22	0		0.005100
5	47	8	0	168	109	0	29	27	56	4.40	0		0.028100
5	32	1	0	144	54	29	21	27	54	2.27	0		0.020100
5	33	1	0	144	54	83	21	27	54	2.27	0		0.020100
5	44	6	0	157	136	159	44	20	27	3.49	0		0.019800
5	42	5	0	166	54	147	25	28	27	2.33	0		0.016600
5	43	5	0	160	82	105	25	28	27	2.33	0		0.016600
5	37	3	0	160	82	132	21	29	31	1.95	0		0.016000
5	38	3	1	168	109	56	21	29	31	1.95	0		0.016000


