Name:				32_Manual_n50_m400_bt10_2_807
Problem:			3L-VRPTW
Number_of_used_Vehicles:	1
Total_Travel_Distance:		13.82
Calculation_Time:		0.71
Total_Iterations:		1
ConstraintSet:			P1

-------------------------------------------------------------------------------------------------------------------
Tour_Id:			1
No_of_Customers:		3
No_of_Items:			30
Customer_Sequence:		22 7 31 

CustId	Id	TypeId	Rotated	x	y	z	Length	Width	Height	mass	Fragility	LoadBearingStrength
31	244	3	0	0	0	0	92	60	60	4.71	0		0.004300
31	245	3	0	0	60	0	92	60	60	4.71	0		0.004300
31	246	3	0	0	0	60	92	60	60	4.71	0		0.004300
31	251	8	0	0	60	60	75	60	60	16.82	0		0.018700
31	242	1	1	0	120	0	45	57	52	1.58	0		0.003100
31	243	1	1	0	120	52	45	57	52	1.58	0		0.003100
31	248	6	0	0	120	104	35	44	54	4.80	0		0.015600
31	247	5	0	0	0	120	58	39	30	1.85	0		0.004100
31	249	7	0	35	120	104	20	25	40	4.86	0		0.048600
31	250	7	0	35	145	104	20	25	40	4.86	0		0.048600
7	50	2	0	92	0	0	120	60	60	8.72	0		0.006100
7	51	2	0	92	60	0	120	60	60	8.72	0		0.006100
7	52	2	0	75	60	60	120	60	60	8.72	0		0.006100
7	49	1	0	0	39	120	45	57	52	1.58	0		0.003100
7	55	6	0	57	120	0	35	44	54	4.80	0		0.015600
7	56	6	0	57	120	54	35	44	54	4.80	0		0.015600
7	54	5	0	0	0	150	58	39	30	1.85	0		0.004100
7	60	10	0	45	39	120	22	41	54	1.12	0		0.006200
7	61	10	0	55	120	108	22	41	54	1.12	0		0.006200
7	53	4	0	0	120	158	44	34	28	4.92	0		0.016400
7	57	7	0	45	80	120	20	25	40	4.86	0		0.048600
7	58	7	0	58	0	120	20	25	40	4.86	0		0.048600
7	59	9	0	92	120	0	44	54	24	3.30	1		0.001400
22	177	2	0	75	60	120	120	60	60	8.72	0		0.006100
22	178	3	0	92	0	60	92	60	60	4.71	0		0.004300
22	181	8	0	92	0	120	75	60	60	16.82	0		0.018700
22	176	1	1	136	120	0	45	57	52	1.58	0		0.003100
22	180	6	0	136	120	52	35	44	54	4.80	0		0.015600
22	179	5	0	193	120	0	58	39	30	1.85	0		0.004100
22	182	9	0	92	120	24	44	54	24	3.30	1		0.001400


