Name:				32_Manual_n50_m400_bt10_2_1243
Problem:			3L-VRPTW
Number_of_used_Vehicles:	1
Total_Travel_Distance:		10.56
Calculation_Time:		1.36
Total_Iterations:		1
ConstraintSet:			P1

-------------------------------------------------------------------------------------------------------------------
Tour_Id:			1
No_of_Customers:		3
No_of_Items:			34
Customer_Sequence:		44 7 34 

CustId	Id	TypeId	Rotated	x	y	z	Length	Width	Height	mass	Fragility	LoadBearingStrength
34	269	3	0	0	0	0	92	60	60	4.71	0		0.004300
34	270	3	0	0	60	0	92	60	60	4.71	0		0.004300
34	271	3	0	0	0	60	92	60	60	4.71	0		0.004300
34	272	6	0	0	120	0	35	44	54	4.80	0		0.015600
34	273	6	0	0	120	54	35	44	54	4.80	0		0.015600
7	50	2	0	0	60	60	120	60	60	8.72	0		0.006100
7	51	2	0	0	0	120	120	60	60	8.72	0		0.006100
7	52	2	0	0	60	120	120	60	60	8.72	0		0.006100
7	49	1	1	35	120	0	45	57	52	1.58	0		0.003100
7	55	6	0	0	120	108	35	44	54	4.80	0		0.015600
7	56	6	0	35	120	52	35	44	54	4.80	0		0.015600
7	54	5	0	92	0	0	58	39	30	1.85	0		0.004100
7	60	10	0	35	120	106	22	41	54	1.12	0		0.006200
7	61	10	0	70	120	52	22	41	54	1.12	0		0.006200
7	53	4	0	0	120	162	44	34	28	4.92	0		0.016400
7	57	7	0	57	120	106	20	25	40	4.86	0		0.048600
7	58	7	1	57	145	106	20	25	40	4.86	0		0.048600
7	59	9	0	92	39	0	44	54	24	3.30	1		0.001400
44	342	2	0	136	39	0	120	60	60	8.72	0		0.006100
44	343	3	0	120	99	0	92	60	60	4.71	0		0.004300
44	353	8	0	120	99	60	75	60	60	16.82	0		0.018700
44	354	8	0	120	99	120	75	60	60	16.82	0		0.018700
44	355	8	0	136	39	60	75	60	60	16.82	0		0.018700
44	349	6	1	150	0	0	35	44	54	4.80	0		0.015600
44	350	6	1	150	0	54	35	44	54	4.80	0		0.015600
44	345	5	0	194	0	0	58	39	30	1.85	0		0.004100
44	346	5	0	194	0	30	58	39	30	1.85	0		0.004100
44	347	5	0	194	0	60	58	39	30	1.85	0		0.004100
44	348	5	0	194	0	90	58	39	30	1.85	0		0.004100
44	356	10	0	92	120	0	22	41	54	1.12	0		0.006200
44	357	10	0	92	120	54	22	41	54	1.12	0		0.006200
44	344	4	0	150	0	108	44	34	28	4.92	0		0.016400
44	351	7	0	57	120	146	20	25	40	4.86	0		0.048600
44	352	7	0	57	145	146	20	25	40	4.86	0		0.048600


