Name:				37_Manual_n50_m400_bt100_2_1281
Problem:			3L-VRPTW
Number_of_used_Vehicles:	1
Total_Travel_Distance:		21.14
Calculation_Time:		1.74
Total_Iterations:		1
ConstraintSet:			P1

-------------------------------------------------------------------------------------------------------------------
Tour_Id:			1
No_of_Customers:		3
No_of_Items:			33
Customer_Sequence:		31 17 48 

CustId	Id	TypeId	Rotated	x	y	z	Length	Width	Height	mass	Fragility	LoadBearingStrength
48	381	71	0	0	0	0	108	60	60	14.12	0		0.010900
48	383	87	0	0	60	0	62	60	60	10.54	0		0.014200
48	380	63	1	0	120	0	45	56	60	4.57	0		0.009100
48	384	89	0	0	60	60	55	53	49	1.30	0		0.002200
48	377	16	0	0	113	60	54	51	50	3.99	0		0.007200
48	382	85	1	0	0	60	57	59	37	4.29	0		0.006400
48	374	5	0	0	60	109	46	42	55	3.14	0		0.008100
48	378	43	0	0	0	97	60	37	28	1.47	0		0.003300
48	375	12	0	0	113	110	26	35	59	4.81	0		0.026500
48	379	60	0	0	60	164	31	28	21	1.74	0		0.010000
48	376	13	0	26	113	110	33	45	29	1.90	1		0.001300
17	115	22	0	62	60	0	118	60	60	6.50	0		0.004600
17	120	86	0	62	60	60	69	60	60	12.91	0		0.015600
17	113	4	0	60	0	60	60	60	60	5.44	0		0.007600
17	116	63	1	59	120	0	45	56	60	4.57	0		0.009100
17	114	14	0	59	120	60	37	42	53	3.68	0		0.011800
17	118	79	0	59	120	113	38	42	51	1.79	0		0.005600
17	121	99	0	60	0	120	53	47	20	1.76	0		0.003500
17	112	3	0	60	0	140	41	31	39	3.84	0		0.015100
17	119	83	0	59	120	164	46	33	21	4.13	0		0.013600
17	117	64	0	59	47	120	83	60	60	8.99	1		0.001800
31	239	94	0	180	0	0	96	60	60	8.65	0		0.007500
31	235	58	0	180	60	0	95	60	60	5.37	0		0.004700
31	230	18	0	180	0	60	84	60	60	1.26	0		0.001300
31	238	68	0	180	60	60	74	60	60	16.34	0		0.018400
31	240	98	0	180	0	120	65	60	60	2.21	0		0.002800
31	241	98	0	180	60	120	65	60	60	2.21	0		0.002800
31	236	63	1	115	120	0	45	56	60	4.57	0		0.009100
31	232	36	0	105	120	60	33	36	49	1.04	0		0.004400
31	231	35	0	105	120	109	33	29	56	4.90	0		0.025600
31	237	65	0	120	0	0	47	20	34	4.65	0		0.024700
31	233	41	0	120	20	0	22	24	40	4.05	0		0.038400
31	234	53	0	171	120	0	59	28	35	3.22	1		0.001900


