Name:				38_Manual_n50_m400_bt100_3_1338
Problem:			3L-VRPTW
Number_of_used_Vehicles:	1
Total_Travel_Distance:		24.99
Calculation_Time:		1.27
Total_Iterations:		1
ConstraintSet:			P1

-------------------------------------------------------------------------------------------------------------------
Tour_Id:			1
No_of_Customers:		4
No_of_Items:			38
Customer_Sequence:		15 12 22 20 

CustId	Id	TypeId	Rotated	x	y	z	Length	Width	Height	mass	Fragility	LoadBearingStrength
22	185	73	0	0	0	0	117	60	60	6.87	0		0.004900
12	107	62	0	0	60	0	102	60	60	2.47	0		0.002000
20	161	35	0	0	0	60	83	60	60	1.38	0		0.001400
12	103	35	0	0	60	60	83	60	60	1.38	0		0.001400
15	123	5	0	0	0	120	80	60	60	8.77	0		0.009100
22	183	52	0	0	60	120	73	60	60	1.50	0		0.001700
12	102	9	0	102	60	0	72	60	60	19.09	0		0.022100
15	125	33	0	83	60	60	72	60	60	19.88	0		0.023000
12	108	65	0	73	60	120	64	60	60	14.67	0		0.019100
22	188	86	0	117	0	0	61	60	60	12.24	0		0.016700
22	184	66	0	0	120	0	53	45	52	1.89	0		0.004000
15	128	56	0	0	120	52	43	46	55	2.79	0		0.007100
20	166	56	0	0	120	107	43	46	55	2.79	0		0.007100
15	129	59	0	53	120	0	38	47	56	3.81	0		0.010700
15	124	16	0	43	120	56	44	39	58	4.18	0		0.012200
15	127	49	0	43	120	114	40	40	52	4.05	0		0.012600
20	165	49	0	83	0	60	40	40	52	4.05	0		0.012600
22	180	8	1	83	0	112	38	33	52	3.66	0		0.014600
12	101	4	0	91	120	0	35	41	43	3.86	0		0.013500
20	158	4	0	91	120	43	35	41	43	3.86	0		0.013500
20	159	6	0	87	120	86	23	41	47	3.16	0		0.016800
22	187	81	1	87	120	133	51	24	32	3.26	0		0.013300
22	186	81	0	123	0	60	51	24	32	3.26	0		0.013300
20	167	63	0	123	24	60	30	26	50	4.81	0		0.030800
12	106	50	0	43	120	166	42	44	20	1.28	0		0.003500
15	126	45	0	126	120	0	57	27	23	4.81	0		0.015600
20	168	94	0	83	40	60	36	20	49	3.69	0		0.025600
22	181	30	1	123	0	92	24	51	28	3	0		0.012200
15	130	78	1	116	0	120	23	33	40	1.34	0		0.008800
22	182	48	0	126	147	0	48	21	27	1.60	0		0.007900
20	164	48	1	0	120	162	48	21	27	1.60	0		0.007900
15	131	82	0	123	24	110	22	23	41	3.33	0		0.032900
15	132	100	1	116	0	160	20	34	30	1.38	0		0.010100
12	104	43	0	174	60	0	115	60	60	15.04	1		0.002200
12	105	43	0	155	60	60	115	60	60	15.04	1		0.002200
20	160	17	0	137	47	120	50	60	22	1.71	1		0.000600
20	162	37	0	126	120	23	58	23	49	2.03	1		0.001500
20	163	46	1	83	40	109	20	36	57	2.60	1		0.003600


