Name:				38_Manual_n50_m400_bt100_3_1142
Problem:			3L-VRPTW
Number_of_used_Vehicles:	1
Total_Travel_Distance:		30.71
Calculation_Time:		1.87
Total_Iterations:		1
ConstraintSet:			P1

-------------------------------------------------------------------------------------------------------------------
Tour_Id:			1
No_of_Customers:		4
No_of_Items:			37
Customer_Sequence:		10 12 5 4 

CustId	Id	TypeId	Rotated	x	y	z	Length	Width	Height	mass	Fragility	LoadBearingStrength
4	26	22	0	0	0	0	74	60	60	19.28	0		0.021700
4	24	2	0	0	60	0	33	58	56	2.62	0		0.006800
4	29	96	0	0	118	0	44	43	34	1.97	0		0.005200
4	28	75	0	0	118	34	43	34	33	4.89	0		0.016700
4	25	7	0	0	60	56	27	58	27	2.15	0		0.006900
4	27	32	0	0	0	60	37	30	33	3.86	0		0.017400
5	33	35	0	44	60	0	83	60	60	1.38	0		0.001400
5	31	9	0	44	60	60	72	60	60	19.09	0		0.022100
5	38	96	0	0	118	67	44	43	34	1.97	0		0.005200
5	35	72	1	0	30	60	29	42	41	3.93	0		0.016100
5	30	6	0	0	60	83	23	41	47	3.16	0		0.016800
5	32	20	1	0	0	93	20	47	39	3.61	0		0.019200
5	36	94	0	0	30	101	36	20	49	3.69	0		0.025600
5	37	94	0	0	118	101	36	20	49	3.69	0		0.025600
5	34	48	0	0	138	101	48	21	27	1.60	0		0.007900
12	107	62	0	74	0	0	102	60	60	2.47	0		0.002000
12	103	35	0	44	60	120	83	60	60	1.38	0		0.001400
12	102	9	0	74	0	60	72	60	60	19.09	0		0.022100
12	108	65	0	74	0	120	64	60	60	14.67	0		0.019100
12	101	4	0	48	120	0	35	41	43	3.86	0		0.013500
12	106	50	0	48	120	43	42	44	20	1.28	0		0.003500
12	104	43	0	127	60	0	115	60	60	15.04	1		0.002200
12	105	43	0	127	60	60	115	60	60	15.04	1		0.002200
10	84	35	0	176	0	0	83	60	60	1.38	0		0.001400
10	91	93	0	146	0	60	79	60	60	13.49	0		0.014200
10	90	90	0	138	0	120	76	60	60	19.85	0		0.021800
10	89	86	0	242	60	0	61	60	60	12.24	0		0.016700
10	81	19	0	48	120	63	54	43	59	2.46	0		0.005300
10	86	64	0	242	60	60	56	59	28	3	0		0.004500
10	79	4	0	48	120	122	35	41	43	3.86	0		0.013500
10	82	28	0	90	120	0	57	22	41	3.70	0		0.014800
10	88	83	0	147	120	0	38	42	29	1.47	0		0.004600
10	92	99	0	185	120	0	57	36	21	4.40	0		0.010700
10	83	32	0	90	142	0	37	30	33	3.86	0		0.017400
10	80	10	1	90	120	41	20	58	21	3.48	0		0.015000
10	87	80	0	148	120	29	45	46	51	3.60	1		0.001700
10	85	46	0	83	120	122	20	36	57	2.60	1		0.003600


