Name:				39_Manual_n50_m400_bt100_4_740
Problem:			3L-VRPTW
Number_of_used_Vehicles:	1
Total_Travel_Distance:		17.03
Calculation_Time:		1.98
Total_Iterations:		1
ConstraintSet:			P1

-------------------------------------------------------------------------------------------------------------------
Tour_Id:			1
No_of_Customers:		4
No_of_Items:			38
Customer_Sequence:		22 21 6 13 

CustId	Id	TypeId	Rotated	x	y	z	Length	Width	Height	mass	Fragility	LoadBearingStrength
13	85	55	0	0	0	0	97	60	60	10	0		0.008600
13	90	94	0	0	60	0	60	60	60	9.29	0		0.012900
13	89	85	0	0	120	0	54	49	50	2.23	0		0.004200
13	88	76	1	0	120	50	39	57	51	4.98	0		0.011200
13	87	74	1	0	0	60	42	57	44	4.31	0		0.009000
13	83	18	0	0	42	60	59	33	50	3.34	0		0.008600
13	86	64	1	0	75	60	39	53	46	1.14	0		0.002800
13	84	28	0	0	120	101	56	32	52	1.78	0		0.005000
13	82	6	0	0	0	104	49	34	42	2.36	0		0.007100
13	81	5	0	0	75	106	35	41	43	4.70	0		0.016400
6	41	34	0	60	60	0	74	60	60	8.26	0		0.009300
6	46	100	1	53	75	60	34	60	57	2.54	0		0.006200
6	45	98	0	0	42	110	53	33	56	3.33	0		0.009500
6	38	28	0	53	75	117	56	32	52	1.78	0		0.005000
6	44	88	0	57	120	0	57	48	29	4.20	0		0.007700
6	39	30	0	57	120	29	45	30	48	4.81	0		0.017800
6	42	44	1	0	0	146	23	50	34	4.36	0		0.019000
6	40	33	0	0	75	149	32	37	25	3.33	0		0.014100
6	43	78	0	57	0	60	52	29	59	4.74	1		0.003100
21	146	19	0	109	0	0	110	60	60	5.69	0		0.004300
21	147	19	0	109	0	60	110	60	60	5.69	0		0.004300
21	150	55	0	109	0	120	97	60	60	10	0		0.008600
21	145	15	1	114	120	0	54	58	37	4.83	0		0.007700
21	153	98	0	57	120	77	53	33	56	3.33	0		0.009500
21	149	29	1	57	120	133	35	49	30	2.50	0		0.007300
21	151	63	0	57	150	29	50	20	24	2.38	0		0.011900
21	148	22	0	57	120	163	28	24	25	1.47	0		0.011000
21	152	75	1	57	0	119	22	47	25	2.46	1		0.002400
22	155	19	0	134	60	0	110	60	60	5.69	0		0.004300
22	156	39	1	114	120	37	44	58	57	1.46	0		0.002900
22	163	98	0	114	120	94	53	33	56	3.33	0		0.009500
22	158	45	0	172	120	0	46	37	57	2.09	0		0.006100
22	159	45	0	172	120	57	46	37	57	2.09	0		0.006100
22	162	88	0	218	120	0	57	48	29	4.20	0		0.007700
22	157	43	0	114	120	150	26	22	37	1.70	0		0.014800
22	160	68	0	134	60	60	72	60	60	14.42	1		0.003300
22	161	78	1	206	60	60	52	29	59	4.74	1		0.003100
22	154	4	1	172	120	114	49	25	49	4.71	1		0.003800


