Name:				39_Manual_n50_m400_bt100_4_525
Problem:			3L-VRPTW
Number_of_used_Vehicles:	1
Total_Travel_Distance:		23.50
Calculation_Time:		1.91
Total_Iterations:		1
ConstraintSet:			P1

-------------------------------------------------------------------------------------------------------------------
Tour_Id:			1
No_of_Customers:		4
No_of_Items:			38
Customer_Sequence:		2 19 6 4 

CustId	Id	TypeId	Rotated	x	y	z	Length	Width	Height	mass	Fragility	LoadBearingStrength
4	22	19	0	0	0	0	110	60	60	5.69	0		0.004300
4	27	87	0	0	60	0	50	41	57	2.95	0		0.007200
4	28	100	0	0	101	0	34	60	57	2.54	0		0.006200
4	25	35	0	0	60	57	44	32	60	1.51	0		0.005400
4	20	8	0	0	92	57	32	35	40	1.93	0		0.008600
4	21	10	0	0	60	117	50	24	34	3.42	0		0.014300
4	26	62	0	0	92	97	23	46	35	4.53	0		0.021400
4	19	2	0	0	60	151	49	29	26	2.09	0		0.007400
4	23	21	0	0	0	60	69	60	60	19.12	1		0.004600
4	24	21	0	0	0	120	69	60	60	19.12	1		0.004600
6	41	34	0	34	101	0	74	60	60	8.26	0		0.009300
6	46	100	0	32	92	60	34	60	57	2.54	0		0.006200
6	45	98	1	32	92	117	53	33	56	3.33	0		0.009500
6	38	28	0	50	60	0	56	32	52	1.78	0		0.005000
6	44	88	1	69	0	60	57	48	29	4.20	0		0.007700
6	39	30	1	0	92	132	45	30	48	4.81	0		0.017800
6	42	44	1	50	60	52	23	50	34	4.36	0		0.019000
6	40	33	0	66	92	60	32	37	25	3.33	0		0.014100
6	43	78	0	50	60	86	52	29	59	4.74	1		0.003100
19	139	96	0	108	60	0	91	60	60	1.41	0		0.001300
19	132	61	0	108	60	60	73	60	60	5.64	0		0.006400
19	131	23	0	69	0	89	53	45	38	4.07	0		0.008500
19	137	82	1	66	129	60	33	50	52	4.57	0		0.013900
19	128	6	0	66	129	112	49	34	42	2.36	0		0.007100
19	130	13	0	69	0	127	55	26	45	4.39	0		0.015300
19	138	90	0	66	92	85	37	33	43	1.38	0		0.005700
19	135	69	1	66	129	154	26	59	29	2.31	0		0.007500
19	129	10	0	69	26	127	50	24	34	3.42	0		0.014300
19	133	62	0	108	120	0	23	46	35	4.53	0		0.021400
19	134	68	0	108	60	120	72	60	60	14.42	1		0.003300
19	136	75	1	50	60	145	22	47	25	2.46	1		0.002400
2	8	9	0	124	0	0	94	60	60	21.30	0		0.018900
2	11	61	0	124	0	60	73	60	60	5.64	0		0.006400
2	14	93	0	124	0	120	54	51	32	4.25	0		0.007700
2	13	71	1	124	0	152	31	55	27	2.99	0		0.008800
2	9	10	0	119	31	152	50	24	34	3.42	0		0.014300
2	10	50	0	199	60	0	100	60	60	16.11	1		0.002700
2	12	68	0	181	60	60	72	60	60	14.42	1		0.003300


