Name:				40_Manual_n50_m400_bt100_5_1233
Problem:			3L-VRPTW
Number_of_used_Vehicles:	1
Total_Travel_Distance:		16.86
Calculation_Time:		1.61
Total_Iterations:		1
ConstraintSet:			P1

-------------------------------------------------------------------------------------------------------------------
Tour_Id:			1
No_of_Customers:		3
No_of_Items:			31
Customer_Sequence:		36 37 3 

CustId	Id	TypeId	Rotated	x	y	z	Length	Width	Height	mass	Fragility	LoadBearingStrength
37	286	38	0	0	0	0	116	60	60	15.58	0		0.011200
36	273	6	0	0	60	0	103	60	60	11.06	0		0.008900
3	22	16	0	0	0	60	100	60	60	14.06	0		0.011700
37	283	16	0	0	60	60	100	60	60	14.06	0		0.011700
3	32	97	0	0	0	120	98	60	60	14.95	0		0.012700
3	24	55	0	0	60	120	86	60	60	2.93	0		0.002800
37	287	55	0	103	60	0	86	60	60	2.93	0		0.002800
37	289	81	0	100	60	60	76	60	60	14.30	0		0.015700
3	30	86	0	86	60	120	66	60	60	5.85	0		0.007400
3	28	78	0	116	0	0	65	60	60	1.44	0		0.001800
37	288	76	1	0	120	0	44	60	49	4.83	0		0.009200
3	26	58	1	0	120	49	39	55	54	1	0		0.002300
36	275	26	0	0	120	103	39	48	59	3.87	0		0.010300
3	27	73	1	60	120	0	28	60	59	2.50	0		0.007500
36	279	73	1	55	120	59	28	60	59	2.50	0		0.007500
37	284	34	1	55	120	118	34	58	46	2.09	0		0.005300
36	277	54	0	100	0	60	40	45	37	3.98	0		0.011100
3	23	22	0	100	0	97	32	39	47	3.65	0		0.014600
3	25	57	0	60	148	0	59	21	46	3.66	0		0.014800
37	285	36	1	120	120	0	31	57	29	4.05	0		0.011500
37	290	92	0	98	0	144	34	27	46	3.85	0		0.021000
3	29	82	0	60	148	46	29	24	53	2.43	0		0.017500
3	21	9	0	55	120	164	58	31	20	3.33	0		0.009300
36	281	79	0	120	120	29	26	35	32	3.55	0		0.019500
36	280	77	0	115	120	61	28	31	31	3.26	0		0.018800
3	20	1	0	115	120	92	25	28	37	4.13	0		0.029500
37	282	1	0	113	120	129	25	28	37	4.13	0		0.029500
36	278	61	0	140	0	60	38	20	33	2.22	0		0.014600
3	31	88	0	181	0	0	108	60	60	12.50	1		0.001900
36	274	10	0	178	0	60	103	60	60	1.57	1		0.000300
36	276	37	0	189	60	0	59	60	26	2.80	1		0.000800


