Name:				40_Manual_n50_m400_bt100_5_1281
Problem:			3L-VRPTW
Number_of_used_Vehicles:	1
Total_Travel_Distance:		21.00
Calculation_Time:		0.81
Total_Iterations:		1
ConstraintSet:			P1

-------------------------------------------------------------------------------------------------------------------
Tour_Id:			1
No_of_Customers:		3
No_of_Items:			32
Customer_Sequence:		20 3 45 

CustId	Id	TypeId	Rotated	x	y	z	Length	Width	Height	mass	Fragility	LoadBearingStrength
45	350	40	0	0	0	0	60	60	60	6.19	0		0.008600
45	352	70	0	0	60	0	36	59	55	1.66	0		0.003900
45	349	26	0	0	119	0	39	48	59	3.87	0		0.010300
45	348	18	1	0	60	55	55	39	42	2.20	0		0.005100
45	347	8	0	0	119	59	38	46	41	1.60	0		0.004600
45	346	7	0	0	0	60	27	45	52	1.91	0		0.007900
45	351	46	0	0	60	97	48	34	28	3.24	0		0.009900
45	353	92	0	0	119	100	34	27	46	3.85	0		0.021000
3	22	16	0	48	60	0	100	60	60	14.06	0		0.011700
3	32	97	0	48	60	60	98	60	60	14.95	0		0.012700
3	24	55	0	48	60	120	86	60	60	2.93	0		0.002800
3	30	86	0	60	0	0	66	60	60	5.85	0		0.007400
3	28	78	0	27	0	60	65	60	60	1.44	0		0.001800
3	26	58	1	27	0	120	39	55	54	1	0		0.002300
3	27	73	1	39	120	0	28	60	59	2.50	0		0.007500
3	23	22	0	0	60	125	32	39	47	3.65	0		0.014600
3	25	57	1	0	0	112	59	21	46	3.66	0		0.014800
3	29	82	0	0	146	100	29	24	53	2.43	0		0.017500
3	21	9	0	38	120	59	58	31	20	3.33	0		0.009300
3	20	1	1	0	119	146	25	28	37	4.13	0		0.029500
3	31	88	0	126	0	0	108	60	60	12.50	1		0.001900
20	150	14	0	148	60	0	109	60	60	5.97	0		0.004600
20	148	6	0	146	60	60	103	60	60	11.06	0		0.008900
20	152	28	0	134	60	120	101	60	60	11.55	0		0.009500
20	156	71	0	99	120	0	55	45	59	1.52	0		0.003100
20	157	76	1	96	120	59	44	60	49	4.83	0		0.009200
20	154	68	1	38	120	79	40	42	53	2.22	0		0.006600
20	155	68	0	34	120	132	40	42	53	2.22	0		0.006600
20	158	90	0	96	120	108	59	24	42	4.74	0		0.016700
20	151	22	0	154	120	0	32	39	47	3.65	0		0.014600
20	149	10	0	92	0	60	103	60	60	1.57	1		0.000300
20	153	37	0	234	0	0	59	60	26	2.80	1		0.000800


