Name:				40_Manual_n50_m400_bt100_5_1330
Problem:			3L-VRPTW
Number_of_used_Vehicles:	1
Total_Travel_Distance:		26.01
Calculation_Time:		0.81
Total_Iterations:		1
ConstraintSet:			P1

-------------------------------------------------------------------------------------------------------------------
Tour_Id:			1
No_of_Customers:		3
No_of_Items:			28
Customer_Sequence:		1 46 23 

CustId	Id	TypeId	Rotated	x	y	z	Length	Width	Height	mass	Fragility	LoadBearingStrength
23	181	95	0	0	0	0	42	57	55	4.45	0		0.009300
23	178	57	0	0	57	0	59	21	46	3.66	0		0.014800
23	176	30	0	0	78	0	48	45	20	4.65	0		0.010800
23	175	11	0	0	123	0	36	26	37	4.13	0		0.022000
23	177	53	1	0	149	0	20	27	26	1.76	0		0.016300
23	179	87	0	48	78	0	116	60	60	1.52	1		0.000200
23	180	88	0	48	78	60	108	60	60	12.50	1		0.001900
46	361	85	0	59	0	0	119	60	60	8.40	0		0.005900
46	357	38	0	59	0	60	116	60	60	15.58	0		0.011200
46	354	13	0	59	0	120	109	60	60	3.29	0		0.002500
46	359	55	0	164	78	0	86	60	60	2.93	0		0.002800
46	358	42	0	164	78	60	81	60	60	10.42	0		0.010700
46	360	76	0	0	0	55	44	60	49	4.83	0		0.009200
46	355	34	0	0	0	104	34	58	46	2.09	0		0.005300
46	356	34	1	36	138	0	34	58	46	2.09	0		0.005300
46	362	89	0	0	0	150	44	54	34	2.23	0		0.004700
46	364	94	1	36	138	46	24	48	55	3.84	0		0.016700
46	363	90	0	36	138	101	59	24	42	4.74	0		0.016700
1	3	14	0	178	0	0	109	60	60	5.97	0		0.004600
1	5	35	0	164	78	120	99	60	60	13.28	0		0.011200
1	7	42	0	175	0	60	81	60	60	10.42	0		0.010700
1	6	40	0	250	78	0	60	60	60	6.19	0		0.008600
1	8	44	0	36	138	143	57	20	44	1.43	0		0.006300
1	9	46	0	95	138	0	48	34	28	3.24	0		0.009900
1	4	20	1	95	138	28	22	37	27	2.07	0		0.012700
1	2	10	0	168	0	120	103	60	60	1.57	1		0.000300
1	1	2	1	143	138	0	29	44	55	1.69	1		0.001300
1	10	51	0	95	138	55	27	23	60	3.72	1		0.006000


