Name:				59_Manual_n100_m300_bt100_4_1432
Problem:			3L-VRPTW
Number_of_used_Vehicles:	1
Total_Travel_Distance:		53.95
Calculation_Time:		1.01
Total_Iterations:		1
ConstraintSet:			P1

-------------------------------------------------------------------------------------------------------------------
Tour_Id:			1
No_of_Customers:		7
No_of_Items:			31
Customer_Sequence:		15 21 18 10 14 1 2 

CustId	Id	TypeId	Rotated	x	y	z	Length	Width	Height	mass	Fragility	LoadBearingStrength
2	8	90	0	0	0	0	105	60	60	18.87	0		0.015000
2	5	42	0	0	60	0	86	60	60	16.20	0		0.015700
2	4	35	0	0	0	60	74	60	60	13.74	0		0.015500
2	7	83	0	0	120	0	53	50	54	3.93	0		0.007400
2	6	81	0	0	120	54	52	35	24	2.19	0		0.006000
1	3	24	0	0	60	60	79	60	60	2.48	0		0.002600
1	1	11	0	0	0	120	77	60	60	9.66	0		0.010500
1	2	14	0	0	120	78	43	45	26	2.95	0		0.007600
14	40	17	0	0	60	120	92	60	60	8.37	0		0.007600
14	42	73	0	86	60	0	79	60	60	12.88	0		0.013600
14	43	83	0	53	120	0	53	50	54	3.93	0		0.007400
14	44	93	0	0	120	104	36	50	54	4.48	0		0.012400
14	41	59	0	52	120	54	28	25	34	2.41	0		0.017200
10	30	90	0	105	0	0	105	60	60	18.87	0		0.015000
10	29	48	0	52	145	54	47	25	55	1.55	0		0.006600
10	26	25	0	106	120	0	40	33	46	3.08	0		0.011700
10	27	44	0	52	145	109	38	23	41	1.44	0		0.008300
10	28	44	1	77	0	60	38	23	41	1.44	0		0.008300
18	62	62	0	100	0	60	118	60	60	16.11	0		0.011400
18	61	26	0	99	60	60	46	52	24	1.45	0		0.003000
18	60	7	0	100	0	120	86	60	60	10.71	1		0.002100
21	70	8	0	165	60	0	68	60	60	6.96	0		0.008500
21	73	80	0	99	60	84	37	42	47	3.70	0		0.011900
21	71	40	1	99	60	131	54	32	32	1.98	0		0.005700
21	72	58	0	80	120	54	22	21	28	2.76	0		0.029900
15	49	37	0	145	60	60	103	60	60	4.61	0		0.003700
15	50	94	0	136	60	120	62	60	60	21.32	0		0.028700
15	45	1	0	198	60	120	61	60	60	16.95	0		0.023200
15	46	6	0	106	120	46	37	43	38	2.51	0		0.007900
15	47	27	0	106	120	84	23	53	47	1.75	0		0.007200
15	48	29	1	106	120	131	44	29	31	4.40	1		0.003400


