Name:				62_Manual_n100_m400_bt10_2_1396
Problem:			3L-VRPTW
Number_of_used_Vehicles:	1
Total_Travel_Distance:		63.06
Calculation_Time:		5.60
Total_Iterations:		1
ConstraintSet:			P1

-------------------------------------------------------------------------------------------------------------------
Tour_Id:			1
No_of_Customers:		10
No_of_Items:			52
Customer_Sequence:		17 18 5 12 4 16 11 7 8 9 

CustId	Id	TypeId	Rotated	x	y	z	Length	Width	Height	mass	Fragility	LoadBearingStrength
9	23	6	0	0	0	0	61	60	60	14.94	0		0.020400
9	24	6	0	0	60	0	61	60	60	14.94	0		0.020400
9	25	10	0	0	120	0	39	28	34	3.74	1		0.003400
8	22	9	0	0	0	60	50	42	38	2.28	0		0.005400
8	19	8	1	0	148	0	26	43	50	2.73	0		0.012200
8	20	8	1	0	148	50	26	43	50	2.73	0		0.012200
8	21	8	0	0	42	60	26	43	50	2.73	0		0.012200
8	18	4	0	0	85	60	58	31	60	2.18	1		0.001200
7	16	6	0	61	0	0	61	60	60	14.94	0		0.020400
7	17	8	1	0	0	98	26	43	50	2.73	0		0.012200
11	33	9	0	26	42	60	50	42	38	2.28	0		0.005400
11	34	9	0	26	26	98	50	42	38	2.28	0		0.005400
11	29	2	1	26	26	136	43	48	33	3.15	0		0.007600
11	32	7	1	39	120	0	27	59	34	4.22	0		0.013300
11	30	3	0	0	148	100	40	21	56	1.42	0		0.008400
11	31	4	0	0	85	120	58	31	60	2.18	1		0.001200
16	51	1	0	98	60	0	101	60	60	5.85	0		0.004800
16	56	9	0	76	0	60	50	42	38	2.28	0		0.005400
16	52	2	0	76	0	98	43	48	33	3.15	0		0.007600
16	55	8	1	39	120	34	26	43	50	2.73	0		0.012200
16	54	7	0	76	0	131	27	59	34	4.22	0		0.013300
16	53	4	0	98	120	0	58	31	60	2.18	1		0.001200
16	57	10	0	39	120	84	39	28	34	3.74	1		0.003400
4	6	1	0	76	59	60	101	60	60	5.85	0		0.004800
4	11	9	0	126	0	0	50	42	38	2.28	0		0.005400
4	7	8	0	126	0	38	26	43	50	2.73	0		0.012200
4	8	8	0	126	0	88	26	43	50	2.73	0		0.012200
4	9	8	0	126	0	138	26	43	50	2.73	0		0.012200
4	10	8	0	152	0	38	26	43	50	2.73	0		0.012200
12	35	1	0	76	59	120	101	60	60	5.85	0		0.004800
12	38	6	0	178	0	0	61	60	60	14.94	0		0.020400
12	36	5	0	156	120	0	49	39	36	3.05	0		0.008000
12	37	5	0	156	120	36	49	39	36	3.05	0		0.008000
12	39	7	1	156	120	72	27	59	34	4.22	0		0.013300
12	40	10	0	98	120	60	39	28	34	3.74	1		0.003400
12	41	10	0	98	120	94	39	28	34	3.74	1		0.003400
12	42	10	0	98	120	128	39	28	34	3.74	1		0.003400
5	13	6	0	178	0	60	61	60	60	14.94	0		0.020400
5	14	9	0	177	0	120	50	42	38	2.28	0		0.005400
5	12	4	0	156	120	106	58	31	60	2.18	1		0.001200
18	67	6	0	199	60	0	61	60	60	14.94	0		0.020400
18	66	5	0	177	60	60	49	39	36	3.05	0		0.008000
18	63	2	0	177	60	96	43	48	33	3.15	0		0.007600
18	68	8	1	177	60	129	26	43	50	2.73	0		0.012200
18	64	3	0	177	86	129	40	21	56	1.42	0		0.008400
18	65	4	1	226	60	60	58	31	60	2.18	1		0.001200
18	69	10	0	226	60	120	39	28	34	3.74	1		0.003400
17	60	9	0	239	0	0	50	42	38	2.28	0		0.005400
17	61	9	0	239	0	38	50	42	38	2.28	0		0.005400
17	58	2	0	239	0	76	43	48	33	3.15	0		0.007600
17	59	4	1	239	0	109	58	31	60	2.18	1		0.001200
17	62	10	0	220	88	120	39	28	34	3.74	1		0.003400


