Name:				67_Manual_n100_m400_bt100_2_1178
Problem:			3L-VRPTW
Number_of_used_Vehicles:	1
Total_Travel_Distance:		23.80
Calculation_Time:		0.81
Total_Iterations:		1
ConstraintSet:			P1

-------------------------------------------------------------------------------------------------------------------
Tour_Id:			1
No_of_Customers:		5
No_of_Items:			23
Customer_Sequence:		36 26 34 33 6 

CustId	Id	TypeId	Rotated	x	y	z	Length	Width	Height	mass	Fragility	LoadBearingStrength
6	17	19	0	0	0	0	102	60	60	2.05	0		0.001700
6	19	78	0	0	60	0	60	47	48	4.35	0		0.007700
6	18	50	0	0	107	0	23	41	42	4.23	0		0.022400
6	20	100	0	0	0	60	109	60	60	16.53	1		0.002500
33	127	81	0	23	107	0	95	60	60	16.73	0		0.014700
33	128	81	0	23	107	60	95	60	60	16.73	0		0.014700
33	126	57	0	23	107	120	53	60	58	3.90	0		0.006100
33	125	11	0	0	60	48	40	40	33	3.17	0		0.009900
34	133	55	0	109	0	0	94	60	60	21.52	0		0.019100
34	132	18	0	109	0	60	86	60	60	2.23	0		0.002200
34	135	92	0	109	0	120	74	60	60	12.70	0		0.014300
34	129	10	0	118	107	0	63	60	60	7.08	0		0.009400
34	130	12	0	118	107	60	60	51	30	1.71	0		0.002800
34	131	13	1	0	60	81	23	51	56	3.16	0		0.013500
34	134	61	0	0	60	137	58	20	26	2.86	0		0.012300
34	136	100	0	0	0	120	109	60	60	16.53	1		0.002500
26	94	31	0	181	60	0	97	60	60	4.93	0		0.004200
26	92	18	0	178	60	60	86	60	60	2.23	0		0.002200
26	91	6	0	60	60	0	51	46	56	2.27	0		0.004800
26	93	23	0	60	60	56	44	33	59	4.67	1		0.003200
36	141	52	0	178	60	120	100	60	60	10.23	0		0.008500
36	142	81	0	203	0	0	95	60	60	16.73	0		0.014700
36	140	10	0	195	0	60	63	60	60	7.08	0		0.009400


