Name:				85_Manual_n150_m300_bt10_5_1459
Problem:			3L-VRPTW
Number_of_used_Vehicles:	1
Total_Travel_Distance:		99.38
Calculation_Time:		1.78
Total_Iterations:		1
ConstraintSet:			P1

-------------------------------------------------------------------------------------------------------------------
Tour_Id:			1
No_of_Customers:		17
No_of_Items:			42
Customer_Sequence:		21 2 9 22 8 6 24 20 7 16 14 12 3 18 4 23 15 

CustId	Id	TypeId	Rotated	x	y	z	Length	Width	Height	mass	Fragility	LoadBearingStrength
15	30	9	0	0	0	0	22	38	46	2.43	0		0.014500
23	45	5	0	0	38	0	88	60	60	3.10	0		0.002900
23	44	1	0	0	98	0	74	60	60	12.98	0		0.014600
23	46	10	1	0	38	60	20	47	55	1.32	0		0.007000
4	7	1	0	0	58	60	74	60	60	12.98	0		0.014600
4	8	3	0	0	58	120	62	60	60	14.95	0		0.020100
4	9	10	1	0	118	60	20	47	55	1.32	0		0.007000
18	34	7	0	0	138	60	59	26	31	1.20	0		0.003900
18	35	9	0	0	0	46	22	38	46	2.43	0		0.014500
3	5	3	0	74	98	0	62	60	60	14.95	0		0.020100
3	6	6	0	0	138	91	25	34	45	1.98	0		0.011700
12	24	2	0	22	0	0	53	34	45	4.37	0		0.012100
12	26	10	1	0	38	115	20	47	55	1.32	0		0.007000
12	25	9	0	0	0	92	22	38	46	2.43	0		0.014500
14	28	2	0	22	0	45	53	34	45	4.37	0		0.012100
14	29	9	0	22	0	90	22	38	46	2.43	0		0.014500
16	31	3	0	74	98	60	62	60	60	14.95	0		0.020100
7	15	1	0	74	98	120	74	60	60	12.98	0		0.014600
20	38	5	0	88	0	0	88	60	60	3.10	0		0.002900
20	37	2	0	75	0	60	53	34	45	4.37	0		0.012100
20	39	7	0	74	34	60	59	26	31	1.20	0		0.003900
24	49	5	0	176	0	0	88	60	60	3.10	0		0.002900
24	47	1	0	148	60	0	74	60	60	12.98	0		0.014600
24	48	2	0	74	34	91	53	34	45	4.37	0		0.012100
24	50	10	1	128	0	60	20	47	55	1.32	0		0.007000
6	12	7	0	148	120	0	59	26	31	1.20	0		0.003900
6	13	7	0	148	146	0	59	26	31	1.20	0		0.003900
6	14	7	0	148	120	31	59	26	31	1.20	0		0.003900
6	11	4	0	148	146	31	21	28	49	1.45	0		0.012300
8	16	2	0	148	60	60	53	34	45	4.37	0		0.012100
8	17	9	1	148	94	60	22	38	46	2.43	0		0.014500
8	18	9	1	148	120	62	22	38	46	2.43	0		0.014500
22	43	3	0	175	0	60	62	60	60	14.95	0		0.020100
9	19	1	0	175	0	120	74	60	60	12.98	0		0.014600
9	20	2	0	148	60	105	53	34	45	4.37	0		0.012100
9	21	6	1	148	94	106	25	34	45	1.98	0		0.011700
2	3	10	1	148	120	108	20	47	55	1.32	0		0.007000
2	4	10	1	169	146	31	20	47	55	1.32	0		0.007000
2	2	8	0	207	120	0	39	54	21	3.24	0		0.007700
21	40	5	0	222	60	0	88	60	60	3.10	0		0.002900
21	41	5	0	201	60	60	88	60	60	3.10	0		0.002900
21	42	9	1	169	146	86	22	38	46	2.43	0		0.014500


