Name:				94_Manual_n150_m400_bt10_4_1152
Problem:			3L-VRPTW
Number_of_used_Vehicles:	1
Total_Travel_Distance:		39.66
Calculation_Time:		0.60
Total_Iterations:		1
ConstraintSet:			P1

-------------------------------------------------------------------------------------------------------------------
Tour_Id:			1
No_of_Customers:		6
No_of_Items:			24
Customer_Sequence:		26 13 24 3 21 25 

CustId	Id	TypeId	Rotated	x	y	z	Length	Width	Height	mass	Fragility	LoadBearingStrength
25	71	6	0	0	0	0	119	60	60	2.44	0		0.001700
25	72	10	0	0	60	0	111	60	60	18.17	0		0.013600
25	69	2	1	0	120	0	54	60	49	4.34	0		0.006700
25	70	4	0	0	120	49	56	26	35	4.03	0		0.013800
21	56	7	0	0	146	49	58	26	53	2.43	0		0.008000
21	57	8	0	60	120	0	44	29	60	4.82	0		0.018900
21	55	3	1	0	120	84	20	42	48	3.51	0		0.020900
3	7	9	0	0	60	60	62	60	60	10.48	0		0.014100
3	8	9	0	0	60	120	62	60	60	10.48	0		0.014100
3	4	5	0	58	0	60	51	46	50	4.25	0		0.009000
3	5	7	0	0	146	102	58	26	53	2.43	0		0.008000
3	6	8	0	58	0	110	44	29	60	4.82	0		0.018900
24	67	6	0	111	60	0	119	60	60	2.44	0		0.001700
24	68	9	0	119	0	0	62	60	60	10.48	0		0.014100
24	66	1	0	60	120	60	52	27	36	4.75	0		0.016900
13	29	6	0	62	46	60	119	60	60	2.44	0		0.001700
13	30	6	0	62	46	120	119	60	60	2.44	0		0.001700
13	31	7	0	58	120	96	58	26	53	2.43	0		0.008000
13	32	8	0	109	0	60	44	29	60	4.82	0		0.018900
26	74	6	0	181	0	0	119	60	60	2.44	0		0.001700
26	75	6	0	181	0	60	119	60	60	2.44	0		0.001700
26	77	10	0	181	0	120	111	60	60	18.17	0		0.013600
26	76	9	0	181	60	60	62	60	60	10.48	0		0.014100
26	73	4	0	58	120	149	56	26	35	4.03	0		0.013800


