Name:				397_n060_m400_bt10
Problem:			3L-VRPTW
Number_of_used_Vehicles:	34
Total_Travel_Distance:		2213.21
Calculation_Time:		3600.00
Total_Iterations:		161
ConstraintSet:			P3

-------------------------------------------------------------------------------------------------------------------
Tour_Id:			1
No_of_Customers:		2
No_of_Items:			15
Customer_Sequence:		47 56 

CustId	Id	TypeId	Rotated	x	y	z	Length	Width	Height	mass	Fragility	LoadBearingStrength
56	367	1	0	0	0	0	14	13	14	327.65	0		10.213505
56	372	7	0	0	13	0	18	12	12	292.69	0		11.379043
56	371	5	0	0	13	12	19	9	6	251.45	1		2.938249
56	375	10	0	14	0	0	33	12	11	495.81	0		7.769657
56	370	4	0	14	0	11	34	6	9	266.02	0		7.549102
47	308	4	0	14	6	11	34	6	9	266.02	0		7.549102
56	368	2	0	18	13	0	24	9	6	235.87	0		14.587740
56	369	2	0	18	12	6	24	9	6	235.87	0		14.587740
56	373	7	0	42	12	0	18	12	12	292.69	0		11.379043
47	313	10	0	19	12	12	33	12	11	495.81	0		7.769657
56	374	8	0	0	0	14	14	11	9	146.35	0		3.994811
47	312	8	0	14	0	20	14	11	9	146.35	0		3.994811
47	309	5	0	0	13	18	19	9	6	251.45	1		2.938249
47	310	5	0	0	11	24	19	9	6	251.45	1		2.938249
47	311	5	0	19	11	23	19	9	6	251.45	1		2.938249


-------------------------------------------------------------------------------------------------------------------
Tour_Id:			2
No_of_Customers:		2
No_of_Items:			11
Customer_Sequence:		53 12 

CustId	Id	TypeId	Rotated	x	y	z	Length	Width	Height	mass	Fragility	LoadBearingStrength
12	80	10	0	0	0	0	33	12	11	495.81	0		7.769657
53	352	9	0	0	12	0	31	6	12	423.47	0		7.959338
12	77	3	0	0	0	11	32	10	11	920.53	1		3.641926
12	78	5	0	0	0	22	19	9	6	251.45	1		2.938249
53	350	7	0	31	12	0	18	12	12	292.69	0		11.379043
12	79	7	0	33	0	0	18	12	12	292.69	0		11.379043
53	353	9	0	0	18	0	31	6	12	423.47	0		7.959338
53	351	8	0	0	10	12	14	11	9	146.35	0		3.994811
53	349	3	0	14	10	12	32	10	11	920.53	1		3.641926
53	348	2	1	51	0	0	24	9	6	235.87	0		14.587740
53	347	2	1	51	0	6	24	9	6	235.87	0		14.587740


-------------------------------------------------------------------------------------------------------------------
Tour_Id:			3
No_of_Customers:		2
No_of_Items:			15
Customer_Sequence:		24 39 

CustId	Id	TypeId	Rotated	x	y	z	Length	Width	Height	mass	Fragility	LoadBearingStrength
39	259	7	0	0	0	0	18	12	12	292.69	0		11.379043
39	257	4	0	0	12	0	34	6	9	266.02	0		7.549102
39	261	9	0	0	18	0	31	6	12	423.47	0		7.959338
39	262	9	0	0	12	9	31	6	12	423.47	0		7.959338
39	260	8	0	0	0	12	14	11	9	146.35	0		3.994811
39	258	6	0	18	0	0	34	10	8	337.15	0		2.739340
24	162	10	0	18	0	8	33	12	11	495.81	0		7.769657
24	159	8	0	0	0	21	14	11	9	146.35	0		3.994811
24	157	7	0	34	12	0	18	12	12	292.69	0		11.379043
24	155	4	0	0	18	12	34	6	9	266.02	0		7.549102
24	158	8	0	0	11	21	14	11	9	146.35	0		3.994811
24	156	7	0	34	12	12	18	12	12	292.69	0		11.379043
24	160	8	0	14	11	21	14	11	9	146.35	0		3.994811
24	161	8	0	18	0	19	14	11	9	146.35	0		3.994811
24	154	2	0	32	0	19	24	9	6	235.87	0		14.587740


-------------------------------------------------------------------------------------------------------------------
Tour_Id:			4
No_of_Customers:		2
No_of_Items:			12
Customer_Sequence:		30 45 

CustId	Id	TypeId	Rotated	x	y	z	Length	Width	Height	mass	Fragility	LoadBearingStrength
45	299	7	0	0	0	0	18	12	12	292.69	0		11.379043
45	298	6	0	0	12	0	34	10	8	337.15	0		2.739340
45	295	2	0	0	12	8	24	9	6	235.87	0		14.587740
45	296	5	0	0	0	12	19	9	6	251.45	1		2.938249
45	301	9	0	0	12	14	31	6	12	423.47	0		7.959338
30	201	9	0	19	0	0	31	6	12	423.47	0		7.959338
45	300	9	0	19	6	0	31	6	12	423.47	0		7.959338
30	200	6	0	19	0	12	34	10	8	337.15	0		2.739340
45	297	5	0	0	0	18	19	9	6	251.45	1		2.938249
30	199	4	0	19	0	20	34	6	9	266.02	0		7.549102
30	197	2	0	34	12	0	24	9	6	235.87	0		14.587740
30	198	2	0	34	12	6	24	9	6	235.87	0		14.587740


-------------------------------------------------------------------------------------------------------------------
Tour_Id:			5
No_of_Customers:		2
No_of_Items:			11
Customer_Sequence:		18 38 

CustId	Id	TypeId	Rotated	x	y	z	Length	Width	Height	mass	Fragility	LoadBearingStrength
38	251	1	0	0	0	0	14	13	14	327.65	0		10.213505
38	252	2	0	0	13	0	24	9	6	235.87	0		14.587740
38	255	6	0	14	0	0	34	10	8	337.15	0		2.739340
38	253	2	0	0	13	6	24	9	6	235.87	0		14.587740
18	122	7	0	0	13	12	18	12	12	292.69	0		11.379043
38	254	6	0	14	0	8	34	10	8	337.15	0		2.739340
18	123	10	0	14	0	16	33	12	11	495.81	0		7.769657
38	256	6	0	24	10	0	34	10	8	337.15	0		2.739340
18	119	2	0	0	13	24	24	9	6	235.87	0		14.587740
18	120	3	0	24	12	8	32	10	11	920.53	1		3.641926
18	121	3	0	24	12	19	32	10	11	920.53	1		3.641926


-------------------------------------------------------------------------------------------------------------------
Tour_Id:			6
No_of_Customers:		2
No_of_Items:			15
Customer_Sequence:		35 29 

CustId	Id	TypeId	Rotated	x	y	z	Length	Width	Height	mass	Fragility	LoadBearingStrength
29	192	7	0	0	0	0	18	12	12	292.69	0		11.379043
29	193	7	0	0	12	0	18	12	12	292.69	0		11.379043
35	233	7	0	0	0	12	18	12	12	292.69	0		11.379043
29	191	4	0	18	0	0	34	6	9	266.02	0		7.549102
29	195	8	0	0	12	12	14	11	9	146.35	0		3.994811
35	235	9	0	18	6	0	31	6	12	423.47	0		7.959338
29	194	8	0	0	12	21	14	11	9	146.35	0		3.994811
29	196	9	0	18	12	0	31	6	12	423.47	0		7.959338
35	238	10	0	18	6	12	33	12	11	495.81	0		7.769657
35	236	9	0	18	18	0	31	6	12	423.47	0		7.959338
35	237	9	0	14	18	12	31	6	12	423.47	0		7.959338
35	230	4	0	18	0	9	34	6	9	266.02	0		7.549102
35	231	4	0	18	0	18	34	6	9	266.02	0		7.549102
35	234	8	1	49	6	0	14	11	9	146.35	0		3.994811
35	232	5	0	18	6	23	19	9	6	251.45	1		2.938249


-------------------------------------------------------------------------------------------------------------------
Tour_Id:			7
No_of_Customers:		2
No_of_Items:			13
Customer_Sequence:		59 14 

CustId	Id	TypeId	Rotated	x	y	z	Length	Width	Height	mass	Fragility	LoadBearingStrength
14	95	6	0	0	0	0	34	10	8	337.15	0		2.739340
14	98	9	0	0	10	0	31	6	12	423.47	0		7.959338
14	90	1	0	31	10	0	14	13	14	327.65	0		10.213505
14	94	6	0	0	0	8	34	10	8	337.15	0		2.739340
14	92	5	0	0	16	0	19	9	6	251.45	1		2.938249
14	96	7	0	0	0	16	18	12	12	292.69	0		11.379043
59	391	1	0	18	0	16	14	13	14	327.65	0		10.213505
14	97	8	0	45	0	0	14	11	9	146.35	0		3.994811
14	91	5	0	0	16	6	19	9	6	251.45	1		2.938249
59	390	1	0	45	11	0	14	13	14	327.65	0		10.213505
14	93	5	0	0	13	12	19	9	6	251.45	1		2.938249
59	392	1	0	32	10	14	14	13	14	327.65	0		10.213505
59	393	5	0	0	13	18	19	9	6	251.45	1		2.938249


-------------------------------------------------------------------------------------------------------------------
Tour_Id:			8
No_of_Customers:		2
No_of_Items:			13
Customer_Sequence:		21 4 

CustId	Id	TypeId	Rotated	x	y	z	Length	Width	Height	mass	Fragility	LoadBearingStrength
4	20	8	0	0	0	0	14	11	9	146.35	0		3.994811
4	13	1	0	0	11	0	14	13	14	327.65	0		10.213505
4	18	8	0	0	0	9	14	11	9	146.35	0		3.994811
4	16	4	0	14	0	0	34	6	9	266.02	0		7.549102
4	15	4	0	14	6	0	34	6	9	266.02	0		7.549102
4	19	8	0	0	11	14	14	11	9	146.35	0		3.994811
4	17	6	0	14	12	0	34	10	8	337.15	0		2.739340
4	21	8	0	0	0	18	14	11	9	146.35	0		3.994811
4	14	2	0	14	12	8	24	9	6	235.87	0		14.587740
21	139	10	0	14	0	9	33	12	11	495.81	0		7.769657
21	137	6	0	14	0	20	34	10	8	337.15	0		2.739340
21	138	8	0	14	12	14	14	11	9	146.35	0		3.994811
21	136	5	0	0	11	23	19	9	6	251.45	1		2.938249


-------------------------------------------------------------------------------------------------------------------
Tour_Id:			9
No_of_Customers:		2
No_of_Items:			13
Customer_Sequence:		23 7 

CustId	Id	TypeId	Rotated	x	y	z	Length	Width	Height	mass	Fragility	LoadBearingStrength
7	44	5	0	0	0	0	19	9	6	251.45	1		2.938249
7	40	2	0	0	9	0	24	9	6	235.87	0		14.587740
7	45	6	0	24	0	0	34	10	8	337.15	0		2.739340
7	47	9	0	0	18	0	31	6	12	423.47	0		7.959338
7	42	5	0	0	0	6	19	9	6	251.45	1		2.938249
7	41	2	0	0	9	6	24	9	6	235.87	0		14.587740
7	43	5	0	0	0	12	19	9	6	251.45	1		2.938249
7	46	7	0	0	9	12	18	12	12	292.69	0		11.379043
23	152	6	0	24	0	8	34	10	8	337.15	0		2.739340
23	153	10	0	24	0	16	33	12	11	495.81	0		7.769657
23	149	1	0	31	10	0	14	13	14	327.65	0		10.213505
23	150	1	0	45	10	0	14	13	14	327.65	0		10.213505
23	151	2	0	0	9	24	24	9	6	235.87	0		14.587740


-------------------------------------------------------------------------------------------------------------------
Tour_Id:			10
No_of_Customers:		2
No_of_Items:			12
Customer_Sequence:		28 1 

CustId	Id	TypeId	Rotated	x	y	z	Length	Width	Height	mass	Fragility	LoadBearingStrength
1	3	9	0	0	0	0	31	6	12	423.47	0		7.959338
1	1	4	0	0	6	0	34	6	9	266.02	0		7.549102
1	2	5	0	0	12	0	19	9	6	251.45	1		2.938249
28	182	1	0	19	12	0	14	13	14	327.65	0		10.213505
28	183	1	0	19	12	14	14	13	14	327.65	0		10.213505
28	184	1	0	33	12	0	14	13	14	327.65	0		10.213505
28	188	4	0	0	6	9	34	6	9	266.02	0		7.549102
28	190	8	0	33	12	14	14	11	9	146.35	0		3.994811
28	185	2	0	34	0	0	24	9	6	235.87	0		14.587740
28	186	2	0	34	0	6	24	9	6	235.87	0		14.587740
28	187	2	0	34	0	12	24	9	6	235.87	0		14.587740
28	189	5	0	0	12	6	19	9	6	251.45	1		2.938249


-------------------------------------------------------------------------------------------------------------------
Tour_Id:			11
No_of_Customers:		2
No_of_Items:			16
Customer_Sequence:		11 44 

CustId	Id	TypeId	Rotated	x	y	z	Length	Width	Height	mass	Fragility	LoadBearingStrength
44	288	1	0	0	0	0	14	13	14	327.65	0		10.213505
44	292	8	0	0	13	0	14	11	9	146.35	0		3.994811
44	294	9	0	14	0	0	31	6	12	423.47	0		7.959338
44	293	9	0	14	6	0	31	6	12	423.47	0		7.959338
11	75	9	0	14	12	0	31	6	12	423.47	0		7.959338
11	74	8	0	0	13	9	14	11	9	146.35	0		3.994811
44	289	4	0	14	18	0	34	6	9	266.02	0		7.549102
11	76	9	0	14	18	9	31	6	12	423.47	0		7.959338
44	291	8	0	0	0	14	14	11	9	146.35	0		3.994811
44	290	6	0	14	0	12	34	10	8	337.15	0		2.739340
11	69	4	0	14	10	12	34	6	9	266.02	0		7.549102
11	70	5	0	14	0	20	19	9	6	251.45	1		2.938249
11	73	8	0	0	13	18	14	11	9	146.35	0		3.994811
11	71	6	0	14	10	21	34	10	8	337.15	0		2.739340
11	68	2	1	48	0	0	24	9	6	235.87	0		14.587740
11	72	7	1	48	0	6	18	12	12	292.69	0		11.379043


-------------------------------------------------------------------------------------------------------------------
Tour_Id:			12
No_of_Customers:		2
No_of_Items:			12
Customer_Sequence:		52 10 

CustId	Id	TypeId	Rotated	x	y	z	Length	Width	Height	mass	Fragility	LoadBearingStrength
10	66	10	0	0	0	0	33	12	11	495.81	0		7.769657
10	65	8	0	0	12	0	14	11	9	146.35	0		3.994811
10	64	6	0	0	0	11	34	10	8	337.15	0		2.739340
10	60	1	0	0	12	9	14	13	14	327.65	0		10.213505
10	61	4	0	0	0	19	34	6	9	266.02	0		7.549102
10	67	10	0	14	12	0	33	12	11	495.81	0		7.769657
10	62	5	0	14	10	11	19	9	6	251.45	1		2.938249
10	63	5	0	14	10	17	19	9	6	251.45	1		2.938249
52	346	9	0	14	19	11	31	6	12	423.47	0		7.959338
52	345	8	0	34	0	0	14	11	9	146.35	0		3.994811
52	343	2	1	48	0	0	24	9	6	235.87	0		14.587740
52	344	2	1	48	0	6	24	9	6	235.87	0		14.587740


-------------------------------------------------------------------------------------------------------------------
Tour_Id:			13
No_of_Customers:		2
No_of_Items:			12
Customer_Sequence:		40 2 

CustId	Id	TypeId	Rotated	x	y	z	Length	Width	Height	mass	Fragility	LoadBearingStrength
2	6	8	0	0	0	0	14	11	9	146.35	0		3.994811
2	8	10	0	0	11	0	33	12	11	495.81	0		7.769657
40	269	9	0	0	11	11	31	6	12	423.47	0		7.959338
2	4	3	0	14	0	0	32	10	11	920.53	1		3.641926
2	5	3	0	14	0	11	32	10	11	920.53	1		3.641926
40	263	1	0	33	11	0	14	13	14	327.65	0		10.213505
40	264	1	0	31	10	14	14	13	14	327.65	0		10.213505
2	7	8	0	0	0	9	14	11	9	146.35	0		3.994811
40	265	2	1	47	0	0	24	9	6	235.87	0		14.587740
40	266	2	1	47	0	6	24	9	6	235.87	0		14.587740
40	267	5	0	14	0	22	19	9	6	251.45	1		2.938249
40	268	5	1	47	0	12	19	9	6	251.45	1		2.938249


-------------------------------------------------------------------------------------------------------------------
Tour_Id:			14
No_of_Customers:		2
No_of_Items:			12
Customer_Sequence:		8 42 

CustId	Id	TypeId	Rotated	x	y	z	Length	Width	Height	mass	Fragility	LoadBearingStrength
42	275	1	0	0	0	0	14	13	14	327.65	0		10.213505
42	277	7	0	0	13	0	18	12	12	292.69	0		11.379043
42	276	6	0	14	0	0	34	10	8	337.15	0		2.739340
42	279	10	0	14	0	8	33	12	11	495.81	0		7.769657
42	278	8	0	0	13	12	14	11	9	146.35	0		3.994811
8	53	10	0	14	0	19	33	12	11	495.81	0		7.769657
8	54	10	0	18	13	0	33	12	11	495.81	0		7.769657
8	48	4	0	18	12	11	34	6	9	266.02	0		7.549102
8	49	4	0	18	18	11	34	6	9	266.02	0		7.549102
8	52	8	0	0	13	21	14	11	9	146.35	0		3.994811
8	50	5	0	18	12	20	19	9	6	251.45	1		2.938249
8	51	5	1	51	0	0	19	9	6	251.45	1		2.938249


-------------------------------------------------------------------------------------------------------------------
Tour_Id:			15
No_of_Customers:		2
No_of_Items:			14
Customer_Sequence:		36 51 

CustId	Id	TypeId	Rotated	x	y	z	Length	Width	Height	mass	Fragility	LoadBearingStrength
51	342	10	0	0	0	0	33	12	11	495.81	0		7.769657
51	337	8	0	0	12	0	14	11	9	146.35	0		3.994811
51	338	8	0	0	12	9	14	11	9	146.35	0		3.994811
51	334	1	0	14	12	0	14	13	14	327.65	0		10.213505
51	340	9	0	0	0	11	31	6	12	423.47	0		7.959338
36	239	1	0	14	12	14	14	13	14	327.65	0		10.213505
51	335	4	0	0	6	11	34	6	9	266.02	0		7.549102
51	341	9	0	28	12	0	31	6	12	423.47	0		7.959338
51	339	9	0	28	18	0	31	6	12	423.47	0		7.959338
51	336	7	0	34	0	0	18	12	12	292.69	0		11.379043
36	241	4	0	0	6	20	34	6	9	266.02	0		7.549102
36	243	8	0	0	12	18	14	11	9	146.35	0		3.994811
36	240	3	0	28	12	12	32	10	11	920.53	1		3.641926
36	242	5	0	28	12	23	19	9	6	251.45	1		2.938249


-------------------------------------------------------------------------------------------------------------------
Tour_Id:			16
No_of_Customers:		2
No_of_Items:			11
Customer_Sequence:		41 46 

CustId	Id	TypeId	Rotated	x	y	z	Length	Width	Height	mass	Fragility	LoadBearingStrength
46	307	10	0	0	0	0	33	12	11	495.81	0		7.769657
46	305	7	0	0	12	0	18	12	12	292.69	0		11.379043
46	306	9	0	0	0	11	31	6	12	423.47	0		7.959338
46	304	4	0	0	6	11	34	6	9	266.02	0		7.549102
46	302	2	0	0	12	12	24	9	6	235.87	0		14.587740
46	303	2	0	0	12	18	24	9	6	235.87	0		14.587740
41	271	6	0	24	12	0	34	10	8	337.15	0		2.739340
41	272	7	0	24	12	8	18	12	12	292.69	0		11.379043
41	273	7	0	34	0	0	18	12	12	292.69	0		11.379043
41	274	8	0	24	6	20	14	11	9	146.35	0		3.994811
41	270	5	0	0	12	24	19	9	6	251.45	1		2.938249


-------------------------------------------------------------------------------------------------------------------
Tour_Id:			17
No_of_Customers:		2
No_of_Items:			14
Customer_Sequence:		19 49 

CustId	Id	TypeId	Rotated	x	y	z	Length	Width	Height	mass	Fragility	LoadBearingStrength
49	322	1	0	0	0	0	14	13	14	327.65	0		10.213505
49	325	7	0	0	13	0	18	12	12	292.69	0		11.379043
49	326	7	0	0	13	12	18	12	12	292.69	0		11.379043
19	129	10	0	14	0	0	33	12	11	495.81	0		7.769657
49	327	10	0	18	13	0	33	12	11	495.81	0		7.769657
49	323	5	0	0	13	24	19	9	6	251.45	1		2.938249
49	324	5	0	18	13	11	19	9	6	251.45	1		2.938249
49	321	1	0	0	0	14	14	13	14	327.65	0		10.213505
19	130	10	0	14	0	11	33	12	11	495.81	0		7.769657
19	127	6	0	14	0	22	34	10	8	337.15	0		2.739340
19	128	8	0	37	13	11	14	11	9	146.35	0		3.994811
19	124	2	1	51	0	0	24	9	6	235.87	0		14.587740
19	125	5	1	51	0	6	19	9	6	251.45	1		2.938249
19	126	5	1	51	0	12	19	9	6	251.45	1		2.938249


-------------------------------------------------------------------------------------------------------------------
Tour_Id:			18
No_of_Customers:		2
No_of_Items:			14
Customer_Sequence:		25 16 

CustId	Id	TypeId	Rotated	x	y	z	Length	Width	Height	mass	Fragility	LoadBearingStrength
16	109	6	0	0	0	0	34	10	8	337.15	0		2.739340
16	110	7	0	0	10	0	18	12	12	292.69	0		11.379043
16	111	8	0	0	10	12	14	11	9	146.35	0		3.994811
16	114	9	0	0	0	8	31	6	12	423.47	0		7.959338
16	106	2	0	18	10	0	24	9	6	235.87	0		14.587740
16	113	8	0	0	10	21	14	11	9	146.35	0		3.994811
16	112	8	0	18	10	6	14	11	9	146.35	0		3.994811
16	107	5	0	34	0	0	19	9	6	251.45	1		2.938249
16	108	5	0	34	0	6	19	9	6	251.45	1		2.938249
25	163	1	0	42	10	0	14	13	14	327.65	0		10.213505
25	164	1	0	42	10	14	14	13	14	327.65	0		10.213505
25	167	8	0	18	10	15	14	11	9	146.35	0		3.994811
25	165	5	0	31	0	12	19	9	6	251.45	1		2.938249
25	166	5	0	31	0	18	19	9	6	251.45	1		2.938249


-------------------------------------------------------------------------------------------------------------------
Tour_Id:			19
No_of_Customers:		2
No_of_Items:			13
Customer_Sequence:		17 55 

CustId	Id	TypeId	Rotated	x	y	z	Length	Width	Height	mass	Fragility	LoadBearingStrength
17	118	9	0	0	0	0	31	6	12	423.47	0		7.959338
55	363	7	0	0	6	0	18	12	12	292.69	0		11.379043
55	366	9	0	0	18	0	31	6	12	423.47	0		7.959338
55	358	1	0	0	6	12	14	13	14	327.65	0		10.213505
55	362	7	0	18	6	0	18	12	12	292.69	0		11.379043
55	364	8	0	14	6	12	14	11	9	146.35	0		3.994811
55	360	4	0	0	19	12	34	6	9	266.02	0		7.549102
17	116	7	0	36	0	0	18	12	12	292.69	0		11.379043
55	361	5	1	14	6	21	19	9	6	251.45	1		2.938249
55	359	2	0	36	12	0	24	9	6	235.87	0		14.587740
17	117	7	0	28	0	12	18	12	12	292.69	0		11.379043
55	365	8	0	36	12	6	14	11	9	146.35	0		3.994811
17	115	5	0	28	0	24	19	9	6	251.45	1		2.938249


-------------------------------------------------------------------------------------------------------------------
Tour_Id:			20
No_of_Customers:		2
No_of_Items:			14
Customer_Sequence:		34 37 

CustId	Id	TypeId	Rotated	x	y	z	Length	Width	Height	mass	Fragility	LoadBearingStrength
37	247	7	0	0	0	0	18	12	12	292.69	0		11.379043
37	248	7	0	0	12	0	18	12	12	292.69	0		11.379043
37	245	4	0	18	0	0	34	6	9	266.02	0		7.549102
34	223	4	0	18	6	0	34	6	9	266.02	0		7.549102
37	250	9	0	18	12	0	31	6	12	423.47	0		7.959338
37	244	1	0	0	0	12	14	13	14	327.65	0		10.213505
37	246	4	0	0	13	12	34	6	9	266.02	0		7.549102
34	229	10	0	18	0	9	33	12	11	495.81	0		7.769657
34	224	4	0	0	13	21	34	6	9	266.02	0		7.549102
34	227	6	0	14	0	20	34	10	8	337.15	0		2.739340
37	249	9	0	18	18	0	31	6	12	423.47	0		7.959338
34	228	9	0	0	19	12	31	6	12	423.47	0		7.959338
34	225	5	0	34	12	12	19	9	6	251.45	1		2.938249
34	226	5	0	34	12	18	19	9	6	251.45	1		2.938249


-------------------------------------------------------------------------------------------------------------------
Tour_Id:			21
No_of_Customers:		1
No_of_Items:			0
Customer_Sequence:		6 

-------------------------------------------------------------------------------------------------------------------
Tour_Id:			22
No_of_Customers:		1
No_of_Items:			0
Customer_Sequence:		32 

-------------------------------------------------------------------------------------------------------------------
Tour_Id:			23
No_of_Customers:		1
No_of_Items:			0
Customer_Sequence:		43 

-------------------------------------------------------------------------------------------------------------------
Tour_Id:			24
No_of_Customers:		1
No_of_Items:			0
Customer_Sequence:		26 

-------------------------------------------------------------------------------------------------------------------
Tour_Id:			25
No_of_Customers:		1
No_of_Items:			0
Customer_Sequence:		22 

-------------------------------------------------------------------------------------------------------------------
Tour_Id:			26
No_of_Customers:		2
No_of_Items:			12
Customer_Sequence:		27 58 

CustId	Id	TypeId	Rotated	x	y	z	Length	Width	Height	mass	Fragility	LoadBearingStrength
58	385	6	0	0	0	0	34	10	8	337.15	0		2.739340
58	386	7	0	0	10	0	18	12	12	292.69	0		11.379043
58	387	8	0	0	10	12	14	11	9	146.35	0		3.994811
27	181	6	0	0	0	8	34	10	8	337.15	0		2.739340
58	388	8	0	0	10	21	14	11	9	146.35	0		3.994811
58	389	9	0	18	10	0	31	6	12	423.47	0		7.959338
58	383	2	0	18	16	0	24	9	6	235.87	0		14.587740
27	177	3	0	0	0	16	32	10	11	920.53	1		3.641926
58	384	5	0	18	16	6	19	9	6	251.45	1		2.938249
27	178	3	0	14	10	12	32	10	11	920.53	1		3.641926
27	179	5	0	14	10	23	19	9	6	251.45	1		2.938249
27	180	5	0	34	0	0	19	9	6	251.45	1		2.938249


-------------------------------------------------------------------------------------------------------------------
Tour_Id:			27
No_of_Customers:		1
No_of_Items:			0
Customer_Sequence:		57 

-------------------------------------------------------------------------------------------------------------------
Tour_Id:			28
No_of_Customers:		2
No_of_Items:			11
Customer_Sequence:		20 50 

CustId	Id	TypeId	Rotated	x	y	z	Length	Width	Height	mass	Fragility	LoadBearingStrength
50	329	6	0	0	0	0	34	10	8	337.15	0		2.739340
50	332	9	0	0	10	0	31	6	12	423.47	0		7.959338
50	330	6	0	0	0	8	34	10	8	337.15	0		2.739340
50	333	9	0	0	16	0	31	6	12	423.47	0		7.959338
20	135	10	0	0	10	12	33	12	11	495.81	0		7.769657
50	331	8	0	31	10	0	14	11	9	146.35	0		3.994811
50	328	3	0	0	0	16	32	10	11	920.53	1		3.641926
20	131	1	0	45	0	0	14	13	14	327.65	0		10.213505
20	132	1	0	45	0	14	14	13	14	327.65	0		10.213505
20	134	8	0	45	13	0	14	11	9	146.35	0		3.994811
20	133	2	0	0	10	23	24	9	6	235.87	0		14.587740


-------------------------------------------------------------------------------------------------------------------
Tour_Id:			29
No_of_Customers:		2
No_of_Items:			11
Customer_Sequence:		3 60 

CustId	Id	TypeId	Rotated	x	y	z	Length	Width	Height	mass	Fragility	LoadBearingStrength
60	394	1	0	0	0	0	14	13	14	327.65	0		10.213505
60	395	2	0	0	13	0	24	9	6	235.87	0		14.587740
60	399	10	0	14	0	0	33	12	11	495.81	0		7.769657
60	398	6	0	14	0	11	34	10	8	337.15	0		2.739340
60	400	10	0	14	0	19	33	12	11	495.81	0		7.769657
60	396	5	0	0	13	6	19	9	6	251.45	1		2.938249
60	397	5	0	0	13	12	19	9	6	251.45	1		2.938249
3	10	6	0	24	13	0	34	10	8	337.15	0		2.739340
3	11	6	0	19	12	8	34	10	8	337.15	0		2.739340
3	12	6	0	19	12	16	34	10	8	337.15	0		2.739340
3	9	5	0	0	12	18	19	9	6	251.45	1		2.938249


-------------------------------------------------------------------------------------------------------------------
Tour_Id:			30
No_of_Customers:		1
No_of_Items:			0
Customer_Sequence:		5 

-------------------------------------------------------------------------------------------------------------------
Tour_Id:			31
No_of_Customers:		2
No_of_Items:			12
Customer_Sequence:		9 31 

CustId	Id	TypeId	Rotated	x	y	z	Length	Width	Height	mass	Fragility	LoadBearingStrength
31	208	10	0	0	0	0	33	12	11	495.81	0		7.769657
31	204	7	0	0	12	0	18	12	12	292.69	0		11.379043
31	207	9	0	0	0	11	31	6	12	423.47	0		7.959338
31	203	4	0	0	6	11	34	6	9	266.02	0		7.549102
9	59	10	0	18	12	0	33	12	11	495.81	0		7.769657
31	206	8	0	0	12	12	14	11	9	146.35	0		3.994811
31	202	2	0	33	0	0	24	9	6	235.87	0		14.587740
9	55	4	0	0	6	20	34	6	9	266.02	0		7.549102
31	205	8	0	0	12	21	14	11	9	146.35	0		3.994811
9	58	9	0	18	12	11	31	6	12	423.47	0		7.959338
9	57	7	0	34	0	6	18	12	12	292.69	0		11.379043
9	56	4	0	18	18	11	34	6	9	266.02	0		7.549102


-------------------------------------------------------------------------------------------------------------------
Tour_Id:			32
No_of_Customers:		2
No_of_Items:			11
Customer_Sequence:		15 54 

CustId	Id	TypeId	Rotated	x	y	z	Length	Width	Height	mass	Fragility	LoadBearingStrength
15	105	10	0	0	0	0	33	12	11	495.81	0		7.769657
54	357	7	0	0	12	0	18	12	12	292.69	0		11.379043
15	100	4	0	0	0	11	34	6	9	266.02	0		7.549102
54	355	2	0	0	12	12	24	9	6	235.87	0		14.587740
15	101	7	0	0	12	18	18	12	12	292.69	0		11.379043
54	356	7	0	18	12	0	18	12	12	292.69	0		11.379043
15	102	7	0	34	0	0	18	12	12	292.69	0		11.379043
54	354	1	0	36	12	0	14	13	14	327.65	0		10.213505
15	99	2	0	34	0	12	24	9	6	235.87	0		14.587740
15	104	8	0	34	0	18	14	11	9	146.35	0		3.994811
15	103	8	0	36	12	14	14	11	9	146.35	0		3.994811


-------------------------------------------------------------------------------------------------------------------
Tour_Id:			33
No_of_Customers:		1
No_of_Items:			0
Customer_Sequence:		13 

-------------------------------------------------------------------------------------------------------------------
Tour_Id:			34
No_of_Customers:		2
No_of_Items:			12
Customer_Sequence:		33 48 

CustId	Id	TypeId	Rotated	x	y	z	Length	Width	Height	mass	Fragility	LoadBearingStrength
48	318	7	0	0	0	0	18	12	12	292.69	0		11.379043
48	319	7	0	0	12	0	18	12	12	292.69	0		11.379043
48	314	1	0	0	0	12	14	13	14	327.65	0		10.213505
48	315	1	0	18	0	0	14	13	14	327.65	0		10.213505
48	320	9	0	18	13	0	31	6	12	423.47	0		7.959338
48	316	5	0	0	13	12	19	9	6	251.45	1		2.938249
48	317	5	0	0	13	18	19	9	6	251.45	1		2.938249
33	218	1	0	18	0	14	14	13	14	327.65	0		10.213505
33	221	9	0	19	13	12	31	6	12	423.47	0		7.959338
33	222	9	0	19	19	0	31	6	12	423.47	0		7.959338
33	220	4	0	19	19	12	34	6	9	266.02	0		7.549102
33	219	2	0	32	0	0	24	9	6	235.87	0		14.587740


