Name:				096_n060_m200_bt10
Problem:			3L-VRPTW
Number_of_used_Vehicles:	13
Total_Travel_Distance:		1117.21
Calculation_Time:		283.44
Total_Iterations:		562
ConstraintSet:			P18

-------------------------------------------------------------------------------------------------------------------
Tour_Id:			1
No_of_Customers:		5
No_of_Items:			15
Customer_Sequence:		22 50 16 55 4 

CustId	Id	TypeId	Rotated	x	y	z	Length	Width	Height	mass	Fragility	LoadBearingStrength
55	180	6	0	0	0	0	15	13	12	1271.21	0		66.603052
22	69	10	0	15	0	0	20	14	12	829.35	0		32.406817
22	67	1	0	0	0	12	35	7	10	406.37	0		5.198415
16	51	10	0	35	0	0	20	14	12	829.35	0		32.406817
4	11	2	0	0	13	0	13	11	14	1015.80	0		35.041566
16	49	2	0	0	13	14	13	11	14	1015.80	0		35.041566
50	161	2	0	15	14	0	13	11	14	1015.80	0		35.041566
50	162	2	0	13	13	14	13	11	14	1015.80	0		35.041566
16	50	8	0	28	14	0	18	10	7	256.31	0		5.178148
50	164	5	0	0	7	12	29	6	9	640.94	0		16.138209
55	179	5	0	0	7	21	29	6	9	640.94	0		16.138209
4	12	9	0	0	0	22	20	5	7	264.38	0		15.496629
55	181	7	0	28	14	7	17	8	14	203.60	1		3.592528
22	68	7	0	35	0	12	17	8	14	203.60	1		3.592528
50	163	3	0	46	14	0	12	11	10	190.33	1		7.188412


-------------------------------------------------------------------------------------------------------------------
Tour_Id:			2
No_of_Customers:		4
No_of_Items:			15
Customer_Sequence:		9 52 11 32 

CustId	Id	TypeId	Rotated	x	y	z	Length	Width	Height	mass	Fragility	LoadBearingStrength
11	31	1	0	0	0	0	35	7	10	406.37	0		5.198415
52	168	1	0	0	7	0	35	7	10	406.37	0		5.198415
52	169	6	0	0	0	10	15	13	12	1271.21	0		66.603052
32	99	2	0	0	14	0	13	11	14	1015.80	0		35.041566
11	32	2	0	0	14	14	13	11	14	1015.80	0		35.041566
9	24	5	0	13	14	0	29	6	9	640.94	0		16.138209
11	33	4	0	0	0	22	12	11	8	355.65	0		16.707350
11	34	4	0	15	0	10	12	11	8	355.65	0		16.707350
32	100	9	0	13	20	0	20	5	7	264.38	0		15.496629
32	101	9	0	13	20	7	20	5	7	264.38	0		15.496629
11	35	9	0	13	14	9	20	5	7	264.38	0		15.496629
52	170	7	0	35	0	0	17	8	14	203.60	1		3.592528
52	171	7	0	35	0	14	17	8	14	203.60	1		3.592528
9	25	7	0	42	14	0	17	8	14	203.60	1		3.592528
9	23	3	0	15	0	18	12	11	10	190.33	1		7.188412


-------------------------------------------------------------------------------------------------------------------
Tour_Id:			3
No_of_Customers:		5
No_of_Items:			19
Customer_Sequence:		8 1 39 42 33 

CustId	Id	TypeId	Rotated	x	y	z	Length	Width	Height	mass	Fragility	LoadBearingStrength
33	106	10	0	0	0	0	20	14	12	829.35	0		32.406817
33	102	1	0	0	14	0	35	7	10	406.37	0		5.198415
8	20	6	0	0	0	12	15	13	12	1271.21	0		66.603052
42	136	6	0	20	0	0	15	13	12	1271.21	0		66.603052
1	1	5	0	0	14	10	29	6	9	640.94	0		16.138209
8	22	8	0	15	0	12	18	10	7	256.31	0		5.178148
33	104	8	0	15	0	19	18	10	7	256.31	0		5.178148
42	135	4	0	35	0	0	12	11	8	355.65	0		16.707350
39	125	4	0	35	11	0	12	11	8	355.65	0		16.707350
39	126	4	0	35	0	8	12	11	8	355.65	0		16.707350
42	138	9	0	0	14	19	20	5	7	264.38	0		15.496629
1	2	9	1	47	0	0	20	5	7	264.38	0		15.496629
39	127	9	1	47	0	7	20	5	7	264.38	0		15.496629
33	105	9	1	47	0	14	20	5	7	264.38	0		15.496629
42	137	7	1	52	0	0	17	8	14	203.60	1		3.592528
8	21	7	1	52	0	14	17	8	14	203.60	1		3.592528
39	124	3	0	35	11	8	12	11	10	190.33	1		7.188412
42	134	3	0	35	0	16	12	11	10	190.33	1		7.188412
33	103	3	0	35	11	18	12	11	10	190.33	1		7.188412


-------------------------------------------------------------------------------------------------------------------
Tour_Id:			4
No_of_Customers:		5
No_of_Items:			14
Customer_Sequence:		17 41 45 30 44 

CustId	Id	TypeId	Rotated	x	y	z	Length	Width	Height	mass	Fragility	LoadBearingStrength
30	89	3	0	0	0	0	12	11	10	190.33	1		7.188412
45	147	10	0	0	11	0	20	14	12	829.35	0		32.406817
44	145	6	0	0	11	12	15	13	12	1271.21	0		66.603052
17	52	6	0	20	11	0	15	13	12	1271.21	0		66.603052
41	132	7	0	12	0	0	17	8	14	203.60	1		3.592528
17	53	6	0	15	11	12	15	13	12	1271.21	0		66.603052
41	133	9	0	29	0	0	20	5	7	264.38	0		15.496629
30	92	7	0	12	0	14	17	8	14	203.60	1		3.592528
30	93	10	0	35	11	0	20	14	12	829.35	0		32.406817
44	144	4	0	30	11	12	12	11	8	355.65	0		16.707350
30	90	3	0	0	0	10	12	11	10	190.33	1		7.188412
30	91	3	0	0	0	20	12	11	10	190.33	1		7.188412
45	146	3	0	30	11	20	12	11	10	190.33	1		7.188412
41	131	3	0	42	11	12	12	11	10	190.33	1		7.188412


-------------------------------------------------------------------------------------------------------------------
Tour_Id:			5
No_of_Customers:		4
No_of_Items:			14
Customer_Sequence:		57 28 51 34 

CustId	Id	TypeId	Rotated	x	y	z	Length	Width	Height	mass	Fragility	LoadBearingStrength
57	190	10	0	0	0	0	20	14	12	829.35	0		32.406817
28	84	9	0	0	14	0	20	5	7	264.38	0		15.496629
34	110	10	0	0	0	12	20	14	12	829.35	0		32.406817
28	85	9	0	0	19	0	20	5	7	264.38	0		15.496629
34	108	2	0	0	14	7	13	11	14	1015.80	0		35.041566
51	166	2	0	20	0	0	13	11	14	1015.80	0		35.041566
34	107	1	0	20	11	0	35	7	10	406.37	0		5.198415
57	188	5	0	20	18	0	29	6	9	640.94	0		16.138209
57	189	8	0	33	0	0	18	10	7	256.31	0		5.178148
51	167	4	0	0	14	21	12	11	8	355.65	0		16.707350
28	83	4	0	20	0	14	12	11	8	355.65	0		16.707350
57	187	4	0	20	0	22	12	11	8	355.65	0		16.707350
34	109	5	0	20	18	9	29	6	9	640.94	0		16.138209
51	165	1	0	20	11	10	35	7	10	406.37	0		5.198415


-------------------------------------------------------------------------------------------------------------------
Tour_Id:			6
No_of_Customers:		5
No_of_Items:			20
Customer_Sequence:		27 29 48 31 43 

CustId	Id	TypeId	Rotated	x	y	z	Length	Width	Height	mass	Fragility	LoadBearingStrength
31	98	6	0	0	0	0	15	13	12	1271.21	0		66.603052
29	86	6	0	0	0	12	15	13	12	1271.21	0		66.603052
29	87	7	0	0	13	0	17	8	14	203.60	1		3.592528
31	94	2	0	15	0	0	13	11	14	1015.80	0		35.041566
43	141	5	0	17	13	0	29	6	9	640.94	0		16.138209
31	97	5	0	17	19	0	29	6	9	640.94	0		16.138209
27	81	8	0	17	13	9	18	10	7	256.31	0		5.178148
48	156	8	0	17	13	16	18	10	7	256.31	0		5.178148
43	140	4	0	15	0	14	12	11	8	355.65	0		16.707350
29	88	9	0	17	13	23	20	5	7	264.38	0		15.496629
48	155	7	0	0	13	14	17	8	14	203.60	1		3.592528
31	96	4	0	15	0	22	12	11	8	355.65	0		16.707350
27	82	9	0	17	18	23	20	5	7	264.38	0		15.496629
43	143	9	0	28	0	0	20	5	7	264.38	0		15.496629
31	95	3	0	35	13	9	12	11	10	190.33	1		7.188412
43	139	2	1	48	0	0	13	11	14	1015.80	0		35.041566
27	80	7	0	28	5	0	17	8	14	203.60	1		3.592528
48	154	7	0	28	5	14	17	8	14	203.60	1		3.592528
43	142	7	1	48	0	14	17	8	14	203.60	1		3.592528
27	79	3	0	48	13	0	12	11	10	190.33	1		7.188412


-------------------------------------------------------------------------------------------------------------------
Tour_Id:			7
No_of_Customers:		5
No_of_Items:			13
Customer_Sequence:		38 25 46 40 24 

CustId	Id	TypeId	Rotated	x	y	z	Length	Width	Height	mass	Fragility	LoadBearingStrength
40	130	10	0	0	0	0	20	14	12	829.35	0		32.406817
25	76	7	0	0	14	0	17	8	14	203.60	1		3.592528
38	122	4	0	0	0	12	12	11	8	355.65	0		16.707350
46	149	6	0	20	0	0	15	13	12	1271.21	0		66.603052
38	121	1	0	17	14	0	35	7	10	406.37	0		5.198415
24	74	5	0	12	0	12	29	6	9	640.94	0		16.138209
46	148	3	0	0	0	20	12	11	10	190.33	1		7.188412
40	128	5	0	12	6	12	29	6	9	640.94	0		16.138209
40	129	6	0	35	0	0	15	13	12	1271.21	0		66.603052
46	150	8	0	12	0	21	18	10	7	256.31	0		5.178148
25	75	2	1	41	0	12	13	11	14	1015.80	0		35.041566
24	73	5	0	17	14	10	29	6	9	640.94	0		16.138209
38	123	5	0	17	14	19	29	6	9	640.94	0		16.138209


-------------------------------------------------------------------------------------------------------------------
Tour_Id:			8
No_of_Customers:		4
No_of_Items:			15
Customer_Sequence:		23 2 10 15 

CustId	Id	TypeId	Rotated	x	y	z	Length	Width	Height	mass	Fragility	LoadBearingStrength
23	72	10	0	0	0	0	20	14	12	829.35	0		32.406817
2	5	7	0	0	14	0	17	8	14	203.60	1		3.592528
10	26	1	0	17	14	0	35	7	10	406.37	0		5.198415
10	28	5	0	17	14	10	29	6	9	640.94	0		16.138209
23	70	5	0	17	14	19	29	6	9	640.94	0		16.138209
10	29	8	0	0	0	12	18	10	7	256.31	0		5.178148
15	47	4	0	0	0	19	12	11	8	355.65	0		16.707350
15	48	9	0	20	0	0	20	5	7	264.38	0		15.496629
2	4	7	0	0	14	14	17	8	14	203.60	1		3.592528
10	30	9	0	20	5	0	20	5	7	264.38	0		15.496629
2	3	6	0	20	0	7	15	13	12	1271.21	0		66.603052
2	6	7	0	40	0	0	17	8	14	203.60	1		3.592528
23	71	7	0	40	0	14	17	8	14	203.60	1		3.592528
15	46	3	0	12	0	19	12	11	10	190.33	1		7.188412
10	27	3	0	24	0	19	12	11	10	190.33	1		7.188412


-------------------------------------------------------------------------------------------------------------------
Tour_Id:			9
No_of_Customers:		5
No_of_Items:			17
Customer_Sequence:		6 56 26 3 13 

CustId	Id	TypeId	Rotated	x	y	z	Length	Width	Height	mass	Fragility	LoadBearingStrength
13	39	3	0	0	0	0	12	11	10	190.33	1		7.188412
6	16	5	0	0	11	0	29	6	9	640.94	0		16.138209
6	17	8	0	12	0	0	18	10	7	256.31	0		5.178148
26	77	1	0	0	17	0	35	7	10	406.37	0		5.198415
3	9	6	0	30	0	0	15	13	12	1271.21	0		66.603052
56	185	7	0	0	17	10	17	8	14	203.60	1		3.592528
56	186	10	1	45	0	0	20	14	12	829.35	0		32.406817
3	10	9	0	0	11	9	20	5	7	264.38	0		15.496629
56	183	3	0	0	0	10	12	11	10	190.33	1		7.188412
56	182	2	0	12	0	7	13	11	14	1015.80	0		35.041566
3	8	5	0	30	0	12	29	6	9	640.94	0		16.138209
26	78	9	0	0	11	16	20	5	7	264.38	0		15.496629
13	41	7	0	17	17	10	17	8	14	203.60	1		3.592528
13	38	3	0	0	0	20	12	11	10	190.33	1		7.188412
13	40	4	0	12	0	21	12	11	8	355.65	0		16.707350
3	7	5	0	24	0	21	29	6	9	640.94	0		16.138209
56	184	5	0	30	6	12	29	6	9	640.94	0		16.138209


-------------------------------------------------------------------------------------------------------------------
Tour_Id:			10
No_of_Customers:		5
No_of_Items:			18
Customer_Sequence:		19 20 7 36 35 

CustId	Id	TypeId	Rotated	x	y	z	Length	Width	Height	mass	Fragility	LoadBearingStrength
19	60	10	0	0	0	0	20	14	12	829.35	0		32.406817
19	59	10	0	0	0	12	20	14	12	829.35	0		32.406817
35	113	7	0	0	14	0	17	8	14	203.60	1		3.592528
19	58	8	0	17	14	0	18	10	7	256.31	0		5.178148
36	116	1	0	20	0	0	35	7	10	406.37	0		5.198415
35	112	5	0	20	7	0	29	6	9	640.94	0		16.138209
7	19	7	0	0	14	14	17	8	14	203.60	1		3.592528
19	57	5	0	20	7	9	29	6	9	640.94	0		16.138209
19	56	2	0	17	14	7	13	11	14	1015.80	0		35.041566
35	114	8	0	35	14	0	18	10	7	256.31	0		5.178148
35	111	1	0	20	0	10	35	7	10	406.37	0		5.198415
7	18	4	0	17	14	21	12	11	8	355.65	0		16.707350
20	62	2	0	30	14	7	13	11	14	1015.80	0		35.041566
20	63	4	0	29	14	21	12	11	8	355.65	0		16.707350
20	61	1	0	20	0	20	35	7	10	406.37	0		5.198415
36	117	9	0	20	7	18	20	5	7	264.38	0		15.496629
35	115	9	1	55	0	0	20	5	7	264.38	0		15.496629
20	64	4	0	43	14	7	12	11	8	355.65	0		16.707350


-------------------------------------------------------------------------------------------------------------------
Tour_Id:			11
No_of_Customers:		4
No_of_Items:			15
Customer_Sequence:		5 54 49 47 

CustId	Id	TypeId	Rotated	x	y	z	Length	Width	Height	mass	Fragility	LoadBearingStrength
5	15	10	0	0	0	0	20	14	12	829.35	0		32.406817
47	152	2	0	0	14	0	13	11	14	1015.80	0		35.041566
47	151	2	0	0	0	12	13	11	14	1015.80	0		35.041566
49	160	6	0	20	0	0	15	13	12	1271.21	0		66.603052
5	14	4	0	0	14	14	12	11	8	355.65	0		16.707350
54	174	1	0	13	14	0	35	7	10	406.37	0		5.198415
49	157	5	0	13	14	10	29	6	9	640.94	0		16.138209
49	158	5	0	13	0	12	29	6	9	640.94	0		16.138209
49	159	5	0	13	6	12	29	6	9	640.94	0		16.138209
54	175	4	0	0	14	22	12	11	8	355.65	0		16.707350
54	176	4	0	13	0	21	12	11	8	355.65	0		16.707350
47	153	6	0	35	0	0	15	13	12	1271.21	0		66.603052
54	178	9	0	13	14	19	20	5	7	264.38	0		15.496629
54	177	7	1	42	0	12	17	8	14	203.60	1		3.592528
5	13	3	0	48	14	0	12	11	10	190.33	1		7.188412


-------------------------------------------------------------------------------------------------------------------
Tour_Id:			12
No_of_Customers:		2
No_of_Items:			7
Customer_Sequence:		14 37 

CustId	Id	TypeId	Rotated	x	y	z	Length	Width	Height	mass	Fragility	LoadBearingStrength
37	120	10	0	0	0	0	20	14	12	829.35	0		32.406817
14	43	6	0	0	0	12	15	13	12	1271.21	0		66.603052
14	42	2	0	0	14	0	13	11	14	1015.80	0		35.041566
14	44	8	0	13	14	0	18	10	7	256.31	0		5.178148
14	45	8	0	13	14	7	18	10	7	256.31	0		5.178148
37	119	9	0	0	14	14	20	5	7	264.38	0		15.496629
37	118	3	0	20	0	0	12	11	10	190.33	1		7.188412


-------------------------------------------------------------------------------------------------------------------
Tour_Id:			13
No_of_Customers:		7
No_of_Items:			18
Customer_Sequence:		21 12 58 59 18 60 53 

CustId	Id	TypeId	Rotated	x	y	z	Length	Width	Height	mass	Fragility	LoadBearingStrength
12	36	1	0	0	0	0	35	7	10	406.37	0		5.198415
59	193	1	0	0	7	0	35	7	10	406.37	0		5.198415
60	199	6	0	0	0	10	15	13	12	1271.21	0		66.603052
60	200	6	0	15	0	10	15	13	12	1271.21	0		66.603052
59	195	6	0	35	0	0	15	13	12	1271.21	0		66.603052
53	173	2	0	0	14	0	13	11	14	1015.80	0		35.041566
12	37	2	0	0	14	14	13	11	14	1015.80	0		35.041566
18	54	2	0	13	14	0	13	11	14	1015.80	0		35.041566
53	172	2	0	13	14	14	13	11	14	1015.80	0		35.041566
18	55	5	0	26	14	0	29	6	9	640.94	0		16.138209
59	194	5	0	26	14	9	29	6	9	640.94	0		16.138209
58	192	5	0	26	14	18	29	6	9	640.94	0		16.138209
59	196	8	0	0	0	22	18	10	7	256.31	0		5.178148
21	65	8	0	35	0	12	18	10	7	256.31	0		5.178148
58	191	4	0	18	0	22	12	11	8	355.65	0		16.707350
60	198	4	0	35	0	19	12	11	8	355.65	0		16.707350
59	197	9	0	26	20	0	20	5	7	264.38	0		15.496629
21	66	9	0	26	20	7	20	5	7	264.38	0		15.496629


