Name:				174_n060_m200_bt10
Problem:			3L-VRPTW
Number_of_used_Vehicles:	3
Total_Travel_Distance:		569.89
Calculation_Time:		3600.00
Total_Iterations:		41
ConstraintSet:			P18

-------------------------------------------------------------------------------------------------------------------
Tour_Id:			1
No_of_Customers:		19
No_of_Items:			57
Customer_Sequence:		49 50 43 24 20 18 37 21 22 15 1 38 46 9 40 44 8 33 31 

CustId	Id	TypeId	Rotated	x	y	z	Length	Width	Height	mass	Fragility	LoadBearingStrength
43	134	1	0	0	0	0	17	3	8	128.08	0		5.077631
40	127	1	0	0	3	0	17	3	8	128.08	0		5.077631
37	119	1	0	0	6	0	17	3	8	128.08	0		5.077631
44	138	1	0	0	9	0	17	3	8	128.08	0		5.077631
33	107	2	0	0	12	0	16	6	3	197.59	0		70.137686
18	62	2	0	0	18	0	16	6	3	197.59	0		70.137686
8	27	2	0	0	12	3	16	6	3	197.59	0		70.137686
49	156	2	0	0	18	3	16	6	3	197.59	0		70.137686
44	139	2	0	0	12	6	16	6	3	197.59	0		70.137686
8	30	10	0	0	18	6	7	5	7	106.04	0		16.208802
18	65	10	0	0	0	8	7	5	7	106.04	0		16.208802
9	32	10	0	0	5	8	7	5	7	106.04	0		16.208802
33	109	10	0	0	12	9	7	5	7	106.04	0		16.208802
21	74	10	0	0	18	13	7	5	7	106.04	0		16.208802
1	2	5	0	0	0	15	9	5	5	203.26	0		35.941717
9	31	5	0	0	5	15	9	5	5	203.26	0		35.941717
46	145	5	0	0	12	16	9	5	5	203.26	0		35.941717
40	128	5	0	0	0	20	9	5	5	203.26	0		35.941717
8	28	5	0	0	5	20	9	5	5	203.26	0		35.941717
20	71	5	0	0	18	20	9	5	5	203.26	0		35.941717
37	121	6	0	16	12	0	17	3	4	95.34	0		9.474560
1	3	6	0	16	15	0	17	3	4	95.34	0		9.474560
31	103	6	0	16	18	0	17	3	4	95.34	0		9.474560
21	72	6	0	16	21	0	17	3	4	95.34	0		9.474560
38	124	6	0	16	12	4	17	3	4	95.34	0		9.474560
46	146	6	0	16	15	4	17	3	4	95.34	0		9.474560
50	158	6	0	16	18	4	17	3	4	95.34	0		9.474560
31	102	6	0	16	21	4	17	3	4	95.34	0		9.474560
33	108	6	0	16	12	8	17	3	4	95.34	0		9.474560
24	82	7	0	0	12	21	10	6	3	88.31	0		26.072937
43	135	7	0	0	12	24	10	6	3	88.31	0		26.072937
50	159	7	0	0	0	25	10	6	3	88.31	0		26.072937
49	157	7	0	0	18	25	10	6	3	88.31	0		26.072937
8	29	7	0	0	12	27	10	6	3	88.31	0		26.072937
22	76	7	0	7	0	8	10	6	3	88.31	0		26.072937
1	4	7	0	7	6	8	10	6	3	88.31	0		26.072937
43	136	8	1	7	0	11	15	3	3	69.14	0		24.532575
37	122	8	1	10	0	11	15	3	3	69.14	0		24.532575
20	70	3	0	0	6	25	10	3	3	42.38	0		44.859019
44	140	3	1	10	0	14	10	3	3	42.38	0		44.859019
24	81	3	1	10	0	17	10	3	3	42.38	0		44.859019
15	54	3	1	10	0	20	10	3	3	42.38	0		44.859019
37	120	3	1	10	0	23	10	3	3	42.38	0		44.859019
15	55	9	0	16	15	8	10	7	7	224.06	1		5.728425
46	148	9	0	16	15	15	10	7	7	224.06	1		5.728425
46	147	9	0	16	15	22	10	7	7	224.06	1		5.728425
40	129	9	0	17	0	0	10	7	7	224.06	1		5.728425
15	56	9	0	17	0	7	10	7	7	224.06	1		5.728425
43	137	9	0	17	0	14	10	7	7	224.06	1		5.728425
21	73	9	0	17	0	21	10	7	7	224.06	1		5.728425
18	63	4	1	13	0	11	15	3	8	132.65	1		5.882159
18	64	4	1	13	0	19	15	3	8	132.65	1		5.882159
1	1	4	0	16	12	12	15	3	8	132.65	1		5.882159
38	123	4	0	16	12	20	15	3	8	132.65	1		5.882159
44	142	4	0	17	7	0	15	3	8	132.65	1		5.882159
44	141	4	0	17	7	8	15	3	8	132.65	1		5.882159
22	75	4	0	17	7	16	15	3	8	132.65	1		5.882159


-------------------------------------------------------------------------------------------------------------------
Tour_Id:			2
No_of_Customers:		21
No_of_Items:			68
Customer_Sequence:		7 2 29 17 55 41 26 39 53 58 6 14 28 57 30 60 45 25 16 11 4 

CustId	Id	TypeId	Rotated	x	y	z	Length	Width	Height	mass	Fragility	LoadBearingStrength
39	125	1	0	0	0	0	17	3	8	128.08	0		5.077631
30	98	1	0	0	3	0	17	3	8	128.08	0		5.077631
17	59	1	0	0	6	0	17	3	8	128.08	0		5.077631
2	5	1	0	0	9	0	17	3	8	128.08	0		5.077631
14	50	1	0	0	12	0	17	3	8	128.08	0		5.077631
55	177	1	0	0	15	0	17	3	8	128.08	0		5.077631
6	20	1	0	0	18	0	17	3	8	128.08	0		5.077631
58	190	1	0	0	21	0	17	3	8	128.08	0		5.077631
53	169	1	0	0	0	8	17	3	8	128.08	0		5.077631
41	130	2	0	0	3	8	16	6	3	197.59	0		70.137686
7	22	2	0	0	9	8	16	6	3	197.59	0		70.137686
11	38	2	0	0	15	8	16	6	3	197.59	0		70.137686
28	92	2	0	0	3	11	16	6	3	197.59	0		70.137686
17	60	2	0	0	9	11	16	6	3	197.59	0		70.137686
29	95	2	0	0	15	11	16	6	3	197.59	0		70.137686
30	99	2	0	0	3	14	16	6	3	197.59	0		70.137686
57	186	2	0	0	9	14	16	6	3	197.59	0		70.137686
57	189	10	0	0	15	14	7	5	7	106.04	0		16.208802
53	171	10	0	0	3	17	7	5	7	106.04	0		16.208802
30	101	10	0	0	8	17	7	5	7	106.04	0		16.208802
4	16	10	0	0	15	21	7	5	7	106.04	0		16.208802
29	97	10	0	7	15	14	7	5	7	106.04	0		16.208802
4	17	10	0	7	3	17	7	5	7	106.04	0		16.208802
2	9	10	0	7	8	17	7	5	7	106.04	0		16.208802
45	143	5	0	0	3	24	9	5	5	203.26	0		35.941717
4	14	5	0	0	8	24	9	5	5	203.26	0		35.941717
16	58	5	0	7	15	21	9	5	5	203.26	0		35.941717
41	131	5	1	9	3	24	9	5	5	203.26	0		35.941717
30	100	6	0	0	21	8	17	3	4	95.34	0		9.474560
26	86	6	0	0	21	12	17	3	4	95.34	0		9.474560
26	87	6	0	0	0	16	17	3	4	95.34	0		9.474560
55	179	6	0	0	21	16	17	3	4	95.34	0		9.474560
25	83	6	0	0	0	20	17	3	4	95.34	0		9.474560
25	84	6	0	0	21	20	17	3	4	95.34	0		9.474560
55	180	7	0	7	15	26	10	6	3	88.31	0		26.072937
28	93	7	0	17	0	0	10	6	3	88.31	0		26.072937
4	15	7	0	17	6	0	10	6	3	88.31	0		26.072937
2	7	8	0	0	0	24	15	3	3	69.14	0		24.532575
39	126	8	0	0	21	24	15	3	3	69.14	0		24.532575
29	96	8	0	0	0	27	15	3	3	69.14	0		24.532575
58	191	8	0	0	21	27	15	3	3	69.14	0		24.532575
60	200	8	0	17	12	0	15	3	3	69.14	0		24.532575
11	39	8	0	17	15	0	15	3	3	69.14	0		24.532575
45	144	8	0	17	18	0	15	3	3	69.14	0		24.532575
14	52	8	0	17	21	0	15	3	3	69.14	0		24.532575
28	94	8	1	17	0	3	15	3	3	69.14	0		24.532575
14	51	8	0	17	15	3	15	3	3	69.14	0		24.532575
55	178	3	0	17	18	3	10	3	3	42.38	0		44.859019
60	198	3	0	17	21	3	10	3	3	42.38	0		44.859019
60	199	3	1	17	0	6	10	3	3	42.38	0		44.859019
53	170	3	1	17	10	6	10	3	3	42.38	0		44.859019
26	85	3	0	17	20	6	10	3	3	42.38	0		44.859019
17	61	9	1	20	0	3	10	7	7	224.06	1		5.728425
2	8	9	1	20	0	10	10	7	7	224.06	1		5.728425
11	40	9	1	20	0	17	10	7	7	224.06	1		5.728425
7	24	9	0	27	0	0	10	7	7	224.06	1		5.728425
7	25	9	0	27	0	7	10	7	7	224.06	1		5.728425
7	26	9	0	27	0	14	10	7	7	224.06	1		5.728425
57	188	9	0	27	0	21	10	7	7	224.06	1		5.728425
14	53	9	0	32	12	0	10	7	7	224.06	1		5.728425
6	21	9	0	32	12	7	10	7	7	224.06	1		5.728425
58	192	9	0	32	12	14	10	7	7	224.06	1		5.728425
58	193	9	0	32	12	21	10	7	7	224.06	1		5.728425
58	194	9	0	37	0	0	10	7	7	224.06	1		5.728425
57	187	4	1	17	0	9	15	3	8	132.65	1		5.882159
2	6	4	1	17	0	17	15	3	8	132.65	1		5.882159
16	57	4	0	27	7	0	15	3	8	132.65	1		5.882159
7	23	4	0	27	7	8	15	3	8	132.65	1		5.882159


-------------------------------------------------------------------------------------------------------------------
Tour_Id:			3
No_of_Customers:		20
No_of_Items:			75
Customer_Sequence:		36 54 27 23 12 56 5 52 3 48 47 34 19 13 42 51 59 32 10 35 

CustId	Id	TypeId	Rotated	x	y	z	Length	Width	Height	mass	Fragility	LoadBearingStrength
10	33	1	0	0	0	0	17	3	8	128.08	0		5.077631
36	116	1	0	0	3	0	17	3	8	128.08	0		5.077631
19	66	1	0	0	6	0	17	3	8	128.08	0		5.077631
48	154	1	0	0	9	0	17	3	8	128.08	0		5.077631
3	10	1	0	0	12	0	17	3	8	128.08	0		5.077631
56	181	1	0	0	15	0	17	3	8	128.08	0		5.077631
27	88	1	0	0	18	0	17	3	8	128.08	0		5.077631
52	165	1	0	0	21	0	17	3	8	128.08	0		5.077631
12	41	2	0	0	0	8	16	6	3	197.59	0		70.137686
47	149	2	0	0	6	8	16	6	3	197.59	0		70.137686
54	172	2	0	0	12	8	16	6	3	197.59	0		70.137686
34	110	2	0	0	18	8	16	6	3	197.59	0		70.137686
27	89	2	0	0	0	11	16	6	3	197.59	0		70.137686
48	155	2	0	0	6	11	16	6	3	197.59	0		70.137686
13	46	2	0	0	12	11	16	6	3	197.59	0		70.137686
5	18	2	0	0	18	11	16	6	3	197.59	0		70.137686
10	34	2	0	0	0	14	16	6	3	197.59	0		70.137686
3	13	10	0	0	6	14	7	5	7	106.04	0		16.208802
32	106	10	0	0	11	14	7	5	7	106.04	0		16.208802
56	185	10	0	0	16	14	7	5	7	106.04	0		16.208802
47	153	10	0	0	0	17	7	5	7	106.04	0		16.208802
56	182	5	0	0	6	21	9	5	5	203.26	0		35.941717
34	112	5	0	0	11	21	9	5	5	203.26	0		35.941717
35	115	5	0	0	16	21	9	5	5	203.26	0		35.941717
19	67	5	0	0	0	24	9	5	5	203.26	0		35.941717
56	183	5	0	7	6	14	9	5	5	203.26	0		35.941717
54	175	5	0	7	11	14	9	5	5	203.26	0		35.941717
13	47	5	0	7	16	14	9	5	5	203.26	0		35.941717
54	174	5	0	7	0	17	9	5	5	203.26	0		35.941717
51	160	5	0	17	0	0	9	5	5	203.26	0		35.941717
51	161	5	0	17	5	0	9	5	5	203.26	0		35.941717
36	117	6	0	0	21	14	17	3	4	95.34	0		9.474560
52	166	6	0	0	21	18	17	3	4	95.34	0		9.474560
27	90	6	0	0	21	22	17	3	4	95.34	0		9.474560
19	68	6	1	0	6	26	17	3	4	95.34	0		9.474560
59	196	6	1	3	6	26	17	3	4	95.34	0		9.474560
59	197	6	1	6	6	26	17	3	4	95.34	0		9.474560
42	132	6	0	17	10	0	17	3	4	95.34	0		9.474560
51	162	6	0	17	13	0	17	3	4	95.34	0		9.474560
51	163	6	0	17	16	0	17	3	4	95.34	0		9.474560
54	176	7	0	17	19	0	10	6	3	88.31	0		26.072937
32	105	7	0	17	19	3	10	6	3	88.31	0		26.072937
56	184	7	0	17	10	4	10	6	3	88.31	0		26.072937
52	167	7	0	17	0	5	10	6	3	88.31	0		26.072937
51	164	7	0	16	0	8	10	6	3	88.31	0		26.072937
3	12	7	0	16	0	11	10	6	3	88.31	0		26.072937
13	48	7	0	16	0	14	10	6	3	88.31	0		26.072937
47	152	7	0	16	0	17	10	6	3	88.31	0		26.072937
10	36	8	0	17	16	4	15	3	3	69.14	0		24.532575
23	77	8	0	17	16	7	15	3	3	69.14	0		24.532575
12	43	8	0	17	16	10	15	3	3	69.14	0		24.532575
12	44	8	0	17	16	13	15	3	3	69.14	0		24.532575
23	78	8	0	17	16	16	15	3	3	69.14	0		24.532575
52	168	8	0	17	16	19	15	3	3	69.14	0		24.532575
42	133	8	0	17	16	22	15	3	3	69.14	0		24.532575
19	69	8	0	17	16	25	15	3	3	69.14	0		24.532575
35	114	3	0	16	0	20	10	3	3	42.38	0		44.859019
54	173	3	0	16	3	20	10	3	3	42.38	0		44.859019
35	113	3	0	16	0	23	10	3	3	42.38	0		44.859019
32	104	3	0	16	3	23	10	3	3	42.38	0		44.859019
3	11	3	0	16	0	26	10	3	3	42.38	0		44.859019
47	151	3	0	16	3	26	10	3	3	42.38	0		44.859019
47	150	3	0	17	6	5	10	3	3	42.38	0		44.859019
59	195	3	0	16	6	8	10	3	3	42.38	0		44.859019
27	91	9	0	34	10	0	10	7	7	224.06	1		5.728425
36	118	9	0	34	17	0	10	7	7	224.06	1		5.728425
10	37	9	0	32	16	7	10	7	7	224.06	1		5.728425
13	49	9	0	32	16	14	10	7	7	224.06	1		5.728425
12	45	9	0	32	16	21	10	7	7	224.06	1		5.728425
23	80	9	0	44	10	0	10	7	7	224.06	1		5.728425
23	79	9	0	44	17	0	10	7	7	224.06	1		5.728425
5	19	9	0	42	16	7	10	7	7	224.06	1		5.728425
34	111	4	0	34	10	7	15	3	8	132.65	1		5.882159
10	35	4	0	34	13	7	15	3	8	132.65	1		5.882159
12	42	4	0	34	10	15	15	3	8	132.65	1		5.882159


