Name:				174_n060_m200_bt10
Problem:			3L-VRPTW
Number_of_used_Vehicles:	3
Total_Travel_Distance:		575.10
Calculation_Time:		3600.00
Total_Iterations:		56
ConstraintSet:			P18

-------------------------------------------------------------------------------------------------------------------
Tour_Id:			1
No_of_Customers:		19
No_of_Items:			58
Customer_Sequence:		49 50 43 24 20 18 37 21 22 15 1 38 44 40 46 9 17 8 33 

CustId	Id	TypeId	Rotated	x	y	z	Length	Width	Height	mass	Fragility	LoadBearingStrength
43	134	1	0	0	0	0	17	3	8	128.08	0		5.077631
17	59	1	0	0	3	0	17	3	8	128.08	0		5.077631
44	138	1	0	0	6	0	17	3	8	128.08	0		5.077631
40	127	1	0	0	9	0	17	3	8	128.08	0		5.077631
37	119	1	0	0	12	0	17	3	8	128.08	0		5.077631
18	62	2	0	0	15	0	16	6	3	197.59	0		70.137686
8	27	2	0	0	15	3	16	6	3	197.59	0		70.137686
33	107	2	0	0	15	6	16	6	3	197.59	0		70.137686
44	139	2	0	0	0	8	16	6	3	197.59	0		70.137686
17	60	2	0	0	6	8	16	6	3	197.59	0		70.137686
49	156	2	0	0	15	9	16	6	3	197.59	0		70.137686
21	74	10	0	0	0	11	7	5	7	106.04	0		16.208802
18	65	10	0	0	5	11	7	5	7	106.04	0		16.208802
9	32	10	0	0	15	12	7	5	7	106.04	0		16.208802
8	30	10	0	0	0	18	7	5	7	106.04	0		16.208802
33	109	10	0	0	5	18	7	5	7	106.04	0		16.208802
46	145	5	0	0	15	19	9	5	5	203.26	0		35.941717
40	128	5	0	0	15	24	9	5	5	203.26	0		35.941717
9	31	5	0	0	0	25	9	5	5	203.26	0		35.941717
8	28	5	0	0	5	25	9	5	5	203.26	0		35.941717
1	2	5	0	7	0	11	9	5	5	203.26	0		35.941717
20	71	5	0	7	5	11	9	5	5	203.26	0		35.941717
33	108	6	0	0	21	0	17	3	4	95.34	0		9.474560
37	121	6	0	0	21	4	17	3	4	95.34	0		9.474560
1	3	6	0	0	12	8	17	3	4	95.34	0		9.474560
21	72	6	0	0	21	8	17	3	4	95.34	0		9.474560
38	124	6	0	0	12	12	17	3	4	95.34	0		9.474560
50	158	6	0	0	20	12	17	3	4	95.34	0		9.474560
46	146	6	0	0	12	16	17	3	4	95.34	0		9.474560
24	82	7	0	7	0	16	10	6	3	88.31	0		26.072937
43	135	7	0	7	0	19	10	6	3	88.31	0		26.072937
50	159	7	0	7	0	22	10	6	3	88.31	0		26.072937
49	157	7	0	9	0	25	10	6	3	88.31	0		26.072937
22	76	7	0	16	15	0	10	6	3	88.31	0		26.072937
8	29	7	0	16	15	3	10	6	3	88.31	0		26.072937
1	4	7	0	16	15	6	10	6	3	88.31	0		26.072937
43	136	8	0	0	20	16	15	3	3	69.14	0		24.532575
37	122	8	0	0	20	19	15	3	3	69.14	0		24.532575
20	70	3	0	0	12	20	10	3	3	42.38	0		44.859019
44	140	3	0	0	20	22	10	3	3	42.38	0		44.859019
24	81	3	0	0	12	23	10	3	3	42.38	0		44.859019
15	54	3	0	0	20	25	10	3	3	42.38	0		44.859019
37	120	3	0	0	12	26	10	3	3	42.38	0		44.859019
15	56	9	0	17	0	0	10	7	7	224.06	1		5.728425
17	61	9	0	17	7	0	10	7	7	224.06	1		5.728425
46	147	9	0	17	0	7	10	7	7	224.06	1		5.728425
46	148	9	0	17	7	7	10	7	7	224.06	1		5.728425
43	137	9	0	17	0	14	10	7	7	224.06	1		5.728425
21	73	9	0	17	7	14	10	7	7	224.06	1		5.728425
15	55	9	0	17	7	21	10	7	7	224.06	1		5.728425
40	129	9	0	26	15	0	10	7	7	224.06	1		5.728425
44	141	4	0	26	22	0	15	3	8	132.65	1		5.882159
44	142	4	0	26	22	8	15	3	8	132.65	1		5.882159
22	75	4	0	26	22	16	15	3	8	132.65	1		5.882159
38	123	4	0	27	0	0	15	3	8	132.65	1		5.882159
18	64	4	0	27	3	0	15	3	8	132.65	1		5.882159
18	63	4	0	27	6	0	15	3	8	132.65	1		5.882159
1	1	4	0	27	9	0	15	3	8	132.65	1		5.882159


-------------------------------------------------------------------------------------------------------------------
Tour_Id:			2
No_of_Customers:		25
No_of_Items:			89
Customer_Sequence:		54 27 23 25 16 30 57 60 45 5 56 12 52 3 48 47 34 19 13 42 51 59 32 10 35 

CustId	Id	TypeId	Rotated	x	y	z	Length	Width	Height	mass	Fragility	LoadBearingStrength
19	66	1	0	0	0	0	17	3	8	128.08	0		5.077631
56	181	1	0	0	3	0	17	3	8	128.08	0		5.077631
52	165	1	0	0	6	0	17	3	8	128.08	0		5.077631
3	10	1	0	0	9	0	17	3	8	128.08	0		5.077631
48	154	1	0	0	12	0	17	3	8	128.08	0		5.077631
30	98	1	0	0	15	0	17	3	8	128.08	0		5.077631
27	88	1	0	0	18	0	17	3	8	128.08	0		5.077631
10	33	1	0	0	21	0	17	3	8	128.08	0		5.077631
27	89	2	0	0	0	8	16	6	3	197.59	0		70.137686
12	41	2	0	0	6	8	16	6	3	197.59	0		70.137686
5	18	2	0	0	12	8	16	6	3	197.59	0		70.137686
48	155	2	0	0	18	8	16	6	3	197.59	0		70.137686
10	34	2	0	0	0	11	16	6	3	197.59	0		70.137686
57	186	2	0	0	6	11	16	6	3	197.59	0		70.137686
47	149	2	0	0	12	11	16	6	3	197.59	0		70.137686
34	110	2	0	0	18	11	16	6	3	197.59	0		70.137686
30	99	2	0	0	0	14	16	6	3	197.59	0		70.137686
13	46	2	0	0	6	14	16	6	3	197.59	0		70.137686
54	172	2	0	0	12	14	16	6	3	197.59	0		70.137686
32	106	10	0	0	18	14	7	5	7	106.04	0		16.208802
56	185	10	0	0	0	17	7	5	7	106.04	0		16.208802
47	153	10	0	0	5	17	7	5	7	106.04	0		16.208802
30	101	10	0	0	10	17	7	5	7	106.04	0		16.208802
3	13	10	0	0	18	21	7	5	7	106.04	0		16.208802
57	189	10	0	7	18	14	7	5	7	106.04	0		16.208802
51	161	5	0	0	0	24	9	5	5	203.26	0		35.941717
45	143	5	0	0	5	24	9	5	5	203.26	0		35.941717
51	160	5	0	0	10	24	9	5	5	203.26	0		35.941717
34	112	5	0	7	0	17	9	5	5	203.26	0		35.941717
54	174	5	0	7	5	17	9	5	5	203.26	0		35.941717
35	115	5	0	7	10	17	9	5	5	203.26	0		35.941717
19	67	5	0	7	18	21	9	5	5	203.26	0		35.941717
56	183	5	0	17	0	0	9	5	5	203.26	0		35.941717
13	47	5	0	17	5	0	9	5	5	203.26	0		35.941717
56	182	5	0	17	10	0	9	5	5	203.26	0		35.941717
16	58	5	0	17	15	0	9	5	5	203.26	0		35.941717
54	175	5	0	17	20	0	9	5	5	203.26	0		35.941717
59	197	6	0	0	15	17	17	3	4	95.34	0		9.474560
52	166	6	0	0	15	21	17	3	4	95.34	0		9.474560
27	90	6	0	0	15	25	17	3	4	95.34	0		9.474560
25	84	6	1	17	0	5	17	3	4	95.34	0		9.474560
59	196	6	1	17	0	9	17	3	4	95.34	0		9.474560
25	83	6	1	17	0	13	17	3	4	95.34	0		9.474560
51	162	6	1	17	0	17	17	3	4	95.34	0		9.474560
19	68	6	1	17	0	21	17	3	4	95.34	0		9.474560
30	100	6	1	17	0	25	17	3	4	95.34	0		9.474560
51	163	6	1	20	0	5	17	3	4	95.34	0		9.474560
42	132	6	1	20	0	9	17	3	4	95.34	0		9.474560
56	184	7	0	7	18	26	10	6	3	88.31	0		26.072937
54	176	7	0	17	17	5	10	6	3	88.31	0		26.072937
13	48	7	0	16	18	8	10	6	3	88.31	0		26.072937
51	164	7	0	16	18	11	10	6	3	88.31	0		26.072937
52	167	7	0	14	18	14	10	6	3	88.31	0		26.072937
3	12	7	0	14	18	17	10	6	3	88.31	0		26.072937
47	152	7	0	26	0	0	10	6	3	88.31	0		26.072937
32	105	7	0	26	6	0	10	6	3	88.31	0		26.072937
45	144	8	1	20	0	13	15	3	3	69.14	0		24.532575
19	69	8	1	20	0	16	15	3	3	69.14	0		24.532575
42	133	8	1	20	0	19	15	3	3	69.14	0		24.532575
23	77	8	1	20	0	22	15	3	3	69.14	0		24.532575
23	78	8	1	20	0	25	15	3	3	69.14	0		24.532575
60	200	8	1	23	0	5	15	3	3	69.14	0		24.532575
10	36	8	1	23	0	8	15	3	3	69.14	0		24.532575
52	168	8	1	23	0	11	15	3	3	69.14	0		24.532575
12	43	8	1	23	0	14	15	3	3	69.14	0		24.532575
12	44	8	1	23	0	17	15	3	3	69.14	0		24.532575
32	104	3	1	23	0	20	10	3	3	42.38	0		44.859019
35	113	3	1	23	0	23	10	3	3	42.38	0		44.859019
54	173	3	1	23	0	26	10	3	3	42.38	0		44.859019
59	195	3	0	26	12	0	10	3	3	42.38	0		44.859019
35	114	3	0	26	15	0	10	3	3	42.38	0		44.859019
3	11	3	0	26	18	0	10	3	3	42.38	0		44.859019
47	150	3	0	26	21	0	10	3	3	42.38	0		44.859019
47	151	3	0	26	0	3	10	3	3	42.38	0		44.859019
60	198	3	0	26	3	3	10	3	3	42.38	0		44.859019
60	199	3	0	26	6	3	10	3	3	42.38	0		44.859019
12	45	9	0	26	9	3	10	7	7	224.06	1		5.728425
13	49	9	0	26	0	6	10	7	7	224.06	1		5.728425
5	19	9	0	26	9	10	10	7	7	224.06	1		5.728425
27	91	9	0	26	0	13	10	7	7	224.06	1		5.728425
10	37	9	0	26	9	17	10	7	7	224.06	1		5.728425
23	80	9	0	26	0	20	10	7	7	224.06	1		5.728425
23	79	9	0	36	0	0	10	7	7	224.06	1		5.728425
57	188	9	0	36	7	0	10	7	7	224.06	1		5.728425
57	187	4	0	36	14	0	15	3	8	132.65	1		5.882159
34	111	4	0	36	17	0	15	3	8	132.65	1		5.882159
10	35	4	0	36	20	0	15	3	8	132.65	1		5.882159
12	42	4	0	36	14	8	15	3	8	132.65	1		5.882159
16	57	4	0	36	17	8	15	3	8	132.65	1		5.882159


-------------------------------------------------------------------------------------------------------------------
Tour_Id:			3
No_of_Customers:		16
No_of_Items:			53
Customer_Sequence:		7 2 29 55 41 26 39 53 58 6 14 28 4 11 36 31 

CustId	Id	TypeId	Rotated	x	y	z	Length	Width	Height	mass	Fragility	LoadBearingStrength
53	169	1	0	0	0	0	17	3	8	128.08	0		5.077631
36	116	1	0	0	3	0	17	3	8	128.08	0		5.077631
58	190	1	0	0	6	0	17	3	8	128.08	0		5.077631
2	5	1	0	0	9	0	17	3	8	128.08	0		5.077631
39	125	1	0	0	12	0	17	3	8	128.08	0		5.077631
6	20	1	0	0	15	0	17	3	8	128.08	0		5.077631
14	50	1	0	0	18	0	17	3	8	128.08	0		5.077631
55	177	1	0	0	21	0	17	3	8	128.08	0		5.077631
28	92	2	0	0	0	8	16	6	3	197.59	0		70.137686
41	130	2	0	0	6	8	16	6	3	197.59	0		70.137686
29	95	2	0	0	12	8	16	6	3	197.59	0		70.137686
11	38	2	0	0	18	8	16	6	3	197.59	0		70.137686
7	22	2	0	0	0	11	16	6	3	197.59	0		70.137686
4	16	10	0	0	6	11	7	5	7	106.04	0		16.208802
4	17	10	0	0	11	11	7	5	7	106.04	0		16.208802
29	97	10	0	0	16	11	7	5	7	106.04	0		16.208802
2	9	10	0	0	0	14	7	5	7	106.04	0		16.208802
53	171	10	0	0	6	18	7	5	7	106.04	0		16.208802
41	131	5	0	0	11	18	9	5	5	203.26	0		35.941717
4	14	5	0	0	16	18	9	5	5	203.26	0		35.941717
31	103	6	0	0	21	11	17	3	4	95.34	0		9.474560
55	179	6	0	0	21	15	17	3	4	95.34	0		9.474560
26	87	6	0	0	21	19	17	3	4	95.34	0		9.474560
26	86	6	0	0	21	23	17	3	4	95.34	0		9.474560
36	117	6	0	17	0	0	17	3	4	95.34	0		9.474560
31	102	6	0	17	3	0	17	3	4	95.34	0		9.474560
55	180	7	0	0	11	23	10	6	3	88.31	0		26.072937
4	15	7	0	0	11	26	10	6	3	88.31	0		26.072937
28	93	7	0	7	6	11	10	6	3	88.31	0		26.072937
14	51	8	0	0	21	27	15	3	3	69.14	0		24.532575
2	7	8	1	7	0	14	15	3	3	69.14	0		24.532575
11	39	8	1	10	0	14	15	3	3	69.14	0		24.532575
29	96	8	1	10	0	17	15	3	3	69.14	0		24.532575
28	94	8	1	10	0	20	15	3	3	69.14	0		24.532575
14	52	8	1	10	0	23	15	3	3	69.14	0		24.532575
39	126	8	1	10	0	26	15	3	3	69.14	0		24.532575
58	191	8	1	13	0	14	15	3	3	69.14	0		24.532575
26	85	3	0	0	17	23	10	3	3	42.38	0		44.859019
55	178	3	0	0	17	26	10	3	3	42.38	0		44.859019
53	170	3	0	7	12	11	10	3	3	42.38	0		44.859019
7	26	9	0	17	6	0	10	7	7	224.06	1		5.728425
7	24	9	0	17	13	0	10	7	7	224.06	1		5.728425
7	25	9	0	17	6	7	10	7	7	224.06	1		5.728425
2	8	9	0	17	13	7	10	7	7	224.06	1		5.728425
58	193	9	0	17	6	14	10	7	7	224.06	1		5.728425
36	118	9	0	17	13	14	10	7	7	224.06	1		5.728425
11	40	9	0	17	6	21	10	7	7	224.06	1		5.728425
14	53	9	0	17	13	21	10	7	7	224.06	1		5.728425
6	21	9	0	27	6	0	10	7	7	224.06	1		5.728425
58	192	9	0	27	13	0	10	7	7	224.06	1		5.728425
58	194	9	0	27	6	7	10	7	7	224.06	1		5.728425
2	6	4	1	13	0	17	15	3	8	132.65	1		5.882159
7	23	4	0	17	20	0	15	3	8	132.65	1		5.882159


