Name:				223_n100_m200_bt100
Problem:			3L-VRPTW
Number_of_used_Vehicles:	18
Total_Travel_Distance:		1643.53
Calculation_Time:		3600.00
Total_Iterations:		62
ConstraintSet:			P18

-------------------------------------------------------------------------------------------------------------------
Tour_Id:			1
No_of_Customers:		6
No_of_Items:			13
Customer_Sequence:		83 24 32 10 96 58 

CustId	Id	TypeId	Rotated	x	y	z	Length	Width	Height	mass	Fragility	LoadBearingStrength
83	165	43	0	0	0	0	29	12	12	1920.18	0		46.976696
24	41	79	0	0	12	0	20	10	14	926.66	0		15.272238
96	189	17	0	29	0	0	24	14	7	657.46	0		13.638648
83	164	9	0	0	12	14	19	13	9	555.01	0		23.149182
32	61	67	0	0	12	23	23	13	7	307.71	0		14.309538
24	42	96	0	0	0	12	13	12	13	306.57	0		22.006226
58	109	31	0	29	14	0	28	5	14	538.67	0		10.516053
58	110	61	0	13	0	12	14	12	11	960.86	0		47.150012
58	111	66	0	29	0	7	15	14	8	1525.11	0		38.278076
96	191	69	0	29	19	0	24	6	11	791.25	0		33.048854
32	60	24	0	29	19	11	26	5	10	537.32	0		54.850622
10	14	48	0	29	14	14	17	5	12	166.45	0		24.140253
96	190	27	0	29	0	15	18	8	10	668.92	1		39.030682


-------------------------------------------------------------------------------------------------------------------
Tour_Id:			2
No_of_Customers:		5
No_of_Items:			11
Customer_Sequence:		18 41 8 86 43 

CustId	Id	TypeId	Rotated	x	y	z	Length	Width	Height	mass	Fragility	LoadBearingStrength
41	78	28	0	0	0	0	27	9	8	323.44	0		34.136129
43	81	34	0	0	9	0	29	13	6	854.13	0		61.613403
18	31	64	0	0	9	6	27	13	9	1542.68	0		74.070672
86	170	73	0	0	9	15	21	13	12	1650.71	0		27.448484
41	79	90	0	0	0	8	32	8	10	640.18	1		3.040796
86	171	91	0	29	9	0	31	8	14	1810.52	0		53.326415
41	77	20	1	21	9	15	12	6	11	106.23	0		12.048983
18	30	26	0	29	9	14	14	10	8	824.03	0		38.819437
8	12	76	0	0	0	18	34	8	11	606.24	1		5.477992
43	82	89	0	27	0	0	23	8	8	408.02	0		46.830491
8	11	38	0	29	17	0	20	8	7	444.77	1		7.538282


-------------------------------------------------------------------------------------------------------------------
Tour_Id:			3
No_of_Customers:		6
No_of_Items:			12
Customer_Sequence:		5 95 33 20 64 40 

CustId	Id	TypeId	Rotated	x	y	z	Length	Width	Height	mass	Fragility	LoadBearingStrength
5	8	87	0	0	0	0	16	12	10	689.70	0		22.642768
64	123	11	0	0	12	0	19	9	14	2537.06	0		138.990762
20	34	7	0	16	0	0	27	6	13	491.39	0		88.617205
33	62	42	0	16	6	0	34	5	12	360.87	0		9.199499
95	187	28	0	19	12	0	27	9	8	323.44	0		34.136129
40	75	29	0	19	12	8	30	10	7	641.65	0		19.037895
95	188	42	0	16	6	12	34	5	12	360.87	0		9.199499
40	76	57	0	19	12	15	27	12	7	856.15	0		15.718456
95	186	26	0	0	0	10	14	10	8	824.03	0		38.819437
20	35	48	0	0	12	14	17	5	12	166.45	0		24.140253
64	125	99	0	19	12	22	34	11	7	924.43	1		8.627392
64	124	14	0	16	0	13	26	5	11	749.81	1		33.706121


-------------------------------------------------------------------------------------------------------------------
Tour_Id:			4
No_of_Customers:		6
No_of_Items:			14
Customer_Sequence:		50 30 99 73 84 38 

CustId	Id	TypeId	Rotated	x	y	z	Length	Width	Height	mass	Fragility	LoadBearingStrength
30	57	34	0	0	0	0	29	13	6	854.13	0		61.613403
30	55	18	0	0	13	0	23	11	11	713.87	0		9.921993
84	168	64	0	0	0	6	27	13	9	1542.68	0		74.070672
73	143	37	0	0	13	11	17	11	13	268.06	0		14.709895
99	195	34	0	0	0	15	29	13	6	854.13	0		61.613403
84	166	43	0	23	13	0	29	12	12	1920.18	0		46.976696
84	167	50	0	23	13	12	31	6	11	272.28	0		7.685856
73	144	41	0	0	0	21	30	10	7	522.87	0		27.417395
30	56	29	0	29	0	0	30	10	7	641.65	0		19.037895
50	96	41	0	29	0	7	30	10	7	522.87	0		27.417395
38	70	41	0	29	0	14	30	10	7	522.87	0		27.417395
99	196	48	0	23	19	12	17	5	12	166.45	0		24.140253
99	197	59	0	30	0	21	27	11	9	690.72	1		4.628464
38	71	95	0	0	13	24	22	5	6	262.68	1		4.566457


-------------------------------------------------------------------------------------------------------------------
Tour_Id:			5
No_of_Customers:		5
No_of_Items:			13
Customer_Sequence:		15 36 13 57 2 

CustId	Id	TypeId	Rotated	x	y	z	Length	Width	Height	mass	Fragility	LoadBearingStrength
15	24	43	0	0	0	0	29	12	12	1920.18	0		46.976696
36	68	77	0	0	0	12	22	14	10	1447.91	0		241.666125
57	107	34	0	0	12	0	29	13	6	854.13	0		61.613403
15	23	34	0	0	12	6	29	13	6	854.13	0		61.613403
13	19	9	0	29	0	0	19	13	9	555.01	0		23.149182
2	4	41	0	0	14	12	30	10	7	522.87	0		27.417395
36	67	50	0	0	14	19	31	6	11	272.28	0		7.685856
15	25	96	0	29	0	9	13	12	13	306.57	0		22.006226
13	20	47	1	48	0	0	18	6	14	273.80	0		8.443988
57	108	54	0	29	13	0	15	10	10	600.38	0		30.299992
36	66	23	0	0	0	22	16	14	6	524.80	0		9.570700
2	3	19	1	22	0	12	12	7	14	361.62	0		10.362250
13	21	82	0	0	20	19	26	5	8	160.49	0		10.760499


-------------------------------------------------------------------------------------------------------------------
Tour_Id:			6
No_of_Customers:		6
No_of_Items:			12
Customer_Sequence:		44 31 39 55 25 42 

CustId	Id	TypeId	Rotated	x	y	z	Length	Width	Height	mass	Fragility	LoadBearingStrength
25	43	17	0	0	0	0	24	14	7	657.46	0		13.638648
31	58	1	0	0	14	0	31	11	9	571.04	0		9.817540
44	83	35	0	0	0	7	24	9	12	672.80	0		13.038975
55	104	40	0	0	14	9	31	10	13	1978.99	0		36.526241
39	73	45	0	0	0	19	23	11	10	1082.14	0		22.049769
44	85	71	0	24	0	0	13	8	14	313.55	0		22.552164
31	59	54	0	31	14	0	15	10	10	600.38	0		30.299992
39	74	54	0	31	14	10	15	10	10	600.38	0		30.299992
42	80	45	0	37	0	0	23	11	10	1082.14	0		22.049769
25	44	93	0	31	14	20	19	8	10	321.98	0		31.972947
39	72	23	0	37	0	10	16	14	6	524.80	0		9.570700
44	84	52	0	37	0	16	20	12	6	639	1		9.440276


-------------------------------------------------------------------------------------------------------------------
Tour_Id:			7
No_of_Customers:		7
No_of_Items:			12
Customer_Sequence:		48 4 94 47 16 1 89 

CustId	Id	TypeId	Rotated	x	y	z	Length	Width	Height	mass	Fragility	LoadBearingStrength
1	2	43	0	0	0	0	29	12	12	1920.18	0		46.976696
47	90	36	0	0	12	0	35	5	10	499.30	0		95.154169
89	174	47	0	0	17	0	18	6	14	273.80	0		8.443988
1	1	11	0	0	0	12	19	9	14	2537.06	0		138.990762
48	92	31	0	0	12	10	28	5	14	538.67	0		10.516053
4	6	43	0	29	0	0	29	12	12	1920.18	0		46.976696
48	93	91	0	18	17	0	31	8	14	1810.52	0		53.326415
94	185	69	0	0	17	14	24	6	11	791.25	0		33.048854
16	26	30	0	19	0	12	15	12	8	671.35	0		26.237296
16	27	48	0	24	17	14	17	5	12	166.45	0		24.140253
4	7	85	0	19	0	20	13	11	10	485.12	1		20.977371
48	91	3	0	34	0	12	20	6	9	135.70	1		5.031375


-------------------------------------------------------------------------------------------------------------------
Tour_Id:			8
No_of_Customers:		5
No_of_Items:			9
Customer_Sequence:		28 81 52 54 66 

CustId	Id	TypeId	Rotated	x	y	z	Length	Width	Height	mass	Fragility	LoadBearingStrength
54	103	54	0	0	0	0	15	10	10	600.38	0		30.299992
66	130	79	0	0	10	0	20	10	14	926.66	0		15.272238
66	131	79	0	0	0	10	20	10	14	926.66	0		15.272238
28	50	96	0	0	10	14	13	12	13	306.57	0		22.006226
54	102	43	0	20	10	0	29	12	12	1920.18	0		46.976696
81	162	55	0	0	20	0	13	5	8	197.29	0		30.635593
66	129	28	0	15	0	0	27	9	8	323.44	0		34.136129
28	51	99	0	20	10	12	34	11	7	924.43	1		8.627392
52	98	47	0	42	0	0	18	6	14	273.80	0		8.443988


-------------------------------------------------------------------------------------------------------------------
Tour_Id:			9
No_of_Customers:		7
No_of_Items:			11
Customer_Sequence:		22 79 14 23 53 98 85 

CustId	Id	TypeId	Rotated	x	y	z	Length	Width	Height	mass	Fragility	LoadBearingStrength
85	169	17	0	0	0	0	24	14	7	657.46	0		13.638648
98	194	73	0	0	0	7	21	13	12	1650.71	0		27.448484
14	22	67	0	0	0	19	23	13	7	307.71	0		14.309538
22	37	69	0	0	14	0	24	6	11	791.25	0		33.048854
53	100	56	0	0	14	11	21	6	9	392.35	0		31.199146
79	158	51	0	24	0	0	29	6	8	1939.31	0		87.791503
23	40	85	0	24	6	0	13	11	10	485.12	1		20.977371
23	38	18	0	37	6	0	23	11	11	713.87	0		9.921993
53	99	2	0	37	6	11	22	14	9	1175.14	0		99.112063
53	101	90	0	24	17	0	32	8	10	640.18	1		3.040796
23	39	45	0	37	6	20	23	11	10	1082.14	0		22.049769


-------------------------------------------------------------------------------------------------------------------
Tour_Id:			10
No_of_Customers:		6
No_of_Items:			9
Customer_Sequence:		88 80 67 63 9 21 

CustId	Id	TypeId	Rotated	x	y	z	Length	Width	Height	mass	Fragility	LoadBearingStrength
80	160	43	0	0	0	0	29	12	12	1920.18	0		46.976696
63	121	18	0	0	12	0	23	11	11	713.87	0		9.921993
21	36	31	0	0	12	11	28	5	14	538.67	0		10.516053
80	159	10	0	0	17	11	23	6	14	667.74	0		47.015245
63	122	87	0	0	0	12	16	12	10	689.70	0		22.642768
9	13	36	0	23	12	0	35	5	10	499.30	0		95.154169
80	161	82	0	23	17	0	26	5	8	160.49	0		10.760499
67	132	98	0	29	0	0	27	10	13	474.46	1		4.474080
88	173	98	0	29	0	13	27	10	13	474.46	1		4.474080


-------------------------------------------------------------------------------------------------------------------
Tour_Id:			11
No_of_Customers:		7
No_of_Items:			12
Customer_Sequence:		69 71 6 68 56 26 35 

CustId	Id	TypeId	Rotated	x	y	z	Length	Width	Height	mass	Fragility	LoadBearingStrength
71	140	100	0	0	0	0	34	11	14	1441.34	0		41.368593
69	135	37	0	0	11	0	17	11	13	268.06	0		14.709895
26	45	11	0	0	11	13	19	9	14	2537.06	0		138.990762
69	136	57	0	17	11	0	27	12	7	856.15	0		15.718456
35	65	93	0	0	0	14	19	8	10	321.98	0		31.972947
56	105	27	0	19	0	14	18	8	10	668.92	1		39.030682
68	133	23	0	17	11	7	16	14	6	524.80	0		9.570700
68	134	86	0	19	11	13	17	5	14	206.15	0		13.158960
56	106	94	0	19	16	13	16	5	13	382.30	0		55.591430
6	9	80	0	34	0	0	23	5	8	708.66	0		31.317131
26	46	47	0	34	5	0	18	6	14	273.80	0		8.443988
26	47	55	0	44	11	0	13	5	8	197.29	0		30.635593


-------------------------------------------------------------------------------------------------------------------
Tour_Id:			12
No_of_Customers:		5
No_of_Items:			15
Customer_Sequence:		76 93 70 91 65 

CustId	Id	TypeId	Rotated	x	y	z	Length	Width	Height	mass	Fragility	LoadBearingStrength
70	137	18	0	0	0	0	23	11	11	713.87	0		9.921993
76	150	29	0	0	11	0	30	10	7	641.65	0		19.037895
91	180	37	0	0	11	7	17	11	13	268.06	0		14.709895
93	182	11	0	0	0	11	19	9	14	2537.06	0		138.990762
65	128	58	0	23	0	0	21	8	13	418.95	0		15.330673
76	151	29	0	30	11	0	30	10	7	641.65	0		19.037895
65	126	21	0	17	11	7	21	10	13	1433.39	0		34.374783
70	138	61	0	38	11	7	14	12	11	960.86	0		47.150012
76	152	55	0	0	11	20	13	5	8	197.29	0		30.635593
70	139	72	0	0	16	20	27	7	9	335.87	0		10.534487
93	184	89	0	23	0	13	23	8	8	408.02	0		46.830491
65	127	25	0	13	11	20	22	5	10	553.75	0		29.162928
93	183	61	0	38	11	18	14	12	11	960.86	0		47.150012
91	178	16	0	23	0	21	16	9	9	520.32	1		7.506730
91	179	16	0	44	0	0	16	9	9	520.32	1		7.506730


-------------------------------------------------------------------------------------------------------------------
Tour_Id:			13
No_of_Customers:		4
No_of_Items:			10
Customer_Sequence:		59 72 100 19 

CustId	Id	TypeId	Rotated	x	y	z	Length	Width	Height	mass	Fragility	LoadBearingStrength
72	142	73	0	0	0	0	21	13	12	1650.71	0		27.448484
100	199	63	0	0	13	0	26	8	12	643.35	0		17.170384
100	198	11	0	0	0	12	19	9	14	2537.06	0		138.990762
100	200	87	0	0	9	12	16	12	10	689.70	0		22.642768
72	141	23	0	0	9	22	16	14	6	524.80	0		9.570700
59	113	39	0	21	0	0	16	13	7	625.26	0		24.931838
59	114	93	0	21	0	7	19	8	10	321.98	0		31.972947
19	32	19	1	16	9	12	12	7	14	361.62	0		10.362250
19	33	98	0	26	13	0	27	10	13	474.46	1		4.474080
59	112	4	0	21	0	17	22	6	13	801.39	1		26.587837


-------------------------------------------------------------------------------------------------------------------
Tour_Id:			14
No_of_Customers:		7
No_of_Items:			12
Customer_Sequence:		92 37 34 77 27 82 78 

CustId	Id	TypeId	Rotated	x	y	z	Length	Width	Height	mass	Fragility	LoadBearingStrength
78	157	100	0	0	0	0	34	11	14	1441.34	0		41.368593
27	48	6	0	0	11	0	27	13	8	438.54	0		4.504693
37	69	36	0	0	11	8	35	5	10	499.30	0		95.154169
77	153	18	0	0	0	14	23	11	11	713.87	0		9.921993
34	63	28	0	0	16	8	27	9	8	323.44	0		34.136129
78	156	79	0	34	0	0	20	10	14	926.66	0		15.272238
27	49	72	0	0	16	16	27	7	9	335.87	0		10.534487
34	64	66	0	27	11	0	15	14	8	1525.11	0		38.278076
82	163	99	0	23	0	14	34	11	7	924.43	1		8.627392
92	181	99	0	23	0	21	34	11	7	924.43	1		8.627392
77	154	38	0	27	16	8	20	8	7	444.77	1		7.538282
77	155	95	0	0	11	18	22	5	6	262.68	1		4.566457


-------------------------------------------------------------------------------------------------------------------
Tour_Id:			15
No_of_Customers:		7
No_of_Items:			12
Customer_Sequence:		11 90 7 62 45 75 97 

CustId	Id	TypeId	Rotated	x	y	z	Length	Width	Height	mass	Fragility	LoadBearingStrength
75	147	44	0	0	0	0	32	14	9	1193.64	0		35.325086
11	15	40	0	0	14	0	31	10	13	1978.99	0		36.526241
45	86	91	0	0	0	9	31	8	14	1810.52	0		53.326415
90	175	6	0	32	0	0	27	13	8	438.54	0		4.504693
90	176	18	0	0	14	13	23	11	11	713.87	0		9.921993
97	193	75	0	31	14	0	25	9	12	2581.46	0		254.020708
97	192	10	0	0	8	9	23	6	14	667.74	0		47.015245
62	120	93	0	31	14	12	19	8	10	321.98	0		31.972947
75	148	72	0	32	0	8	27	7	9	335.87	0		10.534487
90	177	72	0	32	7	8	27	7	9	335.87	0		10.534487
7	10	87	0	32	0	17	16	12	10	689.70	0		22.642768
75	149	85	1	48	0	17	13	11	10	485.12	1		20.977371


-------------------------------------------------------------------------------------------------------------------
Tour_Id:			16
No_of_Customers:		4
No_of_Items:			9
Customer_Sequence:		51 61 46 74 

CustId	Id	TypeId	Rotated	x	y	z	Length	Width	Height	mass	Fragility	LoadBearingStrength
61	117	15	0	0	0	0	25	12	11	2176.86	1		10.322111
74	146	77	0	25	0	0	22	14	10	1447.91	0		241.666125
46	88	12	0	25	14	0	32	11	9	1722.52	0		113.711370
46	89	84	0	25	14	9	30	10	9	288.78	0		8.293465
51	97	79	0	0	12	0	20	10	14	926.66	0		15.272238
61	119	83	0	25	14	18	30	6	11	994.44	0		32.975087
74	145	26	0	0	12	14	14	10	8	824.03	0		38.819437
46	87	6	0	25	0	10	27	13	8	438.54	0		4.504693
61	118	76	0	25	0	18	34	8	11	606.24	1		5.477992


-------------------------------------------------------------------------------------------------------------------
Tour_Id:			17
No_of_Customers:		4
No_of_Items:			7
Customer_Sequence:		49 17 60 3 

CustId	Id	TypeId	Rotated	x	y	z	Length	Width	Height	mass	Fragility	LoadBearingStrength
3	5	18	0	0	0	0	23	11	11	713.87	0		9.921993
17	29	81	0	0	11	0	34	10	14	1841.18	0		46.589078
49	94	58	0	0	0	11	21	8	13	418.95	0		15.330673
17	28	56	0	0	11	14	21	6	9	392.35	0		31.199146
49	95	97	0	23	0	0	23	7	9	2116.86	0		270.722996
60	116	88	0	34	11	0	26	11	14	784.59	1		5.280664
60	115	76	0	21	11	14	34	8	11	606.24	1		5.477992


-------------------------------------------------------------------------------------------------------------------
Tour_Id:			18
No_of_Customers:		3
No_of_Items:			7
Customer_Sequence:		29 87 12 

CustId	Id	TypeId	Rotated	x	y	z	Length	Width	Height	mass	Fragility	LoadBearingStrength
12	16	60	0	0	0	0	25	12	14	1252.27	0		17.522843
29	54	65	0	0	12	0	29	7	13	1179.10	0		112.803390
29	52	9	0	0	0	14	19	13	9	555.01	0		23.149182
12	17	69	0	0	19	0	24	6	11	791.25	0		33.048854
12	18	98	0	25	0	0	27	10	13	474.46	1		4.474080
87	172	76	0	25	0	13	34	8	11	606.24	1		5.477992
29	53	38	0	0	0	23	20	8	7	444.77	1		7.538282


