Name:				495_n100_m400_bt100
Problem:			3L-VRPTW
Number_of_used_Vehicles:	36
Total_Travel_Distance:		2572.72
Calculation_Time:		3600.0
Total_Iterations:		40
ConstraintSet:			P18

-------------------------------------------------------------------------------------------------------------------
Tour_Id:			1
No_of_Customers:		3
No_of_Items:			12
Customer_Sequence:		91 1 24 

CustId	Id	TypeId	Rotated	x	y	z	Length	Width	Height	mass	Fragility	LoadBearingStrength
91	363	26	0	0	0	0	28	14	9	471.28	0		9.338259
91	364	26	0	0	0	9	28	14	9	471.28	0		9.338259
24	97	74	0	0	0	18	22	13	12	552.62	0		18.599593
24	95	4	0	28	0	0	27	12	7	366.29	0		6.702840
1	1	8	0	0	14	0	27	6	7	164.47	0		25.208153
1	3	44	0	0	20	0	30	5	8	189.30	0		10.691587
24	96	62	0	0	14	7	26	5	8	177.74	0		17.987266
91	365	57	0	28	12	0	18	8	11	345.48	0		11.098145
1	2	36	0	46	12	0	14	13	14	603.09	1		4.954387
1	4	66	0	28	0	7	22	9	8	295.50	1		2.849995
24	98	88	0	28	0	15	27	8	7	300.75	1		4.787486
1	5	88	0	28	0	22	27	8	7	300.75	1		4.787486


-------------------------------------------------------------------------------------------------------------------
Tour_Id:			2
No_of_Customers:		3
No_of_Items:			14
Customer_Sequence:		2 30 89 

CustId	Id	TypeId	Rotated	x	y	z	Length	Width	Height	mass	Fragility	LoadBearingStrength
30	120	2	0	0	0	0	32	12	11	872.39	0		13.577009
2	6	30	0	0	12	0	26	12	11	745.16	0		8.576885
2	9	60	0	0	0	11	27	11	11	848.18	0		11.644729
2	7	47	0	0	11	11	27	9	11	455.29	0		9.538980
30	122	42	0	32	0	0	23	9	12	475.16	0		22.485713
30	123	68	0	26	12	0	18	12	11	315.60	0		12.176697
89	359	76	0	27	11	11	15	11	13	427.64	0		6.555892
89	356	5	0	44	12	0	13	12	12	212.70	0		4.505376
89	357	37	0	0	0	22	30	7	8	996.70	0		41.338938
2	8	57	0	32	0	12	18	8	11	345.48	0		11.098145
2	10	78	0	44	12	12	14	11	10	284.60	0		7.097694
2	11	98	0	0	7	22	27	7	8	335.42	0		12.241362
89	358	73	0	0	20	11	16	5	12	223.64	0		11.226148
30	121	21	0	44	12	22	13	13	8	387.13	1		8.653428


-------------------------------------------------------------------------------------------------------------------
Tour_Id:			3
No_of_Customers:		3
No_of_Items:			12
Customer_Sequence:		96 4 46 

CustId	Id	TypeId	Rotated	x	y	z	Length	Width	Height	mass	Fragility	LoadBearingStrength
46	188	26	0	0	0	0	28	14	9	471.28	0		9.338259
96	384	51	0	0	14	0	34	9	13	667.48	0		25.766608
4	17	51	0	0	0	9	34	9	13	667.48	0		25.766608
4	16	26	0	28	0	0	28	14	9	471.28	0		9.338259
96	383	47	0	0	14	13	27	9	11	455.29	0		9.538980
46	189	41	0	34	14	0	24	9	11	340.80	0		14.231562
4	18	68	0	34	0	9	18	12	11	315.60	0		12.176697
46	190	44	0	0	9	9	30	5	8	189.30	0		10.691587
4	15	8	0	0	0	22	27	6	7	164.47	0		25.208153
96	385	85	0	34	14	11	25	11	13	609.72	1		13.137646
96	382	21	0	34	0	20	13	13	8	387.13	1		8.653428
46	187	19	0	0	9	17	28	5	7	129.14	1		5.615006


-------------------------------------------------------------------------------------------------------------------
Tour_Id:			4
No_of_Customers:		2
No_of_Items:			9
Customer_Sequence:		7 61 

CustId	Id	TypeId	Rotated	x	y	z	Length	Width	Height	mass	Fragility	LoadBearingStrength
7	27	31	0	0	0	0	29	13	13	1064.64	0		10.631583
61	247	16	0	0	13	0	30	11	13	548.25	0		7.688500
61	249	43	0	0	0	13	21	8	9	161.04	0		20.923707
7	31	76	0	0	8	13	15	11	13	427.64	0		6.555892
7	28	43	1	21	0	13	21	8	9	161.04	0		20.923707
61	248	25	0	29	0	0	17	7	11	229.15	0		8.874377
7	29	45	0	46	0	0	13	13	7	172.07	0		30.059796
61	250	50	0	30	13	0	28	11	12	874.02	1		6.573413
7	30	66	1	21	0	22	22	9	8	295.50	1		2.849995


-------------------------------------------------------------------------------------------------------------------
Tour_Id:			5
No_of_Customers:		2
No_of_Items:			9
Customer_Sequence:		11 39 

CustId	Id	TypeId	Rotated	x	y	z	Length	Width	Height	mass	Fragility	LoadBearingStrength
11	42	55	0	0	0	0	26	13	14	694.05	0		7.432300
11	44	70	0	0	0	14	32	13	11	567.63	0		13.558146
39	161	51	0	0	13	0	34	9	13	667.48	0		25.766608
39	162	58	0	0	13	13	18	7	9	123.19	0		6.175208
39	159	15	0	26	0	0	34	5	7	260.91	0		36.893753
39	160	19	0	26	5	0	28	5	7	129.14	1		5.615006
11	46	94	0	34	13	0	26	6	10	223.56	0		9.681579
11	43	63	0	0	13	22	17	9	8	261.94	0		13.592501
11	45	76	0	18	13	13	15	11	13	427.64	0		6.555892


-------------------------------------------------------------------------------------------------------------------
Tour_Id:			6
No_of_Customers:		4
No_of_Items:			13
Customer_Sequence:		14 49 59 73 

CustId	Id	TypeId	Rotated	x	y	z	Length	Width	Height	mass	Fragility	LoadBearingStrength
59	241	10	0	0	0	0	35	13	9	652.53	0		14.719198
14	54	2	0	0	13	0	32	12	11	872.39	0		13.577009
14	57	71	0	0	0	9	20	7	9	327.77	0		20.432034
14	56	58	0	0	13	11	18	7	9	123.19	0		6.175208
73	301	88	0	32	13	0	27	8	7	300.75	1		4.787486
59	242	25	0	0	0	18	17	7	11	229.15	0		8.874377
14	58	99	0	0	13	20	22	7	9	335.35	0		49.431212
73	300	24	0	35	0	0	21	11	14	650.35	0		6.066209
73	299	17	0	20	0	9	13	10	10	294.97	0		29.384428
49	199	56	0	35	0	14	17	14	14	526.29	1		2.510495
49	200	82	0	0	20	11	31	5	6	177.18	0		14.513207
14	55	21	0	20	0	19	13	13	8	387.13	1		8.653428
49	198	19	0	0	20	17	28	5	7	129.14	1		5.615006


-------------------------------------------------------------------------------------------------------------------
Tour_Id:			7
No_of_Customers:		2
No_of_Items:			9
Customer_Sequence:		16 84 

CustId	Id	TypeId	Rotated	x	y	z	Length	Width	Height	mass	Fragility	LoadBearingStrength
84	336	26	0	0	0	0	28	14	9	471.28	0		9.338259
84	338	45	0	0	0	9	13	13	7	172.07	0		30.059796
16	65	74	0	28	0	0	22	13	12	552.62	0		18.599593
16	64	47	0	0	14	0	27	9	11	455.29	0		9.538980
84	337	30	0	28	13	0	26	12	11	745.16	0		8.576885
84	340	58	0	0	14	11	18	7	9	123.19	0		6.175208
84	341	81	0	0	0	16	13	9	11	282.65	0		41.639328
16	63	35	0	18	14	11	26	11	12	443.22	1		1.934385
84	339	56	0	28	0	12	17	14	14	526.29	1		2.510495


-------------------------------------------------------------------------------------------------------------------
Tour_Id:			8
No_of_Customers:		4
No_of_Items:			15
Customer_Sequence:		37 18 92 95 

CustId	Id	TypeId	Rotated	x	y	z	Length	Width	Height	mass	Fragility	LoadBearingStrength
95	377	2	0	0	0	0	32	12	11	872.39	0		13.577009
18	70	30	0	0	12	0	26	12	11	745.16	0		8.576885
37	150	48	0	0	0	11	27	7	9	366.26	0		13.095665
92	368	57	0	0	7	11	18	8	11	345.48	0		11.098145
92	367	19	0	0	15	11	28	5	7	129.14	1		5.615006
95	379	22	0	26	12	0	18	11	7	197.05	0		12.657292
37	149	45	0	44	12	0	13	13	7	172.07	0		30.059796
95	378	18	0	0	0	20	12	7	9	145.39	0		17.260756
95	380	22	0	32	0	0	18	11	7	197.05	0		12.657292
18	71	99	0	32	0	7	22	7	9	335.35	0		49.431212
92	366	18	0	12	0	20	12	7	9	145.39	0		17.260756
37	151	49	0	32	7	7	25	14	9	543.33	1		1.738789
95	381	63	0	0	7	22	17	9	8	261.94	0		13.592501
37	148	21	0	32	0	16	13	13	8	387.13	1		8.653428
37	152	88	0	32	13	16	27	8	7	300.75	1		4.787486


-------------------------------------------------------------------------------------------------------------------
Tour_Id:			9
No_of_Customers:		2
No_of_Items:			12
Customer_Sequence:		20 52 

CustId	Id	TypeId	Rotated	x	y	z	Length	Width	Height	mass	Fragility	LoadBearingStrength
52	209	4	0	0	0	0	27	12	7	366.29	0		6.702840
20	81	100	0	0	12	0	31	6	13	246.61	0		18.587707
52	214	91	0	0	0	7	22	8	13	382.41	0		23.001282
52	211	31	0	31	12	0	29	13	13	1064.64	0		10.631583
20	79	37	0	0	18	0	30	7	8	996.70	0		41.338938
52	210	14	0	0	0	20	12	10	10	305.95	0		13.627145
20	76	15	0	0	12	13	34	5	7	260.91	0		36.893753
20	77	15	0	0	12	20	34	5	7	260.91	0		36.893753
20	80	58	0	0	18	8	18	7	9	123.19	0		6.175208
20	78	18	0	0	18	17	12	7	9	145.39	0		17.260756
52	212	59	0	27	0	0	32	9	8	265.51	1		2.347722
52	213	59	0	27	0	8	32	9	8	265.51	1		2.347722


-------------------------------------------------------------------------------------------------------------------
Tour_Id:			10
No_of_Customers:		3
No_of_Items:			13
Customer_Sequence:		3 21 100 

CustId	Id	TypeId	Rotated	x	y	z	Length	Width	Height	mass	Fragility	LoadBearingStrength
21	84	68	0	0	0	0	18	12	11	315.60	0		12.176697
100	399	55	0	0	12	0	26	13	14	694.05	0		7.432300
21	83	40	0	0	12	14	23	13	6	332.85	0		23.317689
3	14	100	0	18	0	0	31	6	13	246.61	0		18.587707
21	86	86	0	0	0	11	16	12	14	669.06	0		16.082154
100	400	100	0	18	6	0	31	6	13	246.61	0		18.587707
21	82	15	0	18	0	13	34	5	7	260.91	0		36.893753
100	398	48	0	0	12	20	27	7	9	366.26	0		13.095665
100	396	8	0	0	19	20	27	6	7	164.47	0		25.208153
21	85	73	0	18	5	13	16	5	12	223.64	0		11.226148
3	12	59	0	26	12	0	32	9	8	265.51	1		2.347722
3	13	66	0	26	12	8	22	9	8	295.50	1		2.849995
100	397	28	0	34	5	13	13	7	8	150.03	1		5.290411


-------------------------------------------------------------------------------------------------------------------
Tour_Id:			11
No_of_Customers:		2
No_of_Items:			9
Customer_Sequence:		23 71 

CustId	Id	TypeId	Rotated	x	y	z	Length	Width	Height	mass	Fragility	LoadBearingStrength
23	94	52	0	0	0	0	35	14	6	395.71	0		8.934943
71	291	26	0	0	0	6	28	14	9	471.28	0		9.338259
71	293	76	0	0	14	0	15	11	13	427.64	0		6.555892
71	294	81	0	0	14	13	13	9	11	282.65	0		41.639328
71	290	21	0	0	0	15	13	13	8	387.13	1		8.653428
23	92	46	0	13	0	15	14	13	10	1246.63	0		234.803252
71	292	75	0	35	0	0	20	13	10	649.79	0		15.354013
23	93	50	0	15	14	0	28	11	12	874.02	1		6.573413
71	295	86	0	35	0	10	16	12	14	669.06	0		16.082154


-------------------------------------------------------------------------------------------------------------------
Tour_Id:			12
No_of_Customers:		2
No_of_Items:			11
Customer_Sequence:		25 34 

CustId	Id	TypeId	Rotated	x	y	z	Length	Width	Height	mass	Fragility	LoadBearingStrength
25	103	97	0	0	0	0	34	10	9	1498.34	0		115.165008
34	141	91	0	0	10	0	22	8	13	382.41	0		23.001282
34	138	40	0	22	10	0	23	13	6	332.85	0		23.317689
25	100	40	0	22	10	6	23	13	6	332.85	0		23.317689
25	104	98	0	0	0	9	27	7	8	335.42	0		12.241362
34	137	25	0	0	18	0	17	7	11	229.15	0		8.874377
34	140	71	0	0	18	11	20	7	9	327.77	0		20.432034
34	139	44	0	0	0	17	30	5	8	189.30	0		10.691587
25	101	58	0	0	10	13	18	7	9	123.19	0		6.175208
25	102	89	0	0	18	20	19	5	10	128.33	0		6.757893
25	99	11	0	22	10	12	26	9	13	777.24	1		4.842864


-------------------------------------------------------------------------------------------------------------------
Tour_Id:			13
No_of_Customers:		3
No_of_Items:			10
Customer_Sequence:		26 66 50 

CustId	Id	TypeId	Rotated	x	y	z	Length	Width	Height	mass	Fragility	LoadBearingStrength
50	204	90	0	0	0	0	32	14	10	804.34	0		7.323357
26	105	2	0	0	0	10	32	12	11	872.39	0		13.577009
66	273	24	0	0	14	0	21	11	14	650.35	0		6.066209
26	108	97	0	0	0	21	34	10	9	1498.34	0		115.165008
50	201	1	0	32	0	0	21	14	9	562.23	0		7.606902
50	203	12	0	21	14	0	33	10	8	551.59	0		18.224941
26	106	12	0	21	14	8	33	10	8	551.59	0		18.224941
50	202	6	0	0	14	14	17	6	14	383.68	0		42.289642
26	107	82	0	21	14	16	31	5	6	177.18	0		14.513207
66	274	49	0	32	0	9	25	14	9	543.33	1		1.738789


-------------------------------------------------------------------------------------------------------------------
Tour_Id:			14
No_of_Customers:		2
No_of_Items:			9
Customer_Sequence:		31 67 

CustId	Id	TypeId	Rotated	x	y	z	Length	Width	Height	mass	Fragility	LoadBearingStrength
31	124	38	0	0	0	0	33	13	8	392	0		4.545563
67	277	30	0	0	13	0	26	12	11	745.16	0		8.576885
67	276	27	0	0	0	8	21	13	10	1210.11	1		8.538231
67	279	65	0	0	13	11	27	10	10	586.16	0		14.338964
31	126	69	0	0	13	21	35	8	9	430.76	0		15.137068
67	280	79	0	26	13	0	25	9	8	252.49	0		16.858916
31	125	50	0	0	0	18	28	11	12	874.02	1		6.573413
67	275	24	0	33	0	0	21	11	14	650.35	0		6.066209
67	278	36	0	33	0	14	14	13	14	603.09	1		4.954387


-------------------------------------------------------------------------------------------------------------------
Tour_Id:			15
No_of_Customers:		4
No_of_Items:			16
Customer_Sequence:		15 32 38 75 

CustId	Id	TypeId	Rotated	x	y	z	Length	Width	Height	mass	Fragility	LoadBearingStrength
32	130	90	0	0	0	0	32	14	10	804.34	0		7.323357
32	129	67	0	0	14	0	30	10	10	463.34	0		14.187567
38	157	57	0	0	0	10	18	8	11	345.48	0		11.098145
32	127	3	0	0	8	10	27	5	11	210.97	0		21.401446
38	153	7	0	0	13	10	18	10	8	374.06	0		14.206560
38	158	73	0	0	13	18	16	5	12	223.64	0		11.226148
75	307	81	0	18	13	10	13	9	11	282.65	0		41.639328
38	156	54	0	18	0	10	13	8	10	159.64	0		6.115596
38	154	7	0	0	0	21	18	10	8	374.06	0		14.206560
15	62	92	0	18	0	20	13	7	10	175.67	0		22.925551
38	155	18	0	18	13	21	12	7	9	145.39	0		17.260756
75	306	50	0	32	0	0	28	11	12	874.02	1		6.573413
15	60	85	0	32	11	0	25	11	13	609.72	1		13.137646
15	59	27	0	32	11	13	21	13	10	1210.11	1		8.538231
15	61	87	0	32	0	12	21	5	10	178.15	1		3.914960
32	128	32	0	32	5	12	22	6	7	165.36	1		19.330302


-------------------------------------------------------------------------------------------------------------------
Tour_Id:			16
No_of_Customers:		3
No_of_Items:			12
Customer_Sequence:		79 33 57 

CustId	Id	TypeId	Rotated	x	y	z	Length	Width	Height	mass	Fragility	LoadBearingStrength
57	232	10	0	0	0	0	35	13	9	652.53	0		14.719198
33	134	55	0	0	0	9	26	13	14	694.05	0		7.432300
57	234	45	0	0	0	23	13	13	7	172.07	0		30.059796
79	322	91	0	0	13	0	22	8	13	382.41	0		23.001282
33	131	4	0	22	13	0	27	12	7	366.29	0		6.702840
79	320	78	0	22	13	7	14	11	10	284.60	0		7.097694
33	136	99	0	0	13	13	22	7	9	335.35	0		49.431212
33	135	63	0	0	13	22	17	9	8	261.94	0		13.592501
57	233	14	0	22	13	17	12	10	10	305.95	0		13.627145
33	133	42	0	35	0	0	23	9	12	475.16	0		22.485713
33	132	20	1	26	0	9	13	5	14	391.79	0		69.350063
79	321	84	0	35	0	12	19	11	12	265.99	1		5.192917


-------------------------------------------------------------------------------------------------------------------
Tour_Id:			17
No_of_Customers:		3
No_of_Items:			13
Customer_Sequence:		40 42 85 

CustId	Id	TypeId	Rotated	x	y	z	Length	Width	Height	mass	Fragility	LoadBearingStrength
85	343	55	0	0	0	0	26	13	14	694.05	0		7.432300
40	164	16	0	0	13	0	30	11	13	548.25	0		7.688500
42	172	45	0	0	0	14	13	13	7	172.07	0		30.059796
42	173	65	0	0	13	13	27	10	10	586.16	0		14.338964
85	344	64	0	13	0	14	13	13	14	1543.53	0		59.524199
42	170	4	0	0	13	23	27	12	7	366.29	0		6.702840
40	165	48	0	26	0	0	27	7	9	366.26	0		13.095665
42	171	37	0	26	0	9	30	7	8	996.70	0		41.338938
42	175	80	0	30	13	0	27	11	13	720.53	0		9.535758
40	166	82	0	26	7	0	31	5	6	177.18	0		14.513207
42	174	66	0	26	0	17	22	9	8	295.50	1		2.849995
40	163	13	0	26	7	6	29	6	8	221.76	1		2.697999
85	342	28	0	0	0	21	13	7	8	150.03	1		5.290411


-------------------------------------------------------------------------------------------------------------------
Tour_Id:			18
No_of_Customers:		3
No_of_Items:			13
Customer_Sequence:		43 64 51 

CustId	Id	TypeId	Rotated	x	y	z	Length	Width	Height	mass	Fragility	LoadBearingStrength
43	178	90	0	0	0	0	32	14	10	804.34	0		7.323357
51	208	83	0	0	0	10	30	12	10	787.90	0		27.858705
64	264	25	0	0	14	0	17	7	11	229.15	0		8.874377
51	206	64	0	32	0	0	13	13	14	1543.53	0		59.524199
64	267	78	0	0	0	20	14	11	10	284.60	0		7.097694
51	205	3	0	17	14	0	27	5	11	210.97	0		21.401446
43	176	3	0	0	14	11	27	5	11	210.97	0		21.401446
43	177	76	0	32	0	14	15	11	13	427.64	0		6.555892
51	207	81	0	44	14	0	13	9	11	282.65	0		41.639328
64	265	53	0	14	0	20	16	13	6	327.56	0		30.726597
64	266	61	0	45	0	0	14	13	8	173.69	1		3.165784
64	262	19	0	0	14	22	28	5	7	129.14	1		5.615006
64	263	19	0	27	14	11	28	5	7	129.14	1		5.615006


-------------------------------------------------------------------------------------------------------------------
Tour_Id:			19
No_of_Customers:		2
No_of_Items:			9
Customer_Sequence:		63 44 

CustId	Id	TypeId	Rotated	x	y	z	Length	Width	Height	mass	Fragility	LoadBearingStrength
63	259	56	0	0	0	0	17	14	14	526.29	1		2.510495
44	182	85	0	0	14	0	25	11	13	609.72	1		13.137646
44	179	26	0	17	0	0	28	14	9	471.28	0		9.338259
44	180	79	0	17	0	9	25	9	8	252.49	0		16.858916
63	261	84	0	0	14	13	19	11	12	265.99	1		5.192917
63	258	20	0	17	9	9	13	5	14	391.79	0		69.350063
63	257	13	0	17	0	17	29	6	8	221.76	1		2.697999
63	260	80	0	25	14	0	27	11	13	720.53	0		9.535758
44	181	80	0	25	14	13	27	11	13	720.53	0		9.535758


-------------------------------------------------------------------------------------------------------------------
Tour_Id:			20
No_of_Customers:		3
No_of_Items:			12
Customer_Sequence:		76 45 6 

CustId	Id	TypeId	Rotated	x	y	z	Length	Width	Height	mass	Fragility	LoadBearingStrength
6	22	10	0	0	0	0	35	13	9	652.53	0		14.719198
6	25	70	0	0	0	9	32	13	11	567.63	0		13.558146
6	26	83	0	0	13	0	30	12	10	787.90	0		27.858705
76	308	15	0	0	13	10	34	5	7	260.91	0		36.893753
45	184	33	0	0	0	20	17	14	8	282.31	0		7.015559
6	24	57	0	35	0	0	18	8	11	345.48	0		11.098145
45	185	57	0	35	8	0	18	8	11	345.48	0		11.098145
6	23	22	0	17	0	20	18	11	7	197.05	0		12.657292
45	186	91	0	35	16	0	22	8	13	382.41	0		23.001282
76	309	27	0	35	0	11	21	13	10	1210.11	1		8.538231
76	310	66	0	35	16	13	22	9	8	295.50	1		2.849995
45	183	32	0	0	18	10	22	6	7	165.36	1		19.330302


-------------------------------------------------------------------------------------------------------------------
Tour_Id:			21
No_of_Customers:		3
No_of_Items:			11
Customer_Sequence:		22 47 99 

CustId	Id	TypeId	Rotated	x	y	z	Length	Width	Height	mass	Fragility	LoadBearingStrength
47	192	93	0	0	0	0	30	13	14	1333.82	0		22.568808
99	393	39	0	0	13	0	29	12	13	733.54	0		4.896949
47	191	90	0	0	0	14	32	14	10	804.34	0		7.323357
22	89	52	0	0	0	24	35	14	6	395.71	0		8.934943
22	91	100	0	29	13	0	31	6	13	246.61	0		18.587707
99	392	17	0	30	0	0	13	10	10	294.97	0		29.384428
99	394	53	0	43	0	0	16	13	6	327.56	0		30.726597
99	395	62	0	29	19	0	26	5	8	177.74	0		17.987266
22	90	62	0	29	19	8	26	5	8	177.74	0		17.987266
22	87	21	0	43	0	6	13	13	8	387.13	1		8.653428
22	88	32	0	29	19	16	22	6	7	165.36	1		19.330302


-------------------------------------------------------------------------------------------------------------------
Tour_Id:			22
No_of_Customers:		3
No_of_Items:			12
Customer_Sequence:		10 48 70 

CustId	Id	TypeId	Rotated	x	y	z	Length	Width	Height	mass	Fragility	LoadBearingStrength
70	289	93	0	0	0	0	30	13	14	1333.82	0		22.568808
48	197	95	0	0	13	0	34	11	13	1158.84	0		10.103180
48	195	74	0	0	0	14	22	13	12	552.62	0		18.599593
10	41	74	0	30	0	0	22	13	12	552.62	0		18.599593
10	40	24	0	0	13	13	21	11	14	650.35	0		6.066209
48	194	40	0	30	0	12	23	13	6	332.85	0		23.317689
70	288	72	0	21	13	13	12	12	12	395.82	0		17.320179
48	193	3	0	30	0	18	27	5	11	210.97	0		21.401446
70	287	22	0	34	13	0	18	11	7	197.05	0		12.657292
10	39	22	0	34	13	7	18	11	7	197.05	0		12.657292
10	38	8	0	30	5	18	27	6	7	164.47	0		25.208153
48	196	84	0	34	13	14	19	11	12	265.99	1		5.192917


-------------------------------------------------------------------------------------------------------------------
Tour_Id:			23
No_of_Customers:		2
No_of_Items:			8
Customer_Sequence:		53 28 

CustId	Id	TypeId	Rotated	x	y	z	Length	Width	Height	mass	Fragility	LoadBearingStrength
28	112	31	0	0	0	0	29	13	13	1064.64	0		10.631583
28	115	80	0	0	13	0	27	11	13	720.53	0		9.535758
53	217	52	0	0	0	13	35	14	6	395.71	0		8.934943
28	113	33	0	0	0	19	17	14	8	282.31	0		7.015559
28	114	33	0	17	0	19	17	14	8	282.31	0		7.015559
53	216	33	0	29	0	0	17	14	8	282.31	0		7.015559
28	111	5	0	46	0	0	13	12	12	212.70	0		4.505376
53	215	5	0	46	12	0	13	12	12	212.70	0		4.505376


-------------------------------------------------------------------------------------------------------------------
Tour_Id:			24
No_of_Customers:		2
No_of_Items:			8
Customer_Sequence:		55 41 

CustId	Id	TypeId	Rotated	x	y	z	Length	Width	Height	mass	Fragility	LoadBearingStrength
55	227	95	0	0	0	0	34	11	13	1158.84	0		10.103180
55	223	2	0	0	11	0	32	12	11	872.39	0		13.577009
55	225	51	0	0	11	11	34	9	13	667.48	0		25.766608
41	169	68	0	32	11	0	18	12	11	315.60	0		12.176697
41	167	33	0	34	11	11	17	14	8	282.31	0		7.015559
55	224	44	0	0	0	13	30	5	8	189.30	0		10.691587
41	168	58	0	34	0	0	18	7	9	123.19	0		6.175208
55	226	89	0	0	5	13	19	5	10	128.33	0		6.757893


-------------------------------------------------------------------------------------------------------------------
Tour_Id:			25
No_of_Customers:		4
No_of_Items:			14
Customer_Sequence:		80 58 27 90 

CustId	Id	TypeId	Rotated	x	y	z	Length	Width	Height	mass	Fragility	LoadBearingStrength
90	360	45	0	0	0	0	13	13	7	172.07	0		30.059796
58	235	16	0	0	13	0	30	11	13	548.25	0		7.688500
27	109	47	0	0	13	13	27	9	11	455.29	0		9.538980
58	238	75	0	13	0	0	20	13	10	649.79	0		15.354013
80	324	78	0	13	0	10	14	11	10	284.60	0		7.097694
58	240	98	0	30	13	0	27	7	8	335.42	0		12.241362
80	323	62	0	30	20	0	26	5	8	177.74	0		17.987266
58	236	25	0	30	13	8	17	7	11	229.15	0		8.874377
90	362	71	0	30	13	19	20	7	9	327.77	0		20.432034
27	110	55	0	33	0	0	26	13	14	694.05	0		7.432300
90	361	58	0	13	0	20	18	7	9	123.19	0		6.175208
58	237	43	0	33	0	14	21	8	9	161.04	0		20.923707
58	239	92	0	0	0	7	13	7	10	175.67	0		22.925551
80	325	87	0	30	20	8	21	5	10	178.15	1		3.914960


-------------------------------------------------------------------------------------------------------------------
Tour_Id:			26
No_of_Customers:		2
No_of_Items:			10
Customer_Sequence:		74 62 

CustId	Id	TypeId	Rotated	x	y	z	Length	Width	Height	mass	Fragility	LoadBearingStrength
74	302	44	0	0	0	0	30	5	8	189.30	0		10.691587
74	305	83	0	0	5	0	30	12	10	787.90	0		27.858705
62	254	42	0	0	5	10	23	9	12	475.16	0		22.485713
74	303	54	0	0	17	0	13	8	10	159.64	0		6.115596
62	256	99	0	0	14	10	22	7	9	335.35	0		49.431212
62	253	39	0	30	0	0	29	12	13	733.54	0		4.896949
62	255	71	0	0	14	19	20	7	9	327.77	0		20.432034
62	251	7	0	30	12	0	18	10	8	374.06	0		14.206560
62	252	11	0	30	0	13	26	9	13	777.24	1		4.842864
74	304	66	0	0	5	22	22	9	8	295.50	1		2.849995


-------------------------------------------------------------------------------------------------------------------
Tour_Id:			27
No_of_Customers:		3
No_of_Items:			11
Customer_Sequence:		65 17 35 

CustId	Id	TypeId	Rotated	x	y	z	Length	Width	Height	mass	Fragility	LoadBearingStrength
17	69	95	0	0	0	0	34	11	13	1158.84	0		10.103180
17	66	55	0	0	11	0	26	13	14	694.05	0		7.432300
17	67	67	0	0	0	13	30	10	10	463.34	0		14.187567
35	142	7	0	0	11	14	18	10	8	374.06	0		14.206560
65	268	13	0	26	11	0	29	6	8	221.76	1		2.697999
65	270	41	0	34	0	0	24	9	11	340.80	0		14.231562
65	272	78	0	34	0	11	14	11	10	284.60	0		7.097694
35	143	63	0	0	11	22	17	9	8	261.94	0		13.592501
65	271	61	0	34	0	21	14	13	8	173.69	1		3.165784
17	68	94	0	26	17	0	26	6	10	223.56	0		9.681579
65	269	13	0	26	11	8	29	6	8	221.76	1		2.697999


-------------------------------------------------------------------------------------------------------------------
Tour_Id:			28
No_of_Customers:		4
No_of_Items:			13
Customer_Sequence:		60 81 68 56 

CustId	Id	TypeId	Rotated	x	y	z	Length	Width	Height	mass	Fragility	LoadBearingStrength
81	328	70	0	0	0	0	32	13	11	567.63	0		13.558146
56	229	74	0	0	0	11	22	13	12	552.62	0		18.599593
81	326	42	0	0	13	0	23	9	12	475.16	0		22.485713
56	230	86	0	0	13	12	16	12	14	669.06	0		16.082154
68	281	1	0	32	0	0	21	14	9	562.23	0		7.606902
60	243	9	0	32	0	9	20	13	12	633.55	0		17.061359
68	282	79	0	32	14	0	25	9	8	252.49	0		16.858916
81	327	54	1	22	0	11	13	8	10	159.64	0		6.115596
60	245	84	0	32	14	8	19	11	12	265.99	1		5.192917
60	246	88	0	0	0	23	27	8	7	300.75	1		4.787486
56	231	87	0	32	14	20	21	5	10	178.15	1		3.914960
56	228	32	0	32	19	20	22	6	7	165.36	1		19.330302
60	244	32	0	32	0	21	22	6	7	165.36	1		19.330302


-------------------------------------------------------------------------------------------------------------------
Tour_Id:			29
No_of_Customers:		2
No_of_Items:			8
Customer_Sequence:		77 88 

CustId	Id	TypeId	Rotated	x	y	z	Length	Width	Height	mass	Fragility	LoadBearingStrength
88	355	93	0	0	0	0	30	13	14	1333.82	0		22.568808
77	312	67	0	0	13	0	30	10	10	463.34	0		14.187567
88	352	73	0	0	13	10	16	5	12	223.64	0		11.226148
88	354	91	0	0	0	14	22	8	13	382.41	0		23.001282
88	353	79	0	30	0	0	25	9	8	252.49	0		16.858916
88	351	31	0	30	9	0	29	13	13	1064.64	0		10.631583
77	313	73	0	0	18	10	16	5	12	223.64	0		11.226148
77	311	56	0	30	9	13	17	14	14	526.29	1		2.510495


-------------------------------------------------------------------------------------------------------------------
Tour_Id:			30
No_of_Customers:		2
No_of_Items:			10
Customer_Sequence:		29 78 

CustId	Id	TypeId	Rotated	x	y	z	Length	Width	Height	mass	Fragility	LoadBearingStrength
78	318	84	0	0	0	0	19	11	12	265.99	1		5.192917
78	319	97	0	0	11	0	34	10	9	1498.34	0		115.165008
29	116	2	0	0	11	9	32	12	11	872.39	0		13.577009
29	117	24	0	19	0	0	21	11	14	650.35	0		6.066209
29	119	84	0	0	0	12	19	11	12	265.99	1		5.192917
29	118	26	0	0	11	20	28	14	9	471.28	0		9.338259
78	314	1	0	34	11	0	21	14	9	562.23	0		7.606902
78	317	50	0	19	0	14	28	11	12	874.02	1		6.573413
78	316	30	0	32	11	9	26	12	11	745.16	0		8.576885
78	315	8	0	28	11	20	27	6	7	164.47	0		25.208153


-------------------------------------------------------------------------------------------------------------------
Tour_Id:			31
No_of_Customers:		3
No_of_Items:			9
Customer_Sequence:		12 36 82 

CustId	Id	TypeId	Rotated	x	y	z	Length	Width	Height	mass	Fragility	LoadBearingStrength
36	144	31	0	0	0	0	29	13	13	1064.64	0		10.631583
12	48	70	0	0	0	13	32	13	11	567.63	0		13.558146
36	146	60	0	0	13	0	27	11	11	848.18	0		11.644729
36	145	46	0	29	0	0	14	13	10	1246.63	0		234.803252
82	329	77	0	0	13	11	22	10	8	206.09	0		35.445677
12	47	57	0	0	13	19	18	8	11	345.48	0		11.098145
82	330	98	0	27	13	0	27	7	8	335.42	0		12.241362
36	147	98	0	27	13	8	27	7	8	335.42	0		12.241362
12	49	81	0	27	13	16	13	9	11	282.65	0		41.639328


-------------------------------------------------------------------------------------------------------------------
Tour_Id:			32
No_of_Customers:		3
No_of_Items:			12
Customer_Sequence:		19 83 5 

CustId	Id	TypeId	Rotated	x	y	z	Length	Width	Height	mass	Fragility	LoadBearingStrength
19	72	16	0	0	0	0	30	11	13	548.25	0		7.688500
83	334	44	0	0	11	0	30	5	8	189.30	0		10.691587
83	332	12	0	0	0	13	33	10	8	551.59	0		18.224941
19	74	75	0	30	0	0	20	13	10	649.79	0		15.354013
19	75	79	0	0	16	0	25	9	8	252.49	0		16.858916
5	19	63	0	0	11	8	17	9	8	261.94	0		13.592501
5	21	86	0	0	11	16	16	12	14	669.06	0		16.082154
5	20	72	0	17	11	8	12	12	12	395.82	0		17.320179
19	73	54	0	17	11	20	13	8	10	159.64	0		6.115596
83	331	11	0	30	13	0	26	9	13	777.24	1		4.842864
83	335	84	0	30	13	13	19	11	12	265.99	1		5.192917
83	333	19	0	0	0	21	28	5	7	129.14	1		5.615006


-------------------------------------------------------------------------------------------------------------------
Tour_Id:			33
No_of_Customers:		2
No_of_Items:			8
Customer_Sequence:		86 13 

CustId	Id	TypeId	Rotated	x	y	z	Length	Width	Height	mass	Fragility	LoadBearingStrength
13	51	31	0	0	0	0	29	13	13	1064.64	0		10.631583
86	347	38	0	0	0	13	33	13	8	392	0		4.545563
13	50	9	0	29	0	0	20	13	12	633.55	0		17.061359
13	53	41	0	0	13	0	24	9	11	340.80	0		14.231562
86	345	17	0	0	13	11	13	10	10	294.97	0		29.384428
86	348	53	0	0	0	21	16	13	6	327.56	0		30.726597
86	346	29	0	24	13	0	35	12	10	972.62	1		3.169545
13	52	32	0	16	0	21	22	6	7	165.36	1		19.330302


-------------------------------------------------------------------------------------------------------------------
Tour_Id:			34
No_of_Customers:		4
No_of_Items:			11
Customer_Sequence:		9 98 87 93 

CustId	Id	TypeId	Rotated	x	y	z	Length	Width	Height	mass	Fragility	LoadBearingStrength
98	389	55	0	0	0	0	26	13	14	694.05	0		7.432300
87	349	33	0	0	0	14	17	14	8	282.31	0		7.015559
87	350	94	0	0	13	0	26	6	10	223.56	0		9.681579
93	369	3	0	0	19	0	27	5	11	210.97	0		21.401446
9	35	45	0	0	0	22	13	13	7	172.07	0		30.059796
93	370	44	0	0	19	11	30	5	8	189.30	0		10.691587
98	391	84	0	26	0	0	19	11	12	265.99	1		5.192917
98	390	56	0	26	0	12	17	14	14	526.29	1		2.510495
9	36	49	1	45	0	0	25	14	9	543.33	1		1.738789
9	34	25	1	17	0	14	17	7	11	229.15	0		8.874377
9	37	66	1	45	0	9	22	9	8	295.50	1		2.849995


-------------------------------------------------------------------------------------------------------------------
Tour_Id:			35
No_of_Customers:		3
No_of_Items:			11
Customer_Sequence:		72 94 8 

CustId	Id	TypeId	Rotated	x	y	z	Length	Width	Height	mass	Fragility	LoadBearingStrength
8	33	72	0	0	0	0	12	12	12	395.82	0		17.320179
94	376	76	0	0	12	0	15	11	13	427.64	0		6.555892
94	375	67	0	12	0	0	30	10	10	463.34	0		14.187567
72	296	18	0	0	0	12	12	7	9	145.39	0		17.260756
72	298	97	0	12	0	10	34	10	9	1498.34	0		115.165008
8	32	46	0	0	12	13	14	13	10	1246.63	0		234.803252
94	372	2	0	12	0	19	32	12	11	872.39	0		13.577009
94	374	41	0	15	12	0	24	9	11	340.80	0		14.231562
94	373	37	0	15	12	11	30	7	8	996.70	0		41.338938
72	297	44	0	15	12	19	30	5	8	189.30	0		10.691587
94	371	1	1	42	0	0	21	14	9	562.23	0		7.606902


-------------------------------------------------------------------------------------------------------------------
Tour_Id:			36
No_of_Customers:		3
No_of_Items:			12
Customer_Sequence:		54 97 69 

CustId	Id	TypeId	Rotated	x	y	z	Length	Width	Height	mass	Fragility	LoadBearingStrength
54	222	83	0	0	0	0	30	12	10	787.90	0		27.858705
69	285	91	0	0	12	0	22	8	13	382.41	0		23.001282
54	220	47	0	0	0	10	27	9	11	455.29	0		9.538980
54	218	7	0	0	12	13	18	10	8	374.06	0		14.206560
97	387	30	0	22	12	0	26	12	11	745.16	0		8.576885
54	221	48	0	0	0	21	27	7	9	366.26	0		13.095665
69	286	98	0	22	12	11	27	7	8	335.42	0		12.241362
69	284	65	0	30	0	0	27	10	10	586.16	0		14.338964
54	219	8	0	22	19	11	27	6	7	164.47	0		25.208153
69	283	50	0	27	0	10	28	11	12	874.02	1		6.573413
97	388	59	0	27	0	22	32	9	8	265.51	1		2.347722
97	386	21	0	0	7	21	13	13	8	387.13	1		8.653428


