Name:				520_n100_m400_bt10
Problem:			3L-VRPTW
Number_of_used_Vehicles:	31
Total_Travel_Distance:		2165.69
Calculation_Time:		3600.0
Total_Iterations:		34
ConstraintSet:			P18

-------------------------------------------------------------------------------------------------------------------
Tour_Id:			1
No_of_Customers:		3
No_of_Items:			12
Customer_Sequence:		36 2 96 

CustId	Id	TypeId	Rotated	x	y	z	Length	Width	Height	mass	Fragility	LoadBearingStrength
96	382	2	0	0	0	0	31	11	7	329.97	0		11.225087
36	136	7	0	0	11	0	21	5	9	203.48	0		14.112898
2	4	7	0	0	16	0	21	5	9	203.48	0		14.112898
36	133	2	0	0	0	7	31	11	7	329.97	0		11.225087
36	135	5	0	0	0	14	26	13	6	623.09	0		10.440234
96	385	10	0	21	11	0	19	7	11	607.03	0		76.593337
96	384	6	0	0	0	20	14	11	8	318.82	0		7.994318
2	3	7	0	0	16	9	21	5	9	203.48	0		14.112898
96	383	4	0	31	0	0	17	11	11	549.46	0		36.837188
2	5	7	0	0	16	18	21	5	9	203.48	0		14.112898
36	134	4	0	31	0	11	17	11	11	549.46	0		36.837188
2	6	9	0	21	18	0	30	6	13	727.02	1		3.899097


-------------------------------------------------------------------------------------------------------------------
Tour_Id:			2
No_of_Customers:		4
No_of_Items:			13
Customer_Sequence:		13 9 31 53 

CustId	Id	TypeId	Rotated	x	y	z	Length	Width	Height	mass	Fragility	LoadBearingStrength
9	31	8	0	0	0	0	21	12	10	547.69	0		6.835262
53	207	5	0	0	12	0	26	13	6	623.09	0		10.440234
9	32	8	0	0	12	6	21	12	10	547.69	0		6.835262
31	116	10	0	0	0	10	19	7	11	607.03	0		76.593337
9	33	10	0	0	12	16	19	7	11	607.03	0		76.593337
13	48	6	0	21	0	0	14	11	8	318.82	0		7.994318
53	208	7	0	0	7	10	21	5	9	203.48	0		14.112898
31	114	7	0	0	19	16	21	5	9	203.48	0		14.112898
31	115	7	0	0	7	19	21	5	9	203.48	0		14.112898
13	49	9	0	26	12	0	30	6	13	727.02	1		3.899097
53	206	3	0	26	18	0	34	5	12	242.43	1		5.574836
9	29	3	0	26	18	12	34	5	12	242.43	1		5.574836
9	30	3	0	26	12	13	34	5	12	242.43	1		5.574836


-------------------------------------------------------------------------------------------------------------------
Tour_Id:			3
No_of_Customers:		2
No_of_Items:			11
Customer_Sequence:		10 95 

CustId	Id	TypeId	Rotated	x	y	z	Length	Width	Height	mass	Fragility	LoadBearingStrength
95	377	2	0	0	0	0	31	11	7	329.97	0		11.225087
95	380	8	0	0	11	0	21	12	10	547.69	0		6.835262
95	379	4	0	0	0	7	17	11	11	549.46	0		36.837188
10	34	1	0	0	11	10	17	14	8	450.66	0		23.816069
95	381	10	0	0	0	18	19	7	11	607.03	0		76.593337
10	36	6	0	0	7	18	14	11	8	318.82	0		7.994318
10	37	6	0	17	0	7	14	11	8	318.82	0		7.994318
10	38	7	0	0	18	18	21	5	9	203.48	0		14.112898
10	39	9	0	21	11	0	30	6	13	727.02	1		3.899097
95	378	3	0	21	17	0	34	5	12	242.43	1		5.574836
10	35	3	0	21	17	12	34	5	12	242.43	1		5.574836


-------------------------------------------------------------------------------------------------------------------
Tour_Id:			4
No_of_Customers:		5
No_of_Items:			14
Customer_Sequence:		58 28 12 74 65 

CustId	Id	TypeId	Rotated	x	y	z	Length	Width	Height	mass	Fragility	LoadBearingStrength
58	227	7	0	0	0	0	21	5	9	203.48	0		14.112898
12	45	6	0	0	5	0	14	11	8	318.82	0		7.994318
65	256	10	0	0	16	0	19	7	11	607.03	0		76.593337
12	43	5	0	21	0	0	26	13	6	623.09	0		10.440234
28	107	2	0	21	13	0	31	11	7	329.97	0		11.225087
12	44	5	0	21	0	6	26	13	6	623.09	0		10.440234
65	255	7	0	0	0	9	21	5	9	203.48	0		14.112898
58	226	4	0	0	5	8	17	11	11	549.46	0		36.837188
12	46	7	0	0	16	11	21	5	9	203.48	0		14.112898
74	288	7	0	0	0	18	21	5	9	203.48	0		14.112898
12	42	3	0	21	13	7	34	5	12	242.43	1		5.574836
12	47	10	0	0	5	19	19	7	11	607.03	0		76.593337
28	108	9	0	21	18	7	30	6	13	727.02	1		3.899097
74	287	5	0	21	0	12	26	13	6	623.09	0		10.440234


-------------------------------------------------------------------------------------------------------------------
Tour_Id:			5
No_of_Customers:		3
No_of_Items:			11
Customer_Sequence:		14 37 98 

CustId	Id	TypeId	Rotated	x	y	z	Length	Width	Height	mass	Fragility	LoadBearingStrength
98	391	2	0	0	0	0	31	11	7	329.97	0		11.225087
37	138	5	0	0	11	0	26	13	6	623.09	0		10.440234
37	137	1	0	0	11	6	17	14	8	450.66	0		23.816069
14	50	1	0	0	11	14	17	14	8	450.66	0		23.816069
37	139	7	0	0	0	7	21	5	9	203.48	0		14.112898
14	54	10	0	26	11	0	19	7	11	607.03	0		76.593337
98	392	7	0	0	5	7	21	5	9	203.48	0		14.112898
14	51	1	0	0	11	22	17	14	8	450.66	0		23.816069
14	52	7	0	0	0	16	21	5	9	203.48	0		14.112898
37	140	9	0	26	18	0	30	6	13	727.02	1		3.899097
14	53	9	0	26	18	13	30	6	13	727.02	1		3.899097


-------------------------------------------------------------------------------------------------------------------
Tour_Id:			6
No_of_Customers:		3
No_of_Items:			12
Customer_Sequence:		8 25 16 

CustId	Id	TypeId	Rotated	x	y	z	Length	Width	Height	mass	Fragility	LoadBearingStrength
16	60	8	0	0	0	0	21	12	10	547.69	0		6.835262
25	98	8	0	0	12	0	21	12	10	547.69	0		6.835262
8	27	9	0	21	0	0	30	6	13	727.02	1		3.899097
8	25	5	0	21	6	0	26	13	6	623.09	0		10.440234
8	24	5	0	21	6	6	26	13	6	623.09	0		10.440234
25	97	4	0	0	0	10	17	11	11	549.46	0		36.837188
25	96	1	0	0	11	10	17	14	8	450.66	0		23.816069
16	61	10	0	0	11	18	19	7	11	607.03	0		76.593337
8	28	10	0	0	18	18	19	7	11	607.03	0		76.593337
16	59	5	0	21	6	12	26	13	6	623.09	0		10.440234
8	26	6	0	0	0	21	14	11	8	318.82	0		7.994318
8	23	3	0	19	11	18	34	5	12	242.43	1		5.574836


-------------------------------------------------------------------------------------------------------------------
Tour_Id:			7
No_of_Customers:		3
No_of_Items:			13
Customer_Sequence:		67 29 52 

CustId	Id	TypeId	Rotated	x	y	z	Length	Width	Height	mass	Fragility	LoadBearingStrength
67	265	8	0	0	0	0	21	12	10	547.69	0		6.835262
52	205	10	0	0	12	0	19	7	11	607.03	0		76.593337
67	262	3	0	0	19	0	34	5	12	242.43	1		5.574836
67	263	4	0	0	0	10	17	11	11	549.46	0		36.837188
52	202	1	0	0	0	21	17	14	8	450.66	0		23.816069
67	261	2	0	21	0	0	31	11	7	329.97	0		11.225087
29	109	2	0	21	0	7	31	11	7	329.97	0		11.225087
67	266	10	0	19	12	0	19	7	11	607.03	0		76.593337
29	110	3	0	0	19	12	34	5	12	242.43	1		5.574836
67	264	6	0	21	0	14	14	11	8	318.82	0		7.994318
29	111	7	0	0	12	11	21	5	9	203.48	0		14.112898
52	203	6	0	21	0	22	14	11	8	318.82	0		7.994318
52	204	10	0	21	12	11	19	7	11	607.03	0		76.593337


-------------------------------------------------------------------------------------------------------------------
Tour_Id:			8
No_of_Customers:		4
No_of_Items:			15
Customer_Sequence:		33 30 35 56 

CustId	Id	TypeId	Rotated	x	y	z	Length	Width	Height	mass	Fragility	LoadBearingStrength
56	219	8	0	0	0	0	21	12	10	547.69	0		6.835262
56	220	8	0	0	12	0	21	12	10	547.69	0		6.835262
35	128	2	0	21	0	0	31	11	7	329.97	0		11.225087
35	132	9	0	21	11	0	30	6	13	727.02	1		3.899097
33	120	1	0	0	0	10	17	14	8	450.66	0		23.816069
35	130	4	0	0	14	10	17	11	11	549.46	0		36.837188
33	124	7	0	0	0	18	21	5	9	203.48	0		14.112898
33	125	10	0	0	5	18	19	7	11	607.03	0		76.593337
33	121	2	0	21	0	7	31	11	7	329.97	0		11.225087
30	113	7	0	0	14	21	21	5	9	203.48	0		14.112898
33	123	4	0	21	0	14	17	11	11	549.46	0		36.837188
35	129	3	0	21	17	0	34	5	12	242.43	1		5.574836
35	131	7	0	0	19	21	21	5	9	203.48	0		14.112898
30	112	3	0	21	17	12	34	5	12	242.43	1		5.574836
33	122	3	0	21	11	13	34	5	12	242.43	1		5.574836


-------------------------------------------------------------------------------------------------------------------
Tour_Id:			9
No_of_Customers:		4
No_of_Items:			14
Customer_Sequence:		11 34 84 51 

CustId	Id	TypeId	Rotated	x	y	z	Length	Width	Height	mass	Fragility	LoadBearingStrength
51	198	4	0	0	0	0	17	11	11	549.46	0		36.837188
51	197	2	0	0	11	0	31	11	7	329.97	0		11.225087
51	199	6	0	0	11	7	14	11	8	318.82	0		7.994318
84	328	4	0	0	0	11	17	11	11	549.46	0		36.837188
34	126	4	0	0	11	15	17	11	11	549.46	0		36.837188
34	127	4	0	17	0	0	17	11	11	549.46	0		36.837188
11	41	10	0	17	0	11	19	7	11	607.03	0		76.593337
84	327	1	0	14	11	7	17	14	8	450.66	0		23.816069
84	329	5	0	31	11	0	26	13	6	623.09	0		10.440234
51	201	8	0	31	11	6	21	12	10	547.69	0		6.835262
51	200	6	0	0	0	22	14	11	8	318.82	0		7.994318
11	40	6	0	17	11	15	14	11	8	318.82	0		7.994318
84	330	7	0	31	11	16	21	5	9	203.48	0		14.112898
84	331	7	0	31	16	16	21	5	9	203.48	0		14.112898


-------------------------------------------------------------------------------------------------------------------
Tour_Id:			10
No_of_Customers:		4
No_of_Items:			16
Customer_Sequence:		6 39 89 24 

CustId	Id	TypeId	Rotated	x	y	z	Length	Width	Height	mass	Fragility	LoadBearingStrength
6	18	5	0	0	0	0	26	13	6	623.09	0		10.440234
24	92	6	0	0	13	0	14	11	8	318.82	0		7.994318
6	20	9	0	0	0	6	30	6	13	727.02	1		3.899097
89	352	7	0	0	6	6	21	5	9	203.48	0		14.112898
39	147	5	0	26	0	0	26	13	6	623.09	0		10.440234
6	17	4	0	0	13	8	17	11	11	549.46	0		36.837188
89	350	3	0	21	6	6	34	5	12	242.43	1		5.574836
89	353	7	0	0	6	15	21	5	9	203.48	0		14.112898
39	148	7	0	0	13	19	21	5	9	203.48	0		14.112898
24	94	9	0	26	13	0	30	6	13	727.02	1		3.899097
6	19	9	0	26	19	0	30	6	13	727.02	1		3.899097
89	351	3	0	21	6	18	34	5	12	242.43	1		5.574836
24	95	10	0	0	18	19	19	7	11	607.03	0		76.593337
24	93	7	0	30	0	6	21	5	9	203.48	0		14.112898
39	145	3	0	26	13	13	34	5	12	242.43	1		5.574836
39	146	3	0	26	18	13	34	5	12	242.43	1		5.574836


-------------------------------------------------------------------------------------------------------------------
Tour_Id:			11
No_of_Customers:		3
No_of_Items:			13
Customer_Sequence:		40 32 5 

CustId	Id	TypeId	Rotated	x	y	z	Length	Width	Height	mass	Fragility	LoadBearingStrength
32	118	8	0	0	0	0	21	12	10	547.69	0		6.835262
32	117	4	0	0	12	0	17	11	11	549.46	0		36.837188
40	149	4	0	0	0	10	17	11	11	549.46	0		36.837188
5	12	2	0	17	12	0	31	11	7	329.97	0		11.225087
40	150	5	0	17	12	7	26	13	6	623.09	0		10.440234
40	153	9	0	17	12	13	30	6	13	727.02	1		3.899097
5	14	6	0	0	12	11	14	11	8	318.82	0		7.994318
32	119	10	0	17	18	13	19	7	11	607.03	0		76.593337
40	152	7	0	0	0	21	21	5	9	203.48	0		14.112898
40	151	6	0	0	12	19	14	11	8	318.82	0		7.994318
5	15	9	0	21	0	0	30	6	13	727.02	1		3.899097
5	16	10	1	51	0	0	19	7	11	607.03	0		76.593337
5	13	3	0	21	0	13	34	5	12	242.43	1		5.574836


-------------------------------------------------------------------------------------------------------------------
Tour_Id:			12
No_of_Customers:		3
No_of_Items:			13
Customer_Sequence:		41 100 71 

CustId	Id	TypeId	Rotated	x	y	z	Length	Width	Height	mass	Fragility	LoadBearingStrength
41	155	8	0	0	0	0	21	12	10	547.69	0		6.835262
41	154	2	0	0	12	0	31	11	7	329.97	0		11.225087
100	397	1	0	0	0	10	17	14	8	450.66	0		23.816069
41	156	9	0	21	0	0	30	6	13	727.02	1		3.899097
71	276	7	0	0	0	18	21	5	9	203.48	0		14.112898
41	158	10	0	0	5	18	19	7	11	607.03	0		76.593337
41	157	10	0	31	12	0	19	7	11	607.03	0		76.593337
71	277	7	0	21	6	0	21	5	9	203.48	0		14.112898
71	278	7	0	21	6	9	21	5	9	203.48	0		14.112898
100	398	7	0	21	6	18	21	5	9	203.48	0		14.112898
100	399	7	0	31	19	0	21	5	9	203.48	0		14.112898
71	279	9	0	21	0	13	30	6	13	727.02	1		3.899097
100	400	10	0	31	12	11	19	7	11	607.03	0		76.593337


-------------------------------------------------------------------------------------------------------------------
Tour_Id:			13
No_of_Customers:		4
No_of_Items:			18
Customer_Sequence:		3 38 42 77 

CustId	Id	TypeId	Rotated	x	y	z	Length	Width	Height	mass	Fragility	LoadBearingStrength
77	299	7	0	0	0	0	21	5	9	203.48	0		14.112898
3	9	9	0	0	5	0	30	6	13	727.02	1		3.899097
42	159	4	0	0	11	0	17	11	11	549.46	0		36.837188
38	143	5	0	17	11	0	26	13	6	623.09	0		10.440234
77	301	8	0	17	11	6	21	12	10	547.69	0		6.835262
77	296	1	0	0	11	11	17	14	8	450.66	0		23.816069
77	297	1	0	0	11	19	17	14	8	450.66	0		23.816069
42	163	10	0	17	11	16	19	7	11	607.03	0		76.593337
3	7	6	0	43	11	0	14	11	8	318.82	0		7.994318
42	160	6	0	43	11	8	14	11	8	318.82	0		7.994318
77	300	7	0	0	0	9	21	5	9	203.48	0		14.112898
3	8	7	0	0	0	18	21	5	9	203.48	0		14.112898
38	144	7	0	17	18	16	21	5	9	203.48	0		14.112898
77	298	4	0	43	11	16	17	11	11	549.46	0		36.837188
42	162	9	0	0	5	13	30	6	13	727.02	1		3.899097
42	161	9	0	30	5	0	30	6	13	727.02	1		3.899097
38	142	3	0	21	0	0	34	5	12	242.43	1		5.574836
38	141	3	0	21	0	12	34	5	12	242.43	1		5.574836


-------------------------------------------------------------------------------------------------------------------
Tour_Id:			14
No_of_Customers:		3
No_of_Items:			14
Customer_Sequence:		18 43 63 

CustId	Id	TypeId	Rotated	x	y	z	Length	Width	Height	mass	Fragility	LoadBearingStrength
43	169	8	0	0	0	0	21	12	10	547.69	0		6.835262
18	68	8	0	0	12	0	21	12	10	547.69	0		6.835262
63	249	2	0	21	0	0	31	11	7	329.97	0		11.225087
18	65	2	0	21	11	0	31	11	7	329.97	0		11.225087
43	165	2	0	21	0	7	31	11	7	329.97	0		11.225087
63	248	1	0	0	0	10	17	14	8	450.66	0		23.816069
63	251	4	0	0	14	10	17	11	11	549.46	0		36.837188
43	166	4	0	0	0	18	17	11	11	549.46	0		36.837188
43	167	5	0	21	11	7	26	13	6	623.09	0		10.440234
18	67	6	0	0	14	21	14	11	8	318.82	0		7.994318
43	164	2	0	21	11	13	31	11	7	329.97	0		11.225087
63	250	3	0	21	0	14	34	5	12	242.43	1		5.574836
43	168	5	0	21	11	20	26	13	6	623.09	0		10.440234
18	66	3	0	21	5	14	34	5	12	242.43	1		5.574836


-------------------------------------------------------------------------------------------------------------------
Tour_Id:			15
No_of_Customers:		2
No_of_Items:			12
Customer_Sequence:		44 55 

CustId	Id	TypeId	Rotated	x	y	z	Length	Width	Height	mass	Fragility	LoadBearingStrength
55	218	10	0	0	0	0	19	7	11	607.03	0		76.593337
44	173	5	0	0	7	0	26	13	6	623.09	0		10.440234
55	213	1	0	0	7	6	17	14	8	450.66	0		23.816069
55	216	10	0	0	0	11	19	7	11	607.03	0		76.593337
55	217	10	0	0	7	14	19	7	11	607.03	0		76.593337
44	172	4	0	26	7	0	17	11	11	549.46	0		36.837188
55	214	6	0	26	7	11	14	11	8	318.82	0		7.994318
44	174	6	0	26	7	19	14	11	8	318.82	0		7.994318
55	215	7	0	0	14	14	21	5	9	203.48	0		14.112898
44	175	7	0	19	0	0	21	5	9	203.48	0		14.112898
44	170	3	0	26	18	0	34	5	12	242.43	1		5.574836
44	171	3	0	26	18	12	34	5	12	242.43	1		5.574836


-------------------------------------------------------------------------------------------------------------------
Tour_Id:			16
No_of_Customers:		2
No_of_Items:			10
Customer_Sequence:		49 45 

CustId	Id	TypeId	Rotated	x	y	z	Length	Width	Height	mass	Fragility	LoadBearingStrength
49	194	9	0	0	0	0	30	6	13	727.02	1		3.899097
45	180	8	0	0	6	0	21	12	10	547.69	0		6.835262
45	178	5	0	21	6	0	26	13	6	623.09	0		10.440234
45	176	2	0	21	6	6	31	11	7	329.97	0		11.225087
45	179	5	0	21	6	13	26	13	6	623.09	0		10.440234
49	192	7	0	0	18	0	21	5	9	203.48	0		14.112898
49	191	2	0	21	6	19	31	11	7	329.97	0		11.225087
49	190	1	0	0	6	10	17	14	8	450.66	0		23.816069
49	193	7	0	0	6	18	21	5	9	203.48	0		14.112898
45	177	3	0	0	0	13	34	5	12	242.43	1		5.574836


-------------------------------------------------------------------------------------------------------------------
Tour_Id:			17
No_of_Customers:		4
No_of_Items:			12
Customer_Sequence:		48 73 26 93 

CustId	Id	TypeId	Rotated	x	y	z	Length	Width	Height	mass	Fragility	LoadBearingStrength
26	99	1	0	0	0	0	17	14	8	450.66	0		23.816069
26	100	3	0	0	14	0	34	5	12	242.43	1		5.574836
48	189	8	0	0	0	8	21	12	10	547.69	0		6.835262
48	187	1	0	0	0	18	17	14	8	450.66	0		23.816069
26	101	6	0	17	0	0	14	11	8	318.82	0		7.994318
26	102	6	0	31	0	0	14	11	8	318.82	0		7.994318
73	285	6	0	21	0	8	14	11	8	318.82	0		7.994318
93	369	3	0	0	19	0	34	5	12	242.43	1		5.574836
73	286	7	0	34	14	0	21	5	9	203.48	0		14.112898
93	370	4	0	21	0	16	17	11	11	549.46	0		36.837188
73	284	3	0	0	14	12	34	5	12	242.43	1		5.574836
48	188	3	0	0	19	12	34	5	12	242.43	1		5.574836


-------------------------------------------------------------------------------------------------------------------
Tour_Id:			18
No_of_Customers:		4
No_of_Items:			13
Customer_Sequence:		4 54 81 46 

CustId	Id	TypeId	Rotated	x	y	z	Length	Width	Height	mass	Fragility	LoadBearingStrength
4	10	2	0	0	0	0	31	11	7	329.97	0		11.225087
46	183	10	0	0	11	0	19	7	11	607.03	0		76.593337
4	11	8	0	19	11	0	21	12	10	547.69	0		6.835262
54	211	8	0	19	11	10	21	12	10	547.69	0		6.835262
46	184	10	0	0	18	0	19	7	11	607.03	0		76.593337
54	212	8	0	19	11	20	21	12	10	547.69	0		6.835262
54	209	1	0	0	11	11	17	14	8	450.66	0		23.816069
54	210	1	0	0	11	19	17	14	8	450.66	0		23.816069
81	317	7	0	0	0	7	21	5	9	203.48	0		14.112898
46	182	6	0	31	0	0	14	11	8	318.82	0		7.994318
46	181	4	0	31	0	8	17	11	11	549.46	0		36.837188
81	316	4	0	31	0	19	17	11	11	549.46	0		36.837188
81	318	9	0	0	5	7	30	6	13	727.02	1		3.899097


-------------------------------------------------------------------------------------------------------------------
Tour_Id:			19
No_of_Customers:		3
No_of_Items:			13
Customer_Sequence:		57 82 47 

CustId	Id	TypeId	Rotated	x	y	z	Length	Width	Height	mass	Fragility	LoadBearingStrength
82	323	8	0	0	0	0	21	12	10	547.69	0		6.835262
57	223	8	0	0	12	0	21	12	10	547.69	0		6.835262
57	224	9	0	21	0	0	30	6	13	727.02	1		3.899097
82	319	2	0	21	6	0	31	11	7	329.97	0		11.225087
57	222	4	0	0	0	10	17	11	11	549.46	0		36.837188
57	221	2	0	21	6	7	31	11	7	329.97	0		11.225087
82	321	5	0	21	6	14	26	13	6	623.09	0		10.440234
47	185	1	0	0	11	10	17	14	8	450.66	0		23.816069
47	186	2	0	21	6	20	31	11	7	329.97	0		11.225087
57	225	10	0	0	11	18	19	7	11	607.03	0		76.593337
82	322	7	0	0	18	18	21	5	9	203.48	0		14.112898
82	324	10	0	21	17	0	19	7	11	607.03	0		76.593337
82	320	3	0	21	0	13	34	5	12	242.43	1		5.574836


-------------------------------------------------------------------------------------------------------------------
Tour_Id:			20
No_of_Customers:		1
No_of_Items:			0
Customer_Sequence:		59 

-------------------------------------------------------------------------------------------------------------------
Tour_Id:			21
No_of_Customers:		4
No_of_Items:			14
Customer_Sequence:		22 69 17 92 

CustId	Id	TypeId	Rotated	x	y	z	Length	Width	Height	mass	Fragility	LoadBearingStrength
22	85	5	0	0	0	0	26	13	6	623.09	0		10.440234
92	365	4	0	0	13	0	17	11	11	549.46	0		36.837188
92	367	8	0	0	0	6	21	12	10	547.69	0		6.835262
69	270	4	0	0	13	11	17	11	11	549.46	0		36.837188
22	84	2	0	17	13	0	31	11	7	329.97	0		11.225087
22	86	6	0	0	0	16	14	11	8	318.82	0		7.994318
92	366	5	0	26	0	0	26	13	6	623.09	0		10.440234
69	271	4	0	17	13	7	17	11	11	549.46	0		36.837188
92	368	8	0	21	0	6	21	12	10	547.69	0		6.835262
17	63	5	0	14	0	16	26	13	6	623.09	0		10.440234
17	64	6	0	0	13	22	14	11	8	318.82	0		7.994318
92	364	4	0	17	13	18	17	11	11	549.46	0		36.837188
69	272	10	1	52	0	0	19	7	11	607.03	0		76.593337
17	62	2	0	14	0	22	31	11	7	329.97	0		11.225087


-------------------------------------------------------------------------------------------------------------------
Tour_Id:			22
No_of_Customers:		5
No_of_Items:			16
Customer_Sequence:		50 76 86 70 99 

CustId	Id	TypeId	Rotated	x	y	z	Length	Width	Height	mass	Fragility	LoadBearingStrength
86	341	8	0	0	0	0	21	12	10	547.69	0		6.835262
99	393	2	0	0	12	0	31	11	7	329.97	0		11.225087
70	274	2	0	0	12	7	31	11	7	329.97	0		11.225087
50	195	2	0	0	12	14	31	11	7	329.97	0		11.225087
99	394	4	0	0	0	10	17	11	11	549.46	0		36.837188
50	196	4	0	21	0	0	17	11	11	549.46	0		36.837188
70	273	1	0	0	0	21	17	14	8	450.66	0		23.816069
86	337	1	0	38	0	0	17	14	8	450.66	0		23.816069
76	294	1	0	38	0	8	17	14	8	450.66	0		23.816069
99	396	10	0	38	14	0	19	7	11	607.03	0		76.593337
99	395	6	0	0	14	21	14	11	8	318.82	0		7.994318
70	275	6	0	14	14	21	14	11	8	318.82	0		7.994318
76	295	6	0	21	0	11	14	11	8	318.82	0		7.994318
86	338	7	0	38	14	11	21	5	9	203.48	0		14.112898
86	339	7	0	38	0	16	21	5	9	203.48	0		14.112898
86	340	7	0	38	5	16	21	5	9	203.48	0		14.112898


-------------------------------------------------------------------------------------------------------------------
Tour_Id:			23
No_of_Customers:		3
No_of_Items:			15
Customer_Sequence:		80 60 72 

CustId	Id	TypeId	Rotated	x	y	z	Length	Width	Height	mass	Fragility	LoadBearingStrength
60	234	4	0	0	0	0	17	11	11	549.46	0		36.837188
60	235	4	0	0	11	0	17	11	11	549.46	0		36.837188
60	238	9	0	17	0	0	30	6	13	727.02	1		3.899097
60	236	5	0	17	6	0	26	13	6	623.09	0		10.440234
72	282	5	0	17	6	6	26	13	6	623.09	0		10.440234
72	280	3	0	17	19	0	34	5	12	242.43	1		5.574836
72	283	10	1	0	0	11	19	7	11	607.03	0		76.593337
80	315	7	1	7	0	11	21	5	9	203.48	0		14.112898
80	314	6	0	17	6	12	14	11	8	318.82	0		7.994318
60	237	7	1	7	0	20	21	5	9	203.48	0		14.112898
80	313	6	0	17	6	20	14	11	8	318.82	0		7.994318
72	281	3	0	17	17	12	34	5	12	242.43	1		5.574836
80	311	4	0	43	6	0	17	11	11	549.46	0		36.837188
80	312	4	0	43	6	11	17	11	11	549.46	0		36.837188
80	310	3	0	17	0	13	34	5	12	242.43	1		5.574836


-------------------------------------------------------------------------------------------------------------------
Tour_Id:			24
No_of_Customers:		3
No_of_Items:			13
Customer_Sequence:		61 75 23 

CustId	Id	TypeId	Rotated	x	y	z	Length	Width	Height	mass	Fragility	LoadBearingStrength
23	90	8	0	0	0	0	21	12	10	547.69	0		6.835262
75	291	3	0	0	12	0	34	5	12	242.43	1		5.574836
75	292	4	0	0	0	10	17	11	11	549.46	0		36.837188
61	239	5	0	34	12	0	26	13	6	623.09	0		10.440234
23	88	5	0	34	12	6	26	13	6	623.09	0		10.440234
23	91	9	0	0	17	0	30	6	13	727.02	1		3.899097
75	289	1	0	0	0	21	17	14	8	450.66	0		23.816069
23	87	4	0	21	0	0	17	11	11	549.46	0		36.837188
61	240	6	0	21	0	11	14	11	8	318.82	0		7.994318
23	89	7	0	34	12	12	21	5	9	203.48	0		14.112898
61	241	10	0	34	17	12	19	7	11	607.03	0		76.593337
75	290	3	0	0	17	13	34	5	12	242.43	1		5.574836
75	293	8	0	38	0	0	21	12	10	547.69	0		6.835262


-------------------------------------------------------------------------------------------------------------------
Tour_Id:			25
No_of_Customers:		2
No_of_Items:			11
Customer_Sequence:		79 62 

CustId	Id	TypeId	Rotated	x	y	z	Length	Width	Height	mass	Fragility	LoadBearingStrength
79	309	8	0	0	0	0	21	12	10	547.69	0		6.835262
62	247	10	0	0	12	0	19	7	11	607.03	0		76.593337
79	305	2	0	19	12	0	31	11	7	329.97	0		11.225087
62	245	4	0	0	0	10	17	11	11	549.46	0		36.837188
62	242	1	0	0	0	21	17	14	8	450.66	0		23.816069
62	243	2	0	19	12	7	31	11	7	329.97	0		11.225087
62	246	7	0	19	12	14	21	5	9	203.48	0		14.112898
79	307	7	0	19	17	14	21	5	9	203.48	0		14.112898
79	308	7	0	21	0	0	21	5	9	203.48	0		14.112898
62	244	3	0	21	5	0	34	5	12	242.43	1		5.574836
79	306	3	0	21	5	12	34	5	12	242.43	1		5.574836


-------------------------------------------------------------------------------------------------------------------
Tour_Id:			26
No_of_Customers:		3
No_of_Items:			10
Customer_Sequence:		88 83 19 

CustId	Id	TypeId	Rotated	x	y	z	Length	Width	Height	mass	Fragility	LoadBearingStrength
88	349	8	0	0	0	0	21	12	10	547.69	0		6.835262
19	69	2	0	0	12	0	31	11	7	329.97	0		11.225087
83	325	2	0	0	12	7	31	11	7	329.97	0		11.225087
83	326	2	0	0	12	14	31	11	7	329.97	0		11.225087
19	72	4	0	0	0	10	17	11	11	549.46	0		36.837188
19	73	5	0	0	12	21	26	13	6	623.09	0		10.440234
88	348	5	0	31	12	0	26	13	6	623.09	0		10.440234
19	74	6	0	0	0	21	14	11	8	318.82	0		7.994318
19	70	3	0	21	0	0	34	5	12	242.43	1		5.574836
19	71	3	0	21	5	0	34	5	12	242.43	1		5.574836


-------------------------------------------------------------------------------------------------------------------
Tour_Id:			27
No_of_Customers:		4
No_of_Items:			14
Customer_Sequence:		85 68 1 27 

CustId	Id	TypeId	Rotated	x	y	z	Length	Width	Height	mass	Fragility	LoadBearingStrength
68	268	8	0	0	0	0	21	12	10	547.69	0		6.835262
85	335	8	0	0	12	0	21	12	10	547.69	0		6.835262
27	103	4	0	0	0	10	17	11	11	549.46	0		36.837188
85	332	4	0	0	11	10	17	11	11	549.46	0		36.837188
27	104	5	0	21	0	0	26	13	6	623.09	0		10.440234
27	105	5	0	21	0	6	26	13	6	623.09	0		10.440234
85	333	5	0	21	0	12	26	13	6	623.09	0		10.440234
1	1	1	0	0	0	21	17	14	8	450.66	0		23.816069
1	2	10	0	21	13	0	19	7	11	607.03	0		76.593337
68	269	10	0	21	13	11	19	7	11	607.03	0		76.593337
85	336	10	0	21	0	18	19	7	11	607.03	0		76.593337
68	267	6	0	40	13	0	14	11	8	318.82	0		7.994318
85	334	6	0	40	13	8	14	11	8	318.82	0		7.994318
27	106	7	0	0	14	21	21	5	9	203.48	0		14.112898


-------------------------------------------------------------------------------------------------------------------
Tour_Id:			28
No_of_Customers:		3
No_of_Items:			15
Customer_Sequence:		21 90 87 

CustId	Id	TypeId	Rotated	x	y	z	Length	Width	Height	mass	Fragility	LoadBearingStrength
87	346	7	0	0	0	0	21	5	9	203.48	0		14.112898
87	347	9	0	0	5	0	30	6	13	727.02	1		3.899097
21	79	2	0	0	11	0	31	11	7	329.97	0		11.225087
87	342	2	0	0	11	7	31	11	7	329.97	0		11.225087
87	345	7	0	0	0	9	21	5	9	203.48	0		14.112898
21	81	5	0	0	11	14	26	13	6	623.09	0		10.440234
21	80	4	0	31	11	0	17	11	11	549.46	0		36.837188
21	83	6	0	0	11	20	14	11	8	318.82	0		7.994318
90	355	4	0	31	11	11	17	11	11	549.46	0		36.837188
90	354	3	0	0	5	13	34	5	12	242.43	1		5.574836
21	82	6	0	14	11	20	14	11	8	318.82	0		7.994318
90	357	9	0	30	5	0	30	6	13	727.02	1		3.899097
87	343	3	0	21	0	0	34	5	12	242.43	1		5.574836
87	344	3	0	21	0	12	34	5	12	242.43	1		5.574836
90	356	6	0	31	11	22	14	11	8	318.82	0		7.994318


-------------------------------------------------------------------------------------------------------------------
Tour_Id:			29
No_of_Customers:		3
No_of_Items:			13
Customer_Sequence:		15 91 64 

CustId	Id	TypeId	Rotated	x	y	z	Length	Width	Height	mass	Fragility	LoadBearingStrength
64	254	5	0	0	0	0	26	13	6	623.09	0		10.440234
91	358	1	0	0	0	6	17	14	8	450.66	0		23.816069
15	56	5	0	26	0	0	26	13	6	623.09	0		10.440234
15	58	5	0	17	0	6	26	13	6	623.09	0		10.440234
15	57	5	0	17	0	12	26	13	6	623.09	0		10.440234
64	253	3	0	17	0	18	34	5	12	242.43	1		5.574836
64	252	3	0	17	5	18	34	5	12	242.43	1		5.574836
91	359	1	0	0	0	14	17	14	8	450.66	0		23.816069
91	363	6	0	0	0	22	14	11	8	318.82	0		7.994318
91	361	2	0	26	13	0	31	11	7	329.97	0		11.225087
91	360	2	0	26	13	7	31	11	7	329.97	0		11.225087
91	362	3	0	26	13	14	34	5	12	242.43	1		5.574836
15	55	3	0	26	18	14	34	5	12	242.43	1		5.574836


-------------------------------------------------------------------------------------------------------------------
Tour_Id:			30
No_of_Customers:		3
No_of_Items:			13
Customer_Sequence:		78 94 20 

CustId	Id	TypeId	Rotated	x	y	z	Length	Width	Height	mass	Fragility	LoadBearingStrength
20	77	5	0	0	0	0	26	13	6	623.09	0		10.440234
78	304	8	0	0	13	0	21	12	10	547.69	0		6.835262
94	372	5	0	0	0	6	26	13	6	623.09	0		10.440234
20	75	1	0	0	0	12	17	14	8	450.66	0		23.816069
94	375	10	0	21	13	0	19	7	11	607.03	0		76.593337
94	376	10	0	21	13	11	19	7	11	607.03	0		76.593337
94	371	3	0	21	20	0	34	5	12	242.43	1		5.574836
78	303	7	0	0	0	20	21	5	9	203.48	0		14.112898
94	373	9	0	26	0	0	30	6	13	727.02	1		3.899097
94	374	9	0	26	6	0	30	6	13	727.02	1		3.899097
20	76	3	0	21	20	12	34	5	12	242.43	1		5.574836
20	78	6	0	0	5	20	14	11	8	318.82	0		7.994318
78	302	3	0	26	0	13	34	5	12	242.43	1		5.574836


-------------------------------------------------------------------------------------------------------------------
Tour_Id:			31
No_of_Customers:		3
No_of_Items:			11
Customer_Sequence:		7 97 66 

CustId	Id	TypeId	Rotated	x	y	z	Length	Width	Height	mass	Fragility	LoadBearingStrength
66	257	2	0	0	0	0	31	11	7	329.97	0		11.225087
97	386	1	0	0	11	0	17	14	8	450.66	0		23.816069
7	21	3	0	0	0	7	34	5	12	242.43	1		5.574836
97	388	1	0	0	11	8	17	14	8	450.66	0		23.816069
66	260	10	0	0	11	16	19	7	11	607.03	0		76.593337
66	258	6	0	17	11	0	14	11	8	318.82	0		7.994318
97	387	1	0	31	11	0	17	14	8	450.66	0		23.816069
97	389	6	0	17	11	8	14	11	8	318.82	0		7.994318
97	390	9	0	0	5	7	30	6	13	727.02	1		3.899097
7	22	9	0	0	18	16	30	6	13	727.02	1		3.899097
66	259	6	0	31	11	8	14	11	8	318.82	0		7.994318


