Name:				127_n060_m200_bt10
Problem:			3L-VRPTW
Number_of_used_Vehicles:	19
Total_Travel_Distance:		1569.94
Calculation_Time:		620.18
Total_Iterations:		17110
ConstraintSet:			P17

-------------------------------------------------------------------------------------------------------------------
Tour_Id:			1
No_of_Customers:		5
No_of_Items:			13
Customer_Sequence:		46 13 6 41 1 

CustId	Id	TypeId	Rotated	x	y	z	Length	Width	Height	mass	Fragility	LoadBearingStrength
1	1	4	0	0	0	0	20	12	8	927.62	0		15.942637
1	2	7	0	0	12	0	14	6	6	159.41	0		12.833943
41	138	10	0	0	0	8	17	14	12	1704.09	0		161.612800
41	135	1	0	0	18	0	30	5	14	577.23	1		2.964266
41	136	3	0	20	0	0	27	5	13	477.72	0		108.946832
41	137	4	0	0	0	20	20	12	8	927.62	0		15.942637
6	14	2	0	20	5	0	34	13	9	998.30	0		62.808854
6	15	7	0	20	5	9	14	6	6	159.41	0		12.833943
13	37	10	0	34	5	9	17	14	12	1704.09	0		161.612800
13	36	9	0	34	5	21	21	10	7	246.98	0		12.209981
46	149	1	0	20	0	13	30	5	14	577.23	1		2.964266
46	150	1	0	30	19	0	30	5	14	577.23	1		2.964266
46	151	1	0	0	19	14	30	5	14	577.23	1		2.964266


-------------------------------------------------------------------------------------------------------------------
Tour_Id:			2
No_of_Customers:		4
No_of_Items:			11
Customer_Sequence:		45 22 4 11 

CustId	Id	TypeId	Rotated	x	y	z	Length	Width	Height	mass	Fragility	LoadBearingStrength
11	32	10	0	0	0	0	17	14	12	1704.09	0		161.612800
4	9	7	0	0	14	0	14	6	6	159.41	0		12.833943
11	31	3	0	0	20	0	27	5	13	477.72	0		108.946832
4	10	7	0	0	14	6	14	6	6	159.41	0		12.833943
4	8	3	0	0	20	13	27	5	13	477.72	0		108.946832
22	65	2	0	17	0	0	34	13	9	998.30	0		62.808854
22	66	3	0	14	14	0	27	5	13	477.72	0		108.946832
22	67	3	0	14	14	13	27	5	13	477.72	0		108.946832
22	68	9	0	0	0	12	21	10	7	246.98	0		12.209981
45	147	2	0	21	0	9	34	13	9	998.30	0		62.808854
45	148	9	0	0	0	19	21	10	7	246.98	0		12.209981


-------------------------------------------------------------------------------------------------------------------
Tour_Id:			3
No_of_Customers:		3
No_of_Items:			9
Customer_Sequence:		56 33 15 

CustId	Id	TypeId	Rotated	x	y	z	Length	Width	Height	mass	Fragility	LoadBearingStrength
15	41	9	0	0	0	0	21	10	7	246.98	0		12.209981
15	42	10	0	0	10	0	17	14	12	1704.09	0		161.612800
15	40	3	0	0	0	7	27	5	13	477.72	0		108.946832
33	109	10	0	0	10	12	17	14	12	1704.09	0		161.612800
33	108	8	0	17	10	0	29	14	12	1449.74	1		2.830524
56	185	6	0	27	0	0	23	8	11	446.99	0		17.750261
56	186	6	0	27	0	11	23	8	11	446.99	0		17.750261
56	184	3	0	0	5	7	27	5	13	477.72	0		108.946832
56	187	8	0	17	10	12	29	14	12	1449.74	1		2.830524


-------------------------------------------------------------------------------------------------------------------
Tour_Id:			4
No_of_Customers:		3
No_of_Items:			12
Customer_Sequence:		36 8 52 

CustId	Id	TypeId	Rotated	x	y	z	Length	Width	Height	mass	Fragility	LoadBearingStrength
52	172	10	0	0	0	0	17	14	12	1704.09	0		161.612800
52	168	1	0	0	14	0	30	5	14	577.23	1		2.964266
52	171	9	0	0	0	12	21	10	7	246.98	0		12.209981
36	118	4	0	0	0	19	20	12	8	927.62	0		15.942637
52	169	6	0	17	0	0	23	8	11	446.99	0		17.750261
8	21	6	0	30	14	0	23	8	11	446.99	0		17.750261
8	20	3	0	0	19	0	27	5	13	477.72	0		108.946832
8	23	9	0	30	14	11	21	10	7	246.98	0		12.209981
8	22	7	0	0	19	13	14	6	6	159.41	0		12.833943
36	119	5	0	40	0	0	19	10	14	359.93	0		17.443134
52	170	7	0	17	8	0	14	6	6	159.41	0		12.833943
36	120	7	0	0	19	19	14	6	6	159.41	0		12.833943


-------------------------------------------------------------------------------------------------------------------
Tour_Id:			5
No_of_Customers:		4
No_of_Items:			13
Customer_Sequence:		25 53 35 26 

CustId	Id	TypeId	Rotated	x	y	z	Length	Width	Height	mass	Fragility	LoadBearingStrength
26	81	5	0	0	0	0	19	10	14	359.93	0		17.443134
26	82	8	0	0	10	0	29	14	12	1449.74	1		2.830524
26	80	1	0	0	10	12	30	5	14	577.23	1		2.964266
35	117	10	0	30	0	0	17	14	12	1704.09	0		161.612800
35	115	3	0	30	14	0	27	5	13	477.72	0		108.946832
35	116	9	0	0	0	14	21	10	7	246.98	0		12.209981
35	114	1	0	0	15	12	30	5	14	577.23	1		2.964266
53	174	4	0	30	0	12	20	12	8	927.62	0		15.942637
53	173	1	0	0	20	12	30	5	14	577.23	1		2.964266
25	77	4	0	30	0	20	20	12	8	927.62	0		15.942637
25	79	9	0	0	0	21	21	10	7	246.98	0		12.209981
25	78	7	0	30	19	0	14	6	6	159.41	0		12.833943
25	76	1	0	30	14	13	30	5	14	577.23	1		2.964266


-------------------------------------------------------------------------------------------------------------------
Tour_Id:			6
No_of_Customers:		4
No_of_Items:			13
Customer_Sequence:		30 55 49 38 

CustId	Id	TypeId	Rotated	x	y	z	Length	Width	Height	mass	Fragility	LoadBearingStrength
38	124	6	0	0	0	0	23	8	11	446.99	0		17.750261
38	125	7	0	0	8	0	14	6	6	159.41	0		12.833943
38	123	1	0	0	14	0	30	5	14	577.23	1		2.964266
49	159	10	0	23	0	0	17	14	12	1704.09	0		161.612800
49	158	6	0	0	0	11	23	8	11	446.99	0		17.750261
49	157	3	0	0	19	0	27	5	13	477.72	0		108.946832
55	182	10	0	23	0	12	17	14	12	1704.09	0		161.612800
55	183	10	0	40	0	0	17	14	12	1704.09	0		161.612800
55	180	4	0	40	0	12	20	12	8	927.62	0		15.942637
55	181	7	0	0	19	13	14	6	6	159.41	0		12.833943
30	97	5	0	30	14	0	19	10	14	359.93	0		17.443134
30	98	6	0	30	14	14	23	8	11	446.99	0		17.750261
30	96	1	0	0	14	14	30	5	14	577.23	1		2.964266


-------------------------------------------------------------------------------------------------------------------
Tour_Id:			7
No_of_Customers:		3
No_of_Items:			12
Customer_Sequence:		54 39 14 

CustId	Id	TypeId	Rotated	x	y	z	Length	Width	Height	mass	Fragility	LoadBearingStrength
14	39	9	0	0	0	0	21	10	7	246.98	0		12.209981
14	38	1	0	0	10	0	30	5	14	577.23	1		2.964266
39	126	6	0	0	15	0	23	8	11	446.99	0		17.750261
39	127	6	0	0	0	7	23	8	11	446.99	0		17.750261
39	129	8	0	30	0	0	29	14	12	1449.74	1		2.830524
39	130	9	0	0	15	11	21	10	7	246.98	0		12.209981
39	128	6	0	0	0	18	23	8	11	446.99	0		17.750261
54	175	6	0	0	15	18	23	8	11	446.99	0		17.750261
54	176	6	0	23	15	0	23	8	11	446.99	0		17.750261
54	177	6	0	23	15	11	23	8	11	446.99	0		17.750261
54	179	9	0	23	15	22	21	10	7	246.98	0		12.209981
54	178	8	0	30	0	12	29	14	12	1449.74	1		2.830524


-------------------------------------------------------------------------------------------------------------------
Tour_Id:			8
No_of_Customers:		3
No_of_Items:			11
Customer_Sequence:		17 7 28 

CustId	Id	TypeId	Rotated	x	y	z	Length	Width	Height	mass	Fragility	LoadBearingStrength
28	88	5	0	0	0	0	19	10	14	359.93	0		17.443134
28	89	6	0	0	10	0	23	8	11	446.99	0		17.750261
28	90	9	0	0	10	11	21	10	7	246.98	0		12.209981
28	87	1	0	0	20	0	30	5	14	577.23	1		2.964266
7	17	2	0	23	0	0	34	13	9	998.30	0		62.808854
7	18	5	0	0	0	14	19	10	14	359.93	0		17.443134
7	19	9	0	0	10	18	21	10	7	246.98	0		12.209981
7	16	1	0	0	20	14	30	5	14	577.23	1		2.964266
17	48	2	0	23	0	9	34	13	9	998.30	0		62.808854
17	49	6	0	21	0	18	23	8	11	446.99	0		17.750261
17	50	6	0	30	13	0	23	8	11	446.99	0		17.750261


-------------------------------------------------------------------------------------------------------------------
Tour_Id:			9
No_of_Customers:		3
No_of_Items:			11
Customer_Sequence:		50 32 59 

CustId	Id	TypeId	Rotated	x	y	z	Length	Width	Height	mass	Fragility	LoadBearingStrength
59	197	10	0	0	0	0	17	14	12	1704.09	0		161.612800
59	196	5	0	0	14	0	19	10	14	359.93	0		17.443134
59	195	4	0	0	0	12	20	12	8	927.62	0		15.942637
32	103	2	0	20	0	0	34	13	9	998.30	0		62.808854
32	104	6	0	0	14	14	23	8	11	446.99	0		17.750261
32	105	6	0	19	13	0	23	8	11	446.99	0		17.750261
32	106	7	0	0	0	20	14	6	6	159.41	0		12.833943
32	107	7	0	0	6	20	14	6	6	159.41	0		12.833943
50	160	2	0	20	0	9	34	13	9	998.30	0		62.808854
50	162	10	0	20	0	18	17	14	12	1704.09	0		161.612800
50	161	4	0	37	0	18	20	12	8	927.62	0		15.942637


-------------------------------------------------------------------------------------------------------------------
Tour_Id:			10
No_of_Customers:		3
No_of_Items:			12
Customer_Sequence:		16 24 37 

CustId	Id	TypeId	Rotated	x	y	z	Length	Width	Height	mass	Fragility	LoadBearingStrength
37	121	3	0	0	0	0	27	5	13	477.72	0		108.946832
37	122	9	0	0	5	0	21	10	7	246.98	0		12.209981
24	74	7	0	0	15	0	14	6	6	159.41	0		12.833943
24	73	6	0	0	5	7	23	8	11	446.99	0		17.750261
24	72	3	0	0	0	13	27	5	13	477.72	0		108.946832
24	71	2	0	23	5	0	34	13	9	998.30	0		62.808854
24	75	7	0	0	15	6	14	6	6	159.41	0		12.833943
16	47	10	0	23	5	9	17	14	12	1704.09	0		161.612800
16	45	4	0	23	5	21	20	12	8	927.62	0		15.942637
16	44	3	0	14	19	0	27	5	13	477.72	0		108.946832
16	46	9	0	0	5	18	21	10	7	246.98	0		12.209981
16	43	1	0	14	19	13	30	5	14	577.23	1		2.964266


-------------------------------------------------------------------------------------------------------------------
Tour_Id:			11
No_of_Customers:		3
No_of_Items:			9
Customer_Sequence:		12 27 44 

CustId	Id	TypeId	Rotated	x	y	z	Length	Width	Height	mass	Fragility	LoadBearingStrength
44	145	3	0	0	0	0	27	5	13	477.72	0		108.946832
27	83	3	0	0	5	0	27	5	13	477.72	0		108.946832
44	146	8	0	0	10	0	29	14	12	1449.74	1		2.830524
27	84	7	0	0	0	13	14	6	6	159.41	0		12.833943
27	85	8	0	0	10	12	29	14	12	1449.74	1		2.830524
27	86	8	0	29	0	0	29	14	12	1449.74	1		2.830524
12	33	5	0	29	14	0	19	10	14	359.93	0		17.443134
12	34	6	0	29	14	14	23	8	11	446.99	0		17.750261
12	35	8	0	29	0	12	29	14	12	1449.74	1		2.830524


-------------------------------------------------------------------------------------------------------------------
Tour_Id:			12
No_of_Customers:		3
No_of_Items:			8
Customer_Sequence:		3 2 20 

CustId	Id	TypeId	Rotated	x	y	z	Length	Width	Height	mass	Fragility	LoadBearingStrength
20	58	5	0	0	0	0	19	10	14	359.93	0		17.443134
20	60	8	0	0	10	0	29	14	12	1449.74	1		2.830524
20	59	6	0	0	0	14	23	8	11	446.99	0		17.750261
3	6	8	0	0	10	12	29	14	12	1449.74	1		2.830524
2	3	5	0	23	0	0	19	10	14	359.93	0		17.443134
3	7	10	0	29	10	0	17	14	12	1704.09	0		161.612800
3	5	6	0	23	0	14	23	8	11	446.99	0		17.750261
2	4	7	0	42	0	0	14	6	6	159.41	0		12.833943


-------------------------------------------------------------------------------------------------------------------
Tour_Id:			13
No_of_Customers:		3
No_of_Items:			10
Customer_Sequence:		23 34 40 

CustId	Id	TypeId	Rotated	x	y	z	Length	Width	Height	mass	Fragility	LoadBearingStrength
40	131	3	0	0	0	0	27	5	13	477.72	0		108.946832
40	132	4	0	0	5	0	20	12	8	927.62	0		15.942637
34	112	7	0	0	17	0	14	6	6	159.41	0		12.833943
40	134	8	0	27	0	0	29	14	12	1449.74	1		2.830524
34	111	6	0	14	17	0	23	8	11	446.99	0		17.750261
34	113	9	0	37	14	0	21	10	7	246.98	0		12.209981
40	133	6	0	0	5	8	23	8	11	446.99	0		17.750261
34	110	1	0	0	0	13	30	5	14	577.23	1		2.964266
23	70	8	0	30	0	12	29	14	12	1449.74	1		2.830524
23	69	1	0	14	17	11	30	5	14	577.23	1		2.964266


-------------------------------------------------------------------------------------------------------------------
Tour_Id:			14
No_of_Customers:		5
No_of_Items:			14
Customer_Sequence:		57 48 58 43 18 

CustId	Id	TypeId	Rotated	x	y	z	Length	Width	Height	mass	Fragility	LoadBearingStrength
18	51	3	0	0	0	0	27	5	13	477.72	0		108.946832
18	52	9	0	0	5	0	21	10	7	246.98	0		12.209981
58	193	9	0	0	15	0	21	10	7	246.98	0		12.209981
43	144	7	0	0	5	7	14	6	6	159.41	0		12.833943
43	142	1	0	0	0	13	30	5	14	577.23	1		2.964266
58	194	10	0	0	11	7	17	14	12	1704.09	0		161.612800
43	143	5	0	30	0	0	19	10	14	359.93	0		17.443134
58	192	7	0	0	11	19	14	6	6	159.41	0		12.833943
48	155	3	0	21	10	0	27	5	13	477.72	0		108.946832
48	156	9	0	21	15	0	21	10	7	246.98	0		12.209981
57	189	6	0	17	15	7	23	8	11	446.99	0		17.750261
57	190	6	0	17	15	18	23	8	11	446.99	0		17.750261
57	191	6	0	30	0	14	23	8	11	446.99	0		17.750261
57	188	3	0	17	10	13	27	5	13	477.72	0		108.946832


-------------------------------------------------------------------------------------------------------------------
Tour_Id:			15
No_of_Customers:		3
No_of_Items:			10
Customer_Sequence:		31 5 10 

CustId	Id	TypeId	Rotated	x	y	z	Length	Width	Height	mass	Fragility	LoadBearingStrength
10	28	2	0	0	0	0	34	13	9	998.30	0		62.808854
10	29	4	0	0	13	0	20	12	8	927.62	0		15.942637
10	30	7	0	0	13	8	14	6	6	159.41	0		12.833943
5	13	10	0	34	0	0	17	14	12	1704.09	0		161.612800
5	11	2	0	0	0	9	34	13	9	998.30	0		62.808854
5	12	5	0	20	14	0	19	10	14	359.93	0		17.443134
31	99	2	0	0	0	18	34	13	9	998.30	0		62.808854
31	100	5	0	20	14	14	19	10	14	359.93	0		17.443134
31	102	9	0	34	0	12	21	10	7	246.98	0		12.209981
31	101	7	0	0	13	14	14	6	6	159.41	0		12.833943


-------------------------------------------------------------------------------------------------------------------
Tour_Id:			16
No_of_Customers:		2
No_of_Items:			8
Customer_Sequence:		21 9 

CustId	Id	TypeId	Rotated	x	y	z	Length	Width	Height	mass	Fragility	LoadBearingStrength
9	25	5	0	0	0	0	19	10	14	359.93	0		17.443134
9	26	5	0	0	10	0	19	10	14	359.93	0		17.443134
9	27	5	0	0	0	14	19	10	14	359.93	0		17.443134
9	24	3	0	0	20	0	27	5	13	477.72	0		108.946832
21	62	4	0	0	10	14	20	12	8	927.62	0		15.942637
21	63	7	0	0	10	22	14	6	6	159.41	0		12.833943
21	64	8	0	19	0	0	29	14	12	1449.74	1		2.830524
21	61	1	0	27	20	0	30	5	14	577.23	1		2.964266


-------------------------------------------------------------------------------------------------------------------
Tour_Id:			17
No_of_Customers:		2
No_of_Items:			8
Customer_Sequence:		19 42 

CustId	Id	TypeId	Rotated	x	y	z	Length	Width	Height	mass	Fragility	LoadBearingStrength
42	139	5	0	0	0	0	19	10	14	359.93	0		17.443134
42	140	5	0	0	10	0	19	10	14	359.93	0		17.443134
42	141	9	0	0	0	14	21	10	7	246.98	0		12.209981
19	55	2	0	19	10	0	34	13	9	998.30	0		62.808854
19	56	3	0	19	10	9	27	5	13	477.72	0		108.946832
19	57	9	0	0	0	21	21	10	7	246.98	0		12.209981
19	53	1	0	19	15	9	30	5	14	577.23	1		2.964266
19	54	1	0	21	0	0	30	5	14	577.23	1		2.964266


-------------------------------------------------------------------------------------------------------------------
Tour_Id:			18
No_of_Customers:		2
No_of_Items:			8
Customer_Sequence:		47 51 

CustId	Id	TypeId	Rotated	x	y	z	Length	Width	Height	mass	Fragility	LoadBearingStrength
51	164	5	0	0	0	0	19	10	14	359.93	0		17.443134
51	165	6	0	0	10	0	23	8	11	446.99	0		17.750261
51	163	4	0	0	0	14	20	12	8	927.62	0		15.942637
51	166	7	0	0	18	0	14	6	6	159.41	0		12.833943
51	167	8	0	23	0	0	29	14	12	1449.74	1		2.830524
47	153	5	0	23	14	0	19	10	14	359.93	0		17.443134
47	152	4	0	0	0	22	20	12	8	927.62	0		15.942637
47	154	8	0	23	0	12	29	14	12	1449.74	1		2.830524


-------------------------------------------------------------------------------------------------------------------
Tour_Id:			19
No_of_Customers:		2
No_of_Items:			8
Customer_Sequence:		29 60 

CustId	Id	TypeId	Rotated	x	y	z	Length	Width	Height	mass	Fragility	LoadBearingStrength
60	199	4	0	0	0	0	20	12	8	927.62	0		15.942637
60	200	4	0	0	12	0	20	12	8	927.62	0		15.942637
60	198	1	0	20	0	0	30	5	14	577.23	1		2.964266
29	95	10	0	20	5	0	17	14	12	1704.09	0		161.612800
29	92	6	0	37	5	0	23	8	11	446.99	0		17.750261
29	91	3	0	20	19	0	27	5	13	477.72	0		108.946832
29	94	9	0	20	5	12	21	10	7	246.98	0		12.209981
29	93	7	0	0	12	8	14	6	6	159.41	0		12.833943


