Name:				Inst_50_1_5
Problem:			3L-CVRP
Number_of_used_Vehicles:	14
Total_Travel_Distance:		166.07
Calculation_Time:		8.15
Total_Iterations:		13922
ConstraintSet:			P17

-------------------------------------------------------------------------------------------------------------------
Tour_Id:			1
No_of_Customers:		4
No_of_Items:			22
Customer_Sequence:		1 45 46 33 

CustId	Id	TypeId	Rotated	x	y	z	Length	Width	Height	mass	Fragility	LoadBearingStrength
33	186	33	0	0	0	0	80	120	244	1308	0		0.000000
33	187	33	0	0	120	0	80	120	244	1308	0		0.000000
33	188	33	0	80	0	0	80	120	244	1308	0		0.000000
33	189	33	0	80	120	0	80	120	244	1308	0		0.000000
33	190	33	0	160	0	0	80	120	244	1308	0		0.000000
33	191	33	0	160	120	0	80	120	244	1308	0		0.000000
33	192	33	0	240	0	0	80	120	244	1308	0		0.000000
46	258	46	0	240	120	0	80	120	244	1386	0		0.000000
46	259	46	0	320	0	0	80	120	244	1386	0		0.000000
46	260	46	0	320	120	0	80	120	244	1386	0		0.000000
46	261	46	0	400	0	0	80	120	244	1386	0		0.000000
45	254	45	0	400	120	0	80	120	244	1097	0		0.000000
45	255	45	0	480	0	0	80	120	244	1097	0		0.000000
45	256	45	0	480	120	0	80	120	244	1097	0		0.000000
45	257	45	0	560	0	0	80	120	244	1097	0		0.000000
1	1	1	0	560	120	0	80	120	244	1143	0		0.000000
1	2	1	0	640	0	0	80	120	244	1143	0		0.000000
1	3	1	0	640	120	0	80	120	244	1143	0		0.000000
1	4	1	0	720	0	0	80	120	244	1143	0		0.000000
1	5	1	0	720	120	0	80	120	244	1143	0		0.000000
1	6	1	0	800	0	0	80	120	244	1143	0		0.000000
1	7	1	0	800	120	0	80	120	244	1143	0		0.000000


-------------------------------------------------------------------------------------------------------------------
Tour_Id:			2
No_of_Customers:		4
No_of_Items:			21
Customer_Sequence:		25 21 3 7 

CustId	Id	TypeId	Rotated	x	y	z	Length	Width	Height	mass	Fragility	LoadBearingStrength
7	37	7	0	0	0	0	80	120	244	1146	0		0.000000
7	38	7	0	0	120	0	80	120	244	1146	0		0.000000
7	39	7	0	80	0	0	80	120	244	1146	0		0.000000
7	40	7	0	80	120	0	80	120	244	1146	0		0.000000
3	15	3	0	160	0	0	80	120	244	1078	0		0.000000
3	16	3	0	160	120	0	80	120	244	1078	0		0.000000
3	17	3	0	240	0	0	80	120	244	1078	0		0.000000
3	18	3	0	240	120	0	80	120	244	1078	0		0.000000
3	19	3	0	320	0	0	80	120	244	1078	0		0.000000
3	20	3	0	320	120	0	80	120	244	1078	0		0.000000
3	21	3	0	400	0	0	80	120	244	1078	0		0.000000
21	119	21	0	400	120	0	80	120	244	1222	0		0.000000
21	120	21	0	480	0	0	80	120	244	1222	0		0.000000
21	121	21	0	480	120	0	80	120	244	1222	0		0.000000
21	122	21	0	560	0	0	80	120	244	1222	0		0.000000
21	123	21	0	560	120	0	80	120	244	1222	0		0.000000
21	124	21	0	640	0	0	80	120	244	1222	0		0.000000
25	143	25	0	640	120	0	80	120	244	1438	0		0.000000
25	144	25	0	720	0	0	80	120	244	1438	0		0.000000
25	145	25	0	720	120	0	80	120	244	1438	0		0.000000
25	146	25	0	800	0	0	80	120	244	1438	0		0.000000


-------------------------------------------------------------------------------------------------------------------
Tour_Id:			3
No_of_Customers:		3
No_of_Items:			21
Customer_Sequence:		20 2 8 

CustId	Id	TypeId	Rotated	x	y	z	Length	Width	Height	mass	Fragility	LoadBearingStrength
8	41	8	0	0	0	0	80	120	244	1416	0		0.000000
8	42	8	0	0	120	0	80	120	244	1416	0		0.000000
8	43	8	0	80	0	0	80	120	244	1416	0		0.000000
8	44	8	0	80	120	0	80	120	244	1416	0		0.000000
8	45	8	0	160	0	0	80	120	244	1416	0		0.000000
8	46	8	0	160	120	0	80	120	244	1416	0		0.000000
8	47	8	0	240	0	0	80	120	244	1416	0		0.000000
2	8	2	0	240	120	0	80	120	244	1044	0		0.000000
2	9	2	0	320	0	0	80	120	244	1044	0		0.000000
2	10	2	0	320	120	0	80	120	244	1044	0		0.000000
2	11	2	0	400	0	0	80	120	244	1044	0		0.000000
2	12	2	0	400	120	0	80	120	244	1044	0		0.000000
2	13	2	0	480	0	0	80	120	244	1044	0		0.000000
2	14	2	0	480	120	0	80	120	244	1044	0		0.000000
20	112	20	0	560	0	0	80	120	244	1437	0		0.000000
20	113	20	0	560	120	0	80	120	244	1437	0		0.000000
20	114	20	0	640	0	0	80	120	244	1437	0		0.000000
20	115	20	0	640	120	0	80	120	244	1437	0		0.000000
20	116	20	0	720	0	0	80	120	244	1437	0		0.000000
20	117	20	0	720	120	0	80	120	244	1437	0		0.000000
20	118	20	0	800	0	0	80	120	244	1437	0		0.000000


-------------------------------------------------------------------------------------------------------------------
Tour_Id:			4
No_of_Customers:		4
No_of_Items:			22
Customer_Sequence:		9 10 16 19 

CustId	Id	TypeId	Rotated	x	y	z	Length	Width	Height	mass	Fragility	LoadBearingStrength
19	108	19	0	0	0	0	80	120	244	1253	0		0.000000
19	109	19	0	0	120	0	80	120	244	1253	0		0.000000
19	110	19	0	80	0	0	80	120	244	1253	0		0.000000
19	111	19	0	80	120	0	80	120	244	1253	0		0.000000
16	88	16	0	160	0	0	80	120	244	1076	0		0.000000
16	89	16	0	160	120	0	80	120	244	1076	0		0.000000
16	90	16	0	240	0	0	80	120	244	1076	0		0.000000
16	91	16	0	240	120	0	80	120	244	1076	0		0.000000
16	92	16	0	320	0	0	80	120	244	1076	0		0.000000
16	93	16	0	320	120	0	80	120	244	1076	0		0.000000
16	94	16	0	400	0	0	80	120	244	1076	0		0.000000
10	55	10	0	400	120	0	80	120	244	1036	0		0.000000
10	56	10	0	480	0	0	80	120	244	1036	0		0.000000
10	57	10	0	480	120	0	80	120	244	1036	0		0.000000
10	58	10	0	560	0	0	80	120	244	1036	0		0.000000
9	48	9	0	560	120	0	80	120	244	1216	0		0.000000
9	49	9	0	640	0	0	80	120	244	1216	0		0.000000
9	50	9	0	640	120	0	80	120	244	1216	0		0.000000
9	51	9	0	720	0	0	80	120	244	1216	0		0.000000
9	52	9	0	720	120	0	80	120	244	1216	0		0.000000
9	53	9	0	800	0	0	80	120	244	1216	0		0.000000
9	54	9	0	800	120	0	80	120	244	1216	0		0.000000


-------------------------------------------------------------------------------------------------------------------
Tour_Id:			5
No_of_Customers:		4
No_of_Items:			22
Customer_Sequence:		11 50 34 18 

CustId	Id	TypeId	Rotated	x	y	z	Length	Width	Height	mass	Fragility	LoadBearingStrength
18	102	18	0	0	0	0	80	120	244	1256	0		0.000000
18	103	18	0	0	120	0	80	120	244	1256	0		0.000000
18	104	18	0	80	0	0	80	120	244	1256	0		0.000000
18	105	18	0	80	120	0	80	120	244	1256	0		0.000000
18	106	18	0	160	0	0	80	120	244	1256	0		0.000000
18	107	18	0	160	120	0	80	120	244	1256	0		0.000000
34	193	34	0	240	0	0	80	120	244	1433	0		0.000000
34	194	34	0	240	120	0	80	120	244	1433	0		0.000000
34	195	34	0	320	0	0	80	120	244	1433	0		0.000000
34	196	34	0	320	120	0	80	120	244	1433	0		0.000000
50	281	50	0	400	0	0	80	120	244	1429	0		0.000000
50	282	50	0	400	120	0	80	120	244	1429	0		0.000000
50	283	50	0	480	0	0	80	120	244	1429	0		0.000000
50	284	50	0	480	120	0	80	120	244	1429	0		0.000000
50	285	50	0	560	0	0	80	120	244	1429	0		0.000000
50	286	50	0	560	120	0	80	120	244	1429	0		0.000000
50	287	50	0	640	0	0	80	120	244	1429	0		0.000000
11	59	11	0	640	120	0	80	120	244	1317	0		0.000000
11	60	11	0	720	0	0	80	120	244	1317	0		0.000000
11	61	11	0	720	120	0	80	120	244	1317	0		0.000000
11	62	11	0	800	0	0	80	120	244	1317	0		0.000000
11	63	11	0	800	120	0	80	120	244	1317	0		0.000000


-------------------------------------------------------------------------------------------------------------------
Tour_Id:			6
No_of_Customers:		4
No_of_Items:			22
Customer_Sequence:		14 47 5 13 

CustId	Id	TypeId	Rotated	x	y	z	Length	Width	Height	mass	Fragility	LoadBearingStrength
13	70	13	0	0	0	0	80	120	244	1253	0		0.000000
13	71	13	0	0	120	0	80	120	244	1253	0		0.000000
13	72	13	0	80	0	0	80	120	244	1253	0		0.000000
13	73	13	0	80	120	0	80	120	244	1253	0		0.000000
5	27	5	0	160	0	0	80	120	244	1163	0		0.000000
5	28	5	0	160	120	0	80	120	244	1163	0		0.000000
5	29	5	0	240	0	0	80	120	244	1163	0		0.000000
5	30	5	0	240	120	0	80	120	244	1163	0		0.000000
47	262	47	0	320	0	0	80	120	244	1015	0		0.000000
47	263	47	0	320	120	0	80	120	244	1015	0		0.000000
47	264	47	0	400	0	0	80	120	244	1015	0		0.000000
47	265	47	0	400	120	0	80	120	244	1015	0		0.000000
47	266	47	0	480	0	0	80	120	244	1015	0		0.000000
47	267	47	0	480	120	0	80	120	244	1015	0		0.000000
47	268	47	0	560	0	0	80	120	244	1015	0		0.000000
14	74	14	0	560	120	0	80	120	244	1153	0		0.000000
14	75	14	0	640	0	0	80	120	244	1153	0		0.000000
14	76	14	0	640	120	0	80	120	244	1153	0		0.000000
14	77	14	0	720	0	0	80	120	244	1153	0		0.000000
14	78	14	0	720	120	0	80	120	244	1153	0		0.000000
14	79	14	0	800	0	0	80	120	244	1153	0		0.000000
14	80	14	0	800	120	0	80	120	244	1153	0		0.000000


-------------------------------------------------------------------------------------------------------------------
Tour_Id:			7
No_of_Customers:		4
No_of_Items:			21
Customer_Sequence:		44 4 43 38 

CustId	Id	TypeId	Rotated	x	y	z	Length	Width	Height	mass	Fragility	LoadBearingStrength
38	215	38	0	0	0	0	80	120	244	1015	0		0.000000
38	216	38	0	0	120	0	80	120	244	1015	0		0.000000
38	217	38	0	80	0	0	80	120	244	1015	0		0.000000
38	218	38	0	80	120	0	80	120	244	1015	0		0.000000
38	219	38	0	160	0	0	80	120	244	1015	0		0.000000
38	220	38	0	160	120	0	80	120	244	1015	0		0.000000
43	244	43	0	240	0	0	80	120	244	1220	0		0.000000
43	245	43	0	240	120	0	80	120	244	1220	0		0.000000
43	246	43	0	320	0	0	80	120	244	1220	0		0.000000
43	247	43	0	320	120	0	80	120	244	1220	0		0.000000
4	22	4	0	400	0	0	80	120	244	1493	0		0.000000
4	23	4	0	400	120	0	80	120	244	1493	0		0.000000
4	24	4	0	480	0	0	80	120	244	1493	0		0.000000
4	25	4	0	480	120	0	80	120	244	1493	0		0.000000
4	26	4	0	560	0	0	80	120	244	1493	0		0.000000
44	248	44	0	560	120	0	80	120	244	1492	0		0.000000
44	249	44	0	640	0	0	80	120	244	1492	0		0.000000
44	250	44	0	640	120	0	80	120	244	1492	0		0.000000
44	251	44	0	720	0	0	80	120	244	1492	0		0.000000
44	252	44	0	720	120	0	80	120	244	1492	0		0.000000
44	253	44	0	800	0	0	80	120	244	1492	0		0.000000


-------------------------------------------------------------------------------------------------------------------
Tour_Id:			8
No_of_Customers:		4
No_of_Items:			22
Customer_Sequence:		32 37 40 42 

CustId	Id	TypeId	Rotated	x	y	z	Length	Width	Height	mass	Fragility	LoadBearingStrength
42	240	42	0	0	0	0	80	120	244	1427	0		0.000000
42	241	42	0	0	120	0	80	120	244	1427	0		0.000000
42	242	42	0	80	0	0	80	120	244	1427	0		0.000000
42	243	42	0	80	120	0	80	120	244	1427	0		0.000000
40	227	40	0	160	0	0	80	120	244	1085	0		0.000000
40	228	40	0	160	120	0	80	120	244	1085	0		0.000000
40	229	40	0	240	0	0	80	120	244	1085	0		0.000000
40	230	40	0	240	120	0	80	120	244	1085	0		0.000000
40	231	40	0	320	0	0	80	120	244	1085	0		0.000000
40	232	40	0	320	120	0	80	120	244	1085	0		0.000000
37	210	37	0	400	0	0	80	120	244	1082	0		0.000000
37	211	37	0	400	120	0	80	120	244	1082	0		0.000000
37	212	37	0	480	0	0	80	120	244	1082	0		0.000000
37	213	37	0	480	120	0	80	120	244	1082	0		0.000000
37	214	37	0	560	0	0	80	120	244	1082	0		0.000000
32	179	32	0	560	120	0	80	120	244	1400	0		0.000000
32	180	32	0	640	0	0	80	120	244	1400	0		0.000000
32	181	32	0	640	120	0	80	120	244	1400	0		0.000000
32	182	32	0	720	0	0	80	120	244	1400	0		0.000000
32	183	32	0	720	120	0	80	120	244	1400	0		0.000000
32	184	32	0	800	0	0	80	120	244	1400	0		0.000000
32	185	32	0	800	120	0	80	120	244	1400	0		0.000000


-------------------------------------------------------------------------------------------------------------------
Tour_Id:			9
No_of_Customers:		3
No_of_Items:			19
Customer_Sequence:		39 12 15 

CustId	Id	TypeId	Rotated	x	y	z	Length	Width	Height	mass	Fragility	LoadBearingStrength
15	81	15	0	0	0	0	80	120	244	1236	0		0.000000
15	82	15	0	0	120	0	80	120	244	1236	0		0.000000
15	83	15	0	80	0	0	80	120	244	1236	0		0.000000
15	84	15	0	80	120	0	80	120	244	1236	0		0.000000
15	85	15	0	160	0	0	80	120	244	1236	0		0.000000
15	86	15	0	160	120	0	80	120	244	1236	0		0.000000
15	87	15	0	240	0	0	80	120	244	1236	0		0.000000
12	64	12	0	240	120	0	80	120	244	1124	0		0.000000
12	65	12	0	320	0	0	80	120	244	1124	0		0.000000
12	66	12	0	320	120	0	80	120	244	1124	0		0.000000
12	67	12	0	400	0	0	80	120	244	1124	0		0.000000
12	68	12	0	400	120	0	80	120	244	1124	0		0.000000
12	69	12	0	480	0	0	80	120	244	1124	0		0.000000
39	221	39	0	480	120	0	80	120	244	1479	0		0.000000
39	222	39	0	560	0	0	80	120	244	1479	0		0.000000
39	223	39	0	560	120	0	80	120	244	1479	0		0.000000
39	224	39	0	640	0	0	80	120	244	1479	0		0.000000
39	225	39	0	640	120	0	80	120	244	1479	0		0.000000
39	226	39	0	720	0	0	80	120	244	1479	0		0.000000


-------------------------------------------------------------------------------------------------------------------
Tour_Id:			10
No_of_Customers:		4
No_of_Items:			21
Customer_Sequence:		28 35 24 29 

CustId	Id	TypeId	Rotated	x	y	z	Length	Width	Height	mass	Fragility	LoadBearingStrength
29	162	29	0	0	0	0	80	120	244	1284	0		0.000000
29	163	29	0	0	120	0	80	120	244	1284	0		0.000000
29	164	29	0	80	0	0	80	120	244	1284	0		0.000000
29	165	29	0	80	120	0	80	120	244	1284	0		0.000000
29	166	29	0	160	0	0	80	120	244	1284	0		0.000000
24	138	24	0	160	120	0	80	120	244	1014	0		0.000000
24	139	24	0	240	0	0	80	120	244	1014	0		0.000000
24	140	24	0	240	120	0	80	120	244	1014	0		0.000000
24	141	24	0	320	0	0	80	120	244	1014	0		0.000000
24	142	24	0	320	120	0	80	120	244	1014	0		0.000000
35	197	35	0	400	0	0	80	120	244	1280	0		0.000000
35	198	35	0	400	120	0	80	120	244	1280	0		0.000000
35	199	35	0	480	0	0	80	120	244	1280	0		0.000000
35	200	35	0	480	120	0	80	120	244	1280	0		0.000000
35	201	35	0	560	0	0	80	120	244	1280	0		0.000000
35	202	35	0	560	120	0	80	120	244	1280	0		0.000000
28	157	28	0	640	0	0	80	120	244	1322	0		0.000000
28	158	28	0	640	120	0	80	120	244	1322	0		0.000000
28	159	28	0	720	0	0	80	120	244	1322	0		0.000000
28	160	28	0	720	120	0	80	120	244	1322	0		0.000000
28	161	28	0	800	0	0	80	120	244	1322	0		0.000000


-------------------------------------------------------------------------------------------------------------------
Tour_Id:			11
No_of_Customers:		4
No_of_Items:			22
Customer_Sequence:		30 6 26 27 

CustId	Id	TypeId	Rotated	x	y	z	Length	Width	Height	mass	Fragility	LoadBearingStrength
27	151	27	0	0	0	0	80	120	244	1073	0		0.000000
27	152	27	0	0	120	0	80	120	244	1073	0		0.000000
27	153	27	0	80	0	0	80	120	244	1073	0		0.000000
27	154	27	0	80	120	0	80	120	244	1073	0		0.000000
27	155	27	0	160	0	0	80	120	244	1073	0		0.000000
27	156	27	0	160	120	0	80	120	244	1073	0		0.000000
26	147	26	0	240	0	0	80	120	244	1082	0		0.000000
26	148	26	0	240	120	0	80	120	244	1082	0		0.000000
26	149	26	0	320	0	0	80	120	244	1082	0		0.000000
26	150	26	0	320	120	0	80	120	244	1082	0		0.000000
6	31	6	0	400	0	0	80	120	244	1255	0		0.000000
6	32	6	0	400	120	0	80	120	244	1255	0		0.000000
6	33	6	0	480	0	0	80	120	244	1255	0		0.000000
6	34	6	0	480	120	0	80	120	244	1255	0		0.000000
6	35	6	0	560	0	0	80	120	244	1255	0		0.000000
6	36	6	0	560	120	0	80	120	244	1255	0		0.000000
30	167	30	0	640	0	0	80	120	244	1150	0		0.000000
30	168	30	0	640	120	0	80	120	244	1150	0		0.000000
30	169	30	0	720	0	0	80	120	244	1150	0		0.000000
30	170	30	0	720	120	0	80	120	244	1150	0		0.000000
30	171	30	0	800	0	0	80	120	244	1150	0		0.000000
30	172	30	0	800	120	0	80	120	244	1150	0		0.000000


-------------------------------------------------------------------------------------------------------------------
Tour_Id:			12
No_of_Customers:		3
No_of_Items:			19
Customer_Sequence:		36 31 49 

CustId	Id	TypeId	Rotated	x	y	z	Length	Width	Height	mass	Fragility	LoadBearingStrength
49	275	49	0	0	0	0	80	120	244	1262	0		0.000000
49	276	49	0	0	120	0	80	120	244	1262	0		0.000000
49	277	49	0	80	0	0	80	120	244	1262	0		0.000000
49	278	49	0	80	120	0	80	120	244	1262	0		0.000000
49	279	49	0	160	0	0	80	120	244	1262	0		0.000000
49	280	49	0	160	120	0	80	120	244	1262	0		0.000000
31	173	31	0	240	0	0	80	120	244	1373	0		0.000000
31	174	31	0	240	120	0	80	120	244	1373	0		0.000000
31	175	31	0	320	0	0	80	120	244	1373	0		0.000000
31	176	31	0	320	120	0	80	120	244	1373	0		0.000000
31	177	31	0	400	0	0	80	120	244	1373	0		0.000000
31	178	31	0	400	120	0	80	120	244	1373	0		0.000000
36	203	36	0	480	0	0	80	120	244	1041	0		0.000000
36	204	36	0	480	120	0	80	120	244	1041	0		0.000000
36	205	36	0	560	0	0	80	120	244	1041	0		0.000000
36	206	36	0	560	120	0	80	120	244	1041	0		0.000000
36	207	36	0	640	0	0	80	120	244	1041	0		0.000000
36	208	36	0	640	120	0	80	120	244	1041	0		0.000000
36	209	36	0	720	0	0	80	120	244	1041	0		0.000000


-------------------------------------------------------------------------------------------------------------------
Tour_Id:			13
No_of_Customers:		3
No_of_Items:			20
Customer_Sequence:		48 23 41 

CustId	Id	TypeId	Rotated	x	y	z	Length	Width	Height	mass	Fragility	LoadBearingStrength
41	233	41	0	0	0	0	80	120	244	1372	0		0.000000
41	234	41	0	0	120	0	80	120	244	1372	0		0.000000
41	235	41	0	80	0	0	80	120	244	1372	0		0.000000
41	236	41	0	80	120	0	80	120	244	1372	0		0.000000
41	237	41	0	160	0	0	80	120	244	1372	0		0.000000
41	238	41	0	160	120	0	80	120	244	1372	0		0.000000
41	239	41	0	240	0	0	80	120	244	1372	0		0.000000
23	131	23	0	240	120	0	80	120	244	1164	0		0.000000
23	132	23	0	320	0	0	80	120	244	1164	0		0.000000
23	133	23	0	320	120	0	80	120	244	1164	0		0.000000
23	134	23	0	400	0	0	80	120	244	1164	0		0.000000
23	135	23	0	400	120	0	80	120	244	1164	0		0.000000
23	136	23	0	480	0	0	80	120	244	1164	0		0.000000
23	137	23	0	480	120	0	80	120	244	1164	0		0.000000
48	269	48	0	560	0	0	80	120	244	1143	0		0.000000
48	270	48	0	560	120	0	80	120	244	1143	0		0.000000
48	271	48	0	640	0	0	80	120	244	1143	0		0.000000
48	272	48	0	640	120	0	80	120	244	1143	0		0.000000
48	273	48	0	720	0	0	80	120	244	1143	0		0.000000
48	274	48	0	720	120	0	80	120	244	1143	0		0.000000


-------------------------------------------------------------------------------------------------------------------
Tour_Id:			14
No_of_Customers:		2
No_of_Items:			13
Customer_Sequence:		17 22 

CustId	Id	TypeId	Rotated	x	y	z	Length	Width	Height	mass	Fragility	LoadBearingStrength
22	125	22	0	0	0	0	80	120	244	1464	0		0.000000
22	126	22	0	0	120	0	80	120	244	1464	0		0.000000
22	127	22	0	80	0	0	80	120	244	1464	0		0.000000
22	128	22	0	80	120	0	80	120	244	1464	0		0.000000
22	129	22	0	160	0	0	80	120	244	1464	0		0.000000
22	130	22	0	160	120	0	80	120	244	1464	0		0.000000
17	95	17	0	240	0	0	80	120	244	1332	0		0.000000
17	96	17	0	240	120	0	80	120	244	1332	0		0.000000
17	97	17	0	320	0	0	80	120	244	1332	0		0.000000
17	98	17	0	320	120	0	80	120	244	1332	0		0.000000
17	99	17	0	400	0	0	80	120	244	1332	0		0.000000
17	100	17	0	400	120	0	80	120	244	1332	0		0.000000
17	101	17	0	480	0	0	80	120	244	1332	0		0.000000


