Name:				052_n020_m200_bt10_3567
Problem:			3L-VRPTW
Number_of_used_Vehicles:	1
Total_Travel_Distance:		209.24
Calculation_Time:		105.31
Total_Iterations:		1
ConstraintSet:			P1

-------------------------------------------------------------------------------------------------------------------
Tour_Id:			1
No_of_Customers:		6
No_of_Items:			69
Customer_Sequence:		7 12 8 1 13 19 

CustId	Id	TypeId	Rotated	x	y	z	Length	Width	Height	mass	Fragility	LoadBearingStrength
19	183	4	0	0	0	0	11	7	6	107.45	0		6.563532
19	182	3	0	0	7	0	13	7	5	64.03	0		6.253563
19	184	5	0	0	14	0	10	5	8	74.18	0		5.158658
19	185	5	0	0	19	0	10	5	8	74.18	0		5.158658
19	186	6	0	0	7	5	7	6	5	21.66	0		3.613636
19	187	7	0	10	14	0	17	6	8	152.03	1		1.645841
19	188	7	0	0	14	8	17	6	8	152.03	1		1.645841
1	3	4	0	0	0	6	11	7	6	107.45	0		6.563532
19	190	8	0	0	20	8	7	5	6	49.78	1		1.460868
1	6	7	0	0	14	16	17	6	8	152.03	1		1.645841
13	124	4	0	11	0	0	11	7	6	107.45	0		6.563532
13	123	3	0	13	7	0	13	7	5	64.03	0		6.253563
13	125	5	0	7	7	5	10	5	8	74.18	0		5.158658
13	128	9	0	7	7	13	9	6	6	65.22	0		5.004437
13	121	1	0	7	12	5	13	2	6	20.93	0		2.474172
13	129	10	0	10	20	0	13	3	3	22.34	0		5.573092
13	130	10	0	10	20	3	13	3	3	22.34	0		5.573092
13	131	10	0	10	20	6	13	3	3	22.34	0		5.573092
13	126	7	0	26	7	0	17	6	8	152.03	1		1.645841
13	127	7	0	26	7	8	17	6	8	152.03	1		1.645841
1	2	4	0	0	0	12	11	7	6	107.45	0		6.563532
19	189	8	0	0	7	10	7	5	6	49.78	1		1.460868
1	1	3	0	0	0	18	13	7	5	64.03	0		6.253563
1	10	9	0	0	0	23	9	6	6	65.22	0		5.004437
1	11	9	0	7	7	19	9	6	6	65.22	0		5.004437
1	4	6	0	7	7	25	7	6	5	21.66	0		3.613636
1	5	6	0	11	0	6	7	6	5	21.66	0		3.613636
1	12	10	0	10	20	9	13	3	3	22.34	0		5.573092
1	8	8	0	0	20	14	7	5	6	49.78	1		1.460868
13	122	2	0	22	0	0	17	7	5	60.79	0		24.029025
1	7	7	0	22	0	5	17	6	8	152.03	1		1.645841
8	77	9	0	27	14	0	9	6	6	65.22	0		5.004437
8	78	9	0	27	14	6	9	6	6	65.22	0		5.004437
1	9	8	0	0	20	20	7	5	6	49.78	1		1.460868
8	73	4	0	36	14	0	11	7	6	107.45	0		6.563532
8	74	4	0	36	14	6	11	7	6	107.45	0		6.563532
8	72	3	0	27	14	12	13	7	5	64.03	0		6.253563
7	67	7	0	22	0	13	17	6	8	152.03	1		1.645841
8	71	2	0	27	14	17	17	7	5	60.79	0		24.029025
8	79	9	0	27	14	22	9	6	6	65.22	0		5.004437
8	70	1	0	10	23	0	13	2	6	20.93	0		2.474172
8	80	10	0	10	20	12	13	3	3	22.34	0		5.573092
8	81	10	0	10	20	15	13	3	3	22.34	0		5.573092
8	82	10	0	10	20	18	13	3	3	22.34	0		5.573092
8	75	8	0	0	14	24	7	5	6	49.78	1		1.460868
8	76	8	0	7	14	24	7	5	6	49.78	1		1.460868
12	111	2	0	39	0	0	17	7	5	60.79	0		24.029025
12	112	2	0	39	0	5	17	7	5	60.79	0		24.029025
12	113	2	0	43	7	0	17	7	5	60.79	0		24.029025
12	114	3	0	43	7	5	13	7	5	64.03	0		6.253563
12	115	3	0	43	7	10	13	7	5	64.03	0		6.253563
12	116	5	0	36	14	22	10	5	8	74.18	0		5.158658
12	118	9	0	43	7	15	9	6	6	65.22	0		5.004437
12	119	9	0	43	7	21	9	6	6	65.22	0		5.004437
12	109	1	0	10	23	6	13	2	6	20.93	0		2.474172
12	110	1	0	10	23	12	13	2	6	20.93	0		2.474172
12	120	10	0	36	21	0	13	3	3	22.34	0		5.573092
12	117	7	0	26	7	16	17	6	8	152.03	1		1.645841
7	59	2	0	39	0	10	17	7	5	60.79	0		24.029025
7	61	4	0	39	0	15	11	7	6	107.45	0		6.563532
7	62	4	0	39	0	21	11	7	6	107.45	0		6.563532
7	63	4	0	47	14	0	11	7	6	107.45	0		6.563532
7	60	3	0	47	14	6	13	7	5	64.03	0		6.253563
7	64	5	0	47	14	11	10	5	8	74.18	0		5.158658
7	65	5	0	47	14	19	10	5	8	74.18	0		5.158658
7	66	7	0	22	0	21	17	6	8	152.03	1		1.645841
1	13	10	0	23	20	0	13	3	3	22.34	0		5.573092
7	68	8	1	9	0	23	7	5	6	49.78	1		1.460868
7	69	8	0	50	0	15	7	5	6	49.78	1		1.460868


