Name:				259_n100_m200_bt3_11666
Problem:			3L-VRPTW
Number_of_used_Vehicles:	1
Total_Travel_Distance:		2731.96
Calculation_Time:		28.68
Total_Iterations:		1
ConstraintSet:			P1

-------------------------------------------------------------------------------------------------------------------
Tour_Id:			1
No_of_Customers:		71
No_of_Items:			144
Customer_Sequence:		33 56 2 4 22 55 19 26 15 54 1 13 66 46 72 39 17 43 71 3 62 24 25 58 44 68 29 60 10 35 23 27 49 14 41 52 12 16 51 63 45 67 37 61 34 70 6 32 64 74 20 50 5 48 36 28 57 31 8 73 7 9 53 65 11 47 18 42 21 59 40 

CustId	Id	TypeId	Rotated	x	y	z	Length	Width	Height	mass	Fragility	LoadBearingStrength
40	74	1	0	0	0	0	9	3	7	227.54	0		84.604200
40	75	3	0	0	3	0	14	2	5	116.90	0		63.572415
59	111	1	0	0	5	0	9	3	7	227.54	0		84.604200
59	112	1	0	0	8	0	9	3	7	227.54	0		84.604200
59	113	3	0	0	11	0	14	2	5	116.90	0		63.572415
21	38	3	0	0	13	0	14	2	5	116.90	0		63.572415
42	77	1	0	0	15	0	9	3	7	227.54	0		84.604200
42	78	1	0	0	18	0	9	3	7	227.54	0		84.604200
18	34	3	0	0	21	0	14	2	5	116.90	0		63.572415
47	85	1	0	0	11	5	9	3	7	227.54	0		84.604200
47	86	3	0	0	23	0	14	2	5	116.90	0		63.572415
47	87	3	0	0	3	5	14	2	5	116.90	0		63.572415
11	19	1	0	0	21	5	9	3	7	227.54	0		84.604200
11	20	2	0	0	5	7	6	6	7	216.36	1		7.545438
65	126	2	0	0	15	7	6	6	7	216.36	1		7.545438
65	127	2	0	0	5	14	6	6	7	216.36	1		7.545438
53	100	2	0	0	15	14	6	6	7	216.36	1		7.545438
9	14	1	0	0	0	7	9	3	7	227.54	0		84.604200
9	16	3	0	0	3	10	14	2	5	116.90	0		63.572415
9	15	2	0	0	5	21	6	6	7	216.36	1		7.545438
7	11	2	0	0	15	21	6	6	7	216.36	1		7.545438
73	145	3	0	0	3	15	14	2	5	116.90	0		63.572415
73	143	2	0	9	5	0	6	6	7	216.36	1		7.545438
73	144	2	0	6	5	7	6	6	7	216.36	1		7.545438
8	13	3	0	0	3	20	14	2	5	116.90	0		63.572415
8	12	2	0	6	5	14	6	6	7	216.36	1		7.545438
31	56	1	0	0	11	12	9	3	7	227.54	0		84.604200
31	58	3	0	0	3	25	14	2	5	116.90	0		63.572415
31	57	2	0	6	5	21	6	6	7	216.36	1		7.545438
57	108	1	0	0	21	12	9	3	7	227.54	0		84.604200
28	52	3	0	9	0	0	14	2	5	116.90	0		63.572415
36	67	3	0	9	15	0	14	2	5	116.90	0		63.572415
48	88	1	0	0	0	14	9	3	7	227.54	0		84.604200
5	8	3	0	9	17	0	14	2	5	116.90	0		63.572415
50	92	1	0	0	11	19	9	3	7	227.54	0		84.604200
50	93	3	0	9	19	0	14	2	5	116.90	0		63.572415
20	37	2	0	9	11	5	6	6	7	216.36	1		7.545438
74	146	1	0	0	21	19	9	3	7	227.54	0		84.604200
74	147	1	0	0	0	21	9	3	7	227.54	0		84.604200
74	148	1	0	9	17	5	9	3	7	227.54	0		84.604200
64	124	3	0	9	0	5	14	2	5	116.90	0		63.572415
64	125	3	0	9	0	10	14	2	5	116.90	0		63.572415
64	123	2	0	9	11	12	6	6	7	216.36	1		7.545438
32	59	1	0	9	17	12	9	3	7	227.54	0		84.604200
32	60	3	0	9	0	15	14	2	5	116.90	0		63.572415
6	9	2	0	9	11	19	6	6	7	216.36	1		7.545438
6	10	2	0	15	5	0	6	6	7	216.36	1		7.545438
70	136	3	0	9	0	20	14	2	5	116.90	0		63.572415
70	137	3	0	9	0	25	14	2	5	116.90	0		63.572415
70	135	2	0	12	5	7	6	6	7	216.36	1		7.545438
34	64	1	0	9	17	19	9	3	7	227.54	0		84.604200
34	65	3	0	14	3	0	14	2	5	116.90	0		63.572415
61	117	1	0	14	21	0	9	3	7	227.54	0		84.604200
61	118	1	0	14	21	7	9	3	7	227.54	0		84.604200
37	68	3	0	14	3	5	14	2	5	116.90	0		63.572415
37	69	3	0	14	3	10	14	2	5	116.90	0		63.572415
67	131	2	0	12	5	14	6	6	7	216.36	1		7.545438
45	82	1	0	14	21	14	9	3	7	227.54	0		84.604200
45	83	3	0	14	3	15	14	2	5	116.90	0		63.572415
63	122	3	0	14	3	20	14	2	5	116.90	0		63.572415
63	121	2	0	12	5	21	6	6	7	216.36	1		7.545438
51	94	1	0	14	21	21	9	3	7	227.54	0		84.604200
51	95	1	0	15	11	0	9	3	7	227.54	0		84.604200
51	96	1	0	15	11	7	9	3	7	227.54	0		84.604200
16	30	1	0	15	11	14	9	3	7	227.54	0		84.604200
16	31	1	0	15	11	21	9	3	7	227.54	0		84.604200
16	32	1	0	21	5	0	9	3	7	227.54	0		84.604200
12	21	1	0	21	8	0	9	3	7	227.54	0		84.604200
12	22	3	0	14	3	25	14	2	5	116.90	0		63.572415
52	97	1	0	21	5	7	9	3	7	227.54	0		84.604200
52	98	1	0	21	8	7	9	3	7	227.54	0		84.604200
52	99	3	0	23	0	0	14	2	5	116.90	0		63.572415
41	76	2	0	21	5	14	6	6	7	216.36	1		7.545438
14	25	2	0	21	5	21	6	6	7	216.36	1		7.545438
14	26	2	0	23	15	0	6	6	7	216.36	1		7.545438
14	27	2	0	23	15	7	6	6	7	216.36	1		7.545438
49	89	1	0	23	21	0	9	3	7	227.54	0		84.604200
49	90	1	0	23	21	7	9	3	7	227.54	0		84.604200
49	91	3	0	23	0	5	14	2	5	116.90	0		63.572415
27	51	1	0	23	21	14	9	3	7	227.54	0		84.604200
23	41	1	0	23	21	21	9	3	7	227.54	0		84.604200
23	42	1	0	24	11	0	9	3	7	227.54	0		84.604200
23	43	2	0	23	15	14	6	6	7	216.36	1		7.545438
35	66	2	0	23	15	21	6	6	7	216.36	1		7.545438
10	17	3	0	23	0	10	14	2	5	116.90	0		63.572415
10	18	3	0	23	0	15	14	2	5	116.90	0		63.572415
60	114	1	0	24	11	7	9	3	7	227.54	0		84.604200
60	116	3	0	23	0	20	14	2	5	116.90	0		63.572415
60	115	2	0	29	15	0	6	6	7	216.36	1		7.545438
29	53	1	0	24	11	14	9	3	7	227.54	0		84.604200
29	54	1	0	24	11	21	9	3	7	227.54	0		84.604200
68	132	1	0	30	5	0	9	3	7	227.54	0		84.604200
44	81	3	0	23	0	25	14	2	5	116.90	0		63.572415
58	109	1	0	30	8	0	9	3	7	227.54	0		84.604200
58	110	3	0	28	3	0	14	2	5	116.90	0		63.572415
25	46	1	0	30	5	7	9	3	7	227.54	0		84.604200
25	47	2	0	27	5	14	6	6	7	216.36	1		7.545438
24	44	1	0	32	21	0	9	3	7	227.54	0		84.604200
24	45	3	0	28	3	5	14	2	5	116.90	0		63.572415
62	119	1	0	32	21	7	9	3	7	227.54	0		84.604200
62	120	2	0	27	5	21	6	6	7	216.36	1		7.545438
3	6	3	0	28	3	10	14	2	5	116.90	0		63.572415
71	138	1	0	32	21	14	9	3	7	227.54	0		84.604200
71	140	3	0	28	3	15	14	2	5	116.90	0		63.572415
71	139	2	0	29	15	7	6	6	7	216.36	1		7.545438
43	79	1	0	32	21	21	9	3	7	227.54	0		84.604200
43	80	2	0	29	15	14	6	6	7	216.36	1		7.545438
17	33	1	0	33	11	0	9	3	7	227.54	0		84.604200
39	71	1	0	33	11	7	9	3	7	227.54	0		84.604200
39	73	3	0	28	3	20	14	2	5	116.90	0		63.572415
39	72	2	0	29	15	21	6	6	7	216.36	1		7.545438
72	141	2	0	35	15	0	6	6	7	216.36	1		7.545438
72	142	2	0	35	15	7	6	6	7	216.36	1		7.545438
46	84	2	0	35	15	14	6	6	7	216.36	1		7.545438
66	128	3	0	28	3	25	14	2	5	116.90	0		63.572415
66	129	3	0	37	0	0	14	2	5	116.90	0		63.572415
66	130	3	0	37	0	5	14	2	5	116.90	0		63.572415
13	23	2	0	35	15	21	6	6	7	216.36	1		7.545438
13	24	2	0	39	5	0	6	6	7	216.36	1		7.545438
1	1	3	0	37	0	10	14	2	5	116.90	0		63.572415
1	2	3	0	37	0	15	14	2	5	116.90	0		63.572415
54	101	1	0	33	11	14	9	3	7	227.54	0		84.604200
15	28	3	0	37	0	20	14	2	5	116.90	0		63.572415
15	29	3	0	37	0	25	14	2	5	116.90	0		63.572415
26	48	1	0	33	11	21	9	3	7	227.54	0		84.604200
26	50	3	0	41	15	0	14	2	5	116.90	0		63.572415
26	49	2	0	39	5	7	6	6	7	216.36	1		7.545438
19	35	1	0	41	17	0	9	3	7	227.54	0		84.604200
19	36	2	0	39	5	14	6	6	7	216.36	1		7.545438
55	102	3	0	41	20	0	14	2	5	116.90	0		63.572415
55	103	3	0	41	22	0	14	2	5	116.90	0		63.572415
55	104	3	0	41	15	5	14	2	5	116.90	0		63.572415
22	39	1	0	41	20	5	9	3	7	227.54	0		84.604200
22	40	2	0	39	5	21	6	6	7	216.36	1		7.545438
4	7	3	0	41	15	10	14	2	5	116.90	0		63.572415
2	3	1	0	41	17	7	9	3	7	227.54	0		84.604200
2	4	1	0	41	20	12	9	3	7	227.54	0		84.604200
2	5	2	0	45	5	0	6	6	7	216.36	1		7.545438
56	106	3	0	41	15	15	14	2	5	116.90	0		63.572415
56	107	3	0	41	15	20	14	2	5	116.90	0		63.572415
56	105	2	0	45	5	7	6	6	7	216.36	1		7.545438
33	61	3	0	41	15	25	14	2	5	116.90	0		63.572415
33	62	3	0	42	3	0	14	2	5	116.90	0		63.572415
33	63	3	0	42	11	0	14	2	5	116.90	0		63.572415


