Name:				348_n020_m400_bt3_16984
Problem:			3L-VRPTW
Number_of_used_Vehicles:	1
Total_Travel_Distance:		242.20
Calculation_Time:		97.80
Total_Iterations:		1
ConstraintSet:			P1

-------------------------------------------------------------------------------------------------------------------
Tour_Id:			1
No_of_Customers:		5
No_of_Items:			107
Customer_Sequence:		5 8 10 9 3 

CustId	Id	TypeId	Rotated	x	y	z	Length	Width	Height	mass	Fragility	LoadBearingStrength
5	98	1	0	0	0	0	12	3	6	63.42	0		3.562040
3	55	2	0	0	3	0	14	5	4	49.81	0		29.575814
3	54	2	0	0	8	0	14	5	4	49.81	0		29.575814
3	46	2	0	0	13	0	14	5	4	49.81	0		29.575814
3	47	2	0	0	18	0	14	5	4	49.81	0		29.575814
3	48	2	0	0	3	4	14	5	4	49.81	0		29.575814
3	49	2	0	0	8	4	14	5	4	49.81	0		29.575814
3	50	2	0	0	13	4	14	5	4	49.81	0		29.575814
3	51	2	0	0	18	4	14	5	4	49.81	0		29.575814
3	52	2	0	0	3	8	14	5	4	49.81	0		29.575814
3	53	2	0	0	8	8	14	5	4	49.81	0		29.575814
3	43	1	0	0	13	8	12	3	6	63.42	0		3.562040
3	45	1	0	0	16	8	12	3	6	63.42	0		3.562040
3	44	1	0	0	19	8	12	3	6	63.42	0		3.562040
3	42	1	0	0	3	12	12	3	6	63.42	0		3.562040
3	57	3	0	0	6	12	17	3	4	21.11	1		0.794200
3	58	3	0	0	9	12	17	3	4	21.11	1		0.794200
3	59	3	0	0	6	16	17	3	4	21.11	1		0.794200
3	60	3	0	0	9	16	17	3	4	21.11	1		0.794200
3	61	3	0	0	6	20	17	3	4	21.11	1		0.794200
3	62	3	0	0	9	20	17	3	4	21.11	1		0.794200
3	63	3	0	0	6	24	17	3	4	21.11	1		0.794200
3	64	3	0	0	9	24	17	3	4	21.11	1		0.794200
3	65	3	0	14	3	0	17	3	4	21.11	1		0.794200
9	193	2	0	0	13	14	14	5	4	49.81	0		29.575814
9	192	2	0	0	13	18	14	5	4	49.81	0		29.575814
9	191	2	0	0	13	22	14	5	4	49.81	0		29.575814
9	190	2	0	0	13	26	14	5	4	49.81	0		29.575814
9	189	2	0	14	13	0	14	5	4	49.81	0		29.575814
9	182	1	0	0	18	14	12	3	6	63.42	0		3.562040
9	188	1	0	0	3	18	12	3	6	63.42	0		3.562040
9	187	1	0	0	18	20	12	3	6	63.42	0		3.562040
9	186	1	0	0	3	24	12	3	6	63.42	0		3.562040
9	185	1	0	14	18	0	12	3	6	63.42	0		3.562040
9	184	1	0	14	21	0	12	3	6	63.42	0		3.562040
9	183	1	0	14	13	4	12	3	6	63.42	0		3.562040
9	181	1	0	14	18	6	12	3	6	63.42	0		3.562040
9	194	3	0	14	3	4	17	3	4	21.11	1		0.794200
9	195	3	0	14	3	8	17	3	4	21.11	1		0.794200
9	196	3	0	12	3	12	17	3	4	21.11	1		0.794200
9	197	3	0	12	3	16	17	3	4	21.11	1		0.794200
10	209	2	0	26	18	0	14	5	4	49.81	0		29.575814
10	208	2	0	26	18	4	14	5	4	49.81	0		29.575814
10	207	2	0	26	18	8	14	5	4	49.81	0		29.575814
10	206	2	0	26	18	12	14	5	4	49.81	0		29.575814
10	205	2	0	26	18	16	14	5	4	49.81	0		29.575814
10	204	2	0	26	18	20	14	5	4	49.81	0		29.575814
10	199	1	0	14	21	6	12	3	6	63.42	0		3.562040
10	203	1	0	14	13	10	12	3	6	63.42	0		3.562040
10	202	1	0	14	18	12	12	3	6	63.42	0		3.562040
10	201	1	0	14	21	12	12	3	6	63.42	0		3.562040
10	200	1	0	14	13	16	12	3	6	63.42	0		3.562040
10	198	1	0	14	18	18	12	3	6	63.42	0		3.562040
10	210	3	0	12	3	20	17	3	4	21.11	1		0.794200
10	211	3	0	12	3	24	17	3	4	21.11	1		0.794200
10	212	3	0	14	18	24	17	3	4	21.11	1		0.794200
10	213	3	0	28	13	0	17	3	4	21.11	1		0.794200
10	214	3	0	26	13	4	17	3	4	21.11	1		0.794200
10	215	3	0	26	13	8	17	3	4	21.11	1		0.794200
10	216	3	0	26	13	12	17	3	4	21.11	1		0.794200
10	217	3	0	26	13	16	17	3	4	21.11	1		0.794200
8	171	2	0	31	3	0	14	5	4	49.81	0		29.575814
8	170	2	0	31	8	0	14	5	4	49.81	0		29.575814
8	169	2	0	31	3	4	14	5	4	49.81	0		29.575814
8	168	2	0	31	8	4	14	5	4	49.81	0		29.575814
8	167	2	0	31	3	8	14	5	4	49.81	0		29.575814
8	164	2	0	31	8	8	14	5	4	49.81	0		29.575814
8	165	2	0	31	3	12	14	5	4	49.81	0		29.575814
8	166	2	0	29	3	16	14	5	4	49.81	0		29.575814
8	159	1	0	14	13	22	12	3	6	63.42	0		3.562040
8	163	1	0	29	3	20	12	3	6	63.42	0		3.562040
8	162	1	0	31	8	12	12	3	6	63.42	0		3.562040
8	161	1	0	31	8	18	12	3	6	63.42	0		3.562040
8	160	1	0	31	8	24	12	3	6	63.42	0		3.562040
8	158	1	0	31	18	24	12	3	6	63.42	0		3.562040
8	172	3	0	26	13	20	17	3	4	21.11	1		0.794200
8	173	3	0	26	13	24	17	3	4	21.11	1		0.794200
8	174	3	0	40	18	0	17	3	4	21.11	1		0.794200
8	175	3	0	40	21	0	17	3	4	21.11	1		0.794200
8	176	3	0	40	18	4	17	3	4	21.11	1		0.794200
8	177	3	0	40	21	4	17	3	4	21.11	1		0.794200
8	178	3	0	40	18	8	17	3	4	21.11	1		0.794200
3	56	2	0	14	6	0	14	5	4	49.81	0		29.575814
8	180	3	0	40	21	8	17	3	4	21.11	1		0.794200
5	104	2	0	45	3	0	14	5	4	49.81	0		29.575814
5	103	2	0	45	8	0	14	5	4	49.81	0		29.575814
5	102	2	0	45	13	0	14	5	4	49.81	0		29.575814
5	101	2	0	45	3	4	14	5	4	49.81	0		29.575814
5	100	2	0	45	8	4	14	5	4	49.81	0		29.575814
5	99	2	0	45	13	4	14	5	4	49.81	0		29.575814
5	91	1	0	0	0	6	12	3	6	63.42	0		3.562040
8	179	3	0	40	18	12	17	3	4	21.11	1		0.794200
5	97	1	0	0	0	12	12	3	6	63.42	0		3.562040
5	96	1	0	0	0	18	12	3	6	63.42	0		3.562040
5	95	1	0	0	0	24	12	3	6	63.42	0		3.562040
5	94	1	0	12	0	0	12	3	6	63.42	0		3.562040
5	93	1	0	12	0	6	12	3	6	63.42	0		3.562040
5	92	1	0	12	0	12	12	3	6	63.42	0		3.562040
5	90	1	0	12	0	18	12	3	6	63.42	0		3.562040
5	105	3	0	24	0	0	17	3	4	21.11	1		0.794200
5	106	3	0	24	0	4	17	3	4	21.11	1		0.794200
5	107	3	0	24	0	8	17	3	4	21.11	1		0.794200
5	108	3	0	24	0	12	17	3	4	21.11	1		0.794200
5	109	3	0	24	0	16	17	3	4	21.11	1		0.794200
5	110	3	0	24	0	20	17	3	4	21.11	1		0.794200
5	111	3	0	12	0	24	17	3	4	21.11	1		0.794200
5	112	3	0	40	21	12	17	3	4	21.11	1		0.794200


