Name:				349_n020_m400_bt3_17022
Problem:			3L-VRPTW
Number_of_used_Vehicles:	1
Total_Travel_Distance:		149.00
Calculation_Time:		6.61
Total_Iterations:		1
ConstraintSet:			P1

-------------------------------------------------------------------------------------------------------------------
Tour_Id:			1
No_of_Customers:		4
No_of_Items:			82
Customer_Sequence:		5 10 6 2 

CustId	Id	TypeId	Rotated	x	y	z	Length	Width	Height	mass	Fragility	LoadBearingStrength
2	35	2	0	0	0	0	11	7	6	119.64	0		12.724094
2	34	2	0	0	7	0	11	7	6	119.64	0		12.724094
2	33	2	0	0	14	0	11	7	6	119.64	0		12.724094
2	32	2	0	0	0	6	11	7	6	119.64	0		12.724094
2	31	2	0	0	7	6	11	7	6	119.64	0		12.724094
2	30	2	0	0	14	6	11	7	6	119.64	0		12.724094
2	24	1	0	0	0	12	10	5	4	33.22	0		2.261606
2	29	1	0	0	5	12	10	5	4	33.22	0		2.261606
2	28	1	0	0	10	12	10	5	4	33.22	0		2.261606
2	27	1	0	0	15	12	10	5	4	33.22	0		2.261606
2	26	1	0	0	0	16	10	5	4	33.22	0		2.261606
2	25	1	0	0	5	16	10	5	4	33.22	0		2.261606
2	23	1	0	0	10	16	10	5	4	33.22	0		2.261606
2	36	3	0	0	21	0	11	3	6	26.68	1		1.023480
2	37	3	0	0	21	6	11	3	6	26.68	1		1.023480
2	38	3	0	0	20	12	11	3	6	26.68	1		1.023480
2	39	3	0	0	15	16	11	3	6	26.68	1		1.023480
2	40	3	0	0	20	18	11	3	6	26.68	1		1.023480
6	112	2	0	0	0	20	11	7	6	119.64	0		12.724094
6	111	2	0	0	7	20	11	7	6	119.64	0		12.724094
6	100	2	0	11	0	0	11	7	6	119.64	0		12.724094
6	101	2	0	11	7	0	11	7	6	119.64	0		12.724094
6	102	2	0	11	14	0	11	7	6	119.64	0		12.724094
6	103	2	0	11	0	6	11	7	6	119.64	0		12.724094
6	104	2	0	10	0	12	11	7	6	119.64	0		12.724094
6	105	2	0	11	7	6	11	7	6	119.64	0		12.724094
6	106	2	0	10	7	12	11	7	6	119.64	0		12.724094
6	107	2	0	11	14	6	11	7	6	119.64	0		12.724094
6	108	2	0	11	14	12	11	7	6	119.64	0		12.724094
6	109	2	0	11	14	18	11	7	6	119.64	0		12.724094
6	110	2	0	11	14	24	11	7	6	119.64	0		12.724094
6	98	1	0	0	0	26	10	5	4	33.22	0		2.261606
6	99	1	0	0	5	26	10	5	4	33.22	0		2.261606
6	97	1	0	0	10	26	10	5	4	33.22	0		2.261606
6	113	3	0	0	15	22	11	3	6	26.68	1		1.023480
6	114	3	0	0	20	24	11	3	6	26.68	1		1.023480
6	115	3	0	11	21	0	11	3	6	26.68	1		1.023480
6	116	3	0	11	21	6	11	3	6	26.68	1		1.023480
6	117	3	0	11	21	12	11	3	6	26.68	1		1.023480
6	118	3	0	11	21	18	11	3	6	26.68	1		1.023480
6	119	3	0	11	21	24	11	3	6	26.68	1		1.023480
6	120	3	0	22	0	0	11	3	6	26.68	1		1.023480
10	199	2	0	22	3	0	11	7	6	119.64	0		12.724094
10	198	2	0	22	10	0	11	7	6	119.64	0		12.724094
10	197	2	0	22	17	0	11	7	6	119.64	0		12.724094
10	196	2	0	22	3	6	11	7	6	119.64	0		12.724094
10	195	2	0	22	10	6	11	7	6	119.64	0		12.724094
10	194	2	1	21	0	12	11	7	6	119.64	0		12.724094
10	193	2	1	21	0	18	11	7	6	119.64	0		12.724094
10	191	2	1	21	0	24	11	7	6	119.64	0		12.724094
10	192	2	0	22	17	6	11	7	6	119.64	0		12.724094
10	184	1	0	22	14	12	10	5	4	33.22	0		2.261606
10	190	1	0	22	19	12	10	5	4	33.22	0		2.261606
10	189	1	0	22	14	16	10	5	4	33.22	0		2.261606
10	188	1	0	22	19	16	10	5	4	33.22	0		2.261606
10	187	1	0	22	14	20	10	5	4	33.22	0		2.261606
10	186	1	0	22	19	20	10	5	4	33.22	0		2.261606
10	185	1	0	22	14	24	10	5	4	33.22	0		2.261606
10	183	1	0	22	19	24	10	5	4	33.22	0		2.261606
10	200	3	0	21	11	12	11	3	6	26.68	1		1.023480
10	201	3	0	21	11	18	11	3	6	26.68	1		1.023480
10	202	3	0	21	11	24	11	3	6	26.68	1		1.023480
10	203	3	0	33	0	0	11	3	6	26.68	1		1.023480
5	88	2	0	33	3	0	11	7	6	119.64	0		12.724094
5	87	2	0	33	10	0	11	7	6	119.64	0		12.724094
5	86	2	0	33	17	0	11	7	6	119.64	0		12.724094
5	85	2	0	33	3	6	11	7	6	119.64	0		12.724094
5	84	2	0	33	10	6	11	7	6	119.64	0		12.724094
5	79	1	0	32	11	12	10	5	4	33.22	0		2.261606
5	83	1	0	32	11	16	10	5	4	33.22	0		2.261606
5	82	1	0	32	11	20	10	5	4	33.22	0		2.261606
5	81	1	0	32	11	24	10	5	4	33.22	0		2.261606
5	80	1	0	33	17	6	10	5	4	33.22	0		2.261606
5	78	1	0	33	17	10	10	5	4	33.22	0		2.261606
5	89	3	0	33	0	6	11	3	6	26.68	1		1.023480
5	90	3	0	33	0	12	11	3	6	26.68	1		1.023480
5	91	3	0	33	3	12	11	3	6	26.68	1		1.023480
5	92	3	0	33	6	12	11	3	6	26.68	1		1.023480
5	93	3	0	33	17	14	11	3	6	26.68	1		1.023480
5	94	3	0	33	0	18	11	3	6	26.68	1		1.023480
5	95	3	0	33	3	18	11	3	6	26.68	1		1.023480
5	96	3	0	33	6	18	11	3	6	26.68	1		1.023480


