Name:				351_n020_m400_bt10_17262
Problem:			3L-VRPTW
Number_of_used_Vehicles:	1
Total_Travel_Distance:		184.24
Calculation_Time:		54.91
Total_Iterations:		1
ConstraintSet:			P1

-------------------------------------------------------------------------------------------------------------------
Tour_Id:			1
No_of_Customers:		4
No_of_Items:			87
Customer_Sequence:		8 12 10 9 

CustId	Id	TypeId	Rotated	x	y	z	Length	Width	Height	mass	Fragility	LoadBearingStrength
9	160	2	0	0	0	0	17	4	8	45.43	0		5.792571
9	159	2	0	0	4	0	17	4	8	45.43	0		5.792571
9	165	6	0	0	8	0	12	7	6	48.22	0		6.897513
9	164	6	0	0	15	0	12	7	6	48.22	0		6.897513
9	155	1	0	0	8	6	12	6	7	35.74	0		1.428933
9	157	1	0	0	14	6	12	6	7	35.74	0		1.428933
9	158	1	0	0	0	8	12	6	7	35.74	0		1.428933
9	156	1	0	0	8	13	12	6	7	35.74	0		1.428933
9	154	1	0	0	14	13	12	6	7	35.74	0		1.428933
9	170	8	0	0	0	15	10	5	6	38.74	1		1.147328
9	171	9	0	0	8	20	15	4	4	37.59	0		20.537726
9	175	10	0	0	22	0	9	3	7	18.66	0		4.056756
9	174	10	0	0	22	7	9	3	7	18.66	0		4.056756
10	183	5	0	0	22	14	12	3	4	11.91	0		2.122379
9	167	7	0	0	12	20	9	3	6	14.05	0		2.095318
9	166	7	0	0	15	20	9	3	6	14.05	0		2.095318
9	163	5	0	0	8	24	12	3	4	11.91	0		2.122379
9	168	8	0	0	0	21	10	5	6	38.74	1		1.147328
9	169	8	0	12	8	0	10	5	6	38.74	1		1.147328
9	172	9	0	12	13	0	15	4	4	37.59	0		20.537726
9	162	4	0	0	20	6	15	2	3	11.40	1		0.718396
9	161	4	0	0	6	8	15	2	3	11.40	1		0.718396
10	178	2	0	12	13	4	17	4	8	45.43	0		5.792571
10	179	2	0	12	13	12	17	4	8	45.43	0		5.792571
10	186	6	0	17	0	0	12	7	6	48.22	0		6.897513
10	192	9	0	9	12	20	15	4	4	37.59	0		20.537726
10	176	1	0	17	0	6	12	6	7	35.74	0		1.428933
10	191	9	0	9	12	24	15	4	4	37.59	0		20.537726
10	177	1	0	17	0	13	12	6	7	35.74	0		1.428933
10	193	10	0	0	22	18	9	3	7	18.66	0		4.056756
10	194	10	0	9	22	0	9	3	7	18.66	0		4.056756
10	195	10	0	9	22	7	9	3	7	18.66	0		4.056756
10	187	7	0	12	17	0	9	3	6	14.05	0		2.095318
10	188	7	0	12	17	6	9	3	6	14.05	0		2.095318
10	189	7	0	12	17	12	9	3	6	14.05	0		2.095318
9	173	10	0	22	8	0	9	3	7	18.66	0		4.056756
10	184	5	0	0	22	25	12	3	4	11.91	0		2.122379
10	185	5	0	12	17	18	12	3	4	11.91	0		2.122379
10	190	8	0	17	0	20	10	5	6	38.74	1		1.147328
10	180	4	0	0	20	9	15	2	3	11.40	1		0.718396
10	181	4	0	0	6	11	15	2	3	11.40	1		0.718396
10	182	4	0	0	20	12	15	2	3	11.40	1		0.718396
12	219	2	0	29	0	0	17	4	8	45.43	0		5.792571
12	220	2	0	29	4	0	17	4	8	45.43	0		5.792571
12	221	2	0	29	0	8	17	4	8	45.43	0		5.792571
12	222	2	0	29	4	8	17	4	8	45.43	0		5.792571
12	230	6	0	29	0	16	12	7	6	48.22	0		6.897513
12	229	6	0	29	0	22	12	7	6	48.22	0		6.897513
12	216	1	0	31	8	0	12	6	7	35.74	0		1.428933
12	217	1	0	31	14	0	12	6	7	35.74	0		1.428933
12	218	1	0	31	8	7	12	6	7	35.74	0		1.428933
12	215	1	0	31	14	7	12	6	7	35.74	0		1.428933
12	235	9	0	31	20	0	15	4	4	37.59	0		20.537726
12	234	9	0	31	20	4	15	4	4	37.59	0		20.537726
12	233	9	0	31	20	8	15	4	4	37.59	0		20.537726
12	236	10	0	12	17	22	9	3	7	18.66	0		4.056756
12	231	7	0	18	22	0	9	3	6	14.05	0		2.095318
12	228	5	0	18	22	6	12	3	4	11.91	0		2.122379
12	227	5	0	18	22	10	12	3	4	11.91	0		2.122379
12	226	5	0	12	22	14	12	3	4	11.91	0		2.122379
12	225	5	0	12	22	18	12	3	4	11.91	0		2.122379
12	223	3	0	22	8	7	6	4	5	19.33	0		17.116971
12	232	8	0	31	20	12	10	5	6	38.74	1		1.147328
12	224	4	0	0	6	14	15	2	3	11.40	1		0.718396
8	135	2	0	43	8	0	17	4	8	45.43	0		5.792571
8	133	1	0	31	8	14	12	6	7	35.74	0		1.428933
8	143	6	0	31	8	21	12	7	6	48.22	0		6.897513
8	132	1	0	31	14	14	12	6	7	35.74	0		1.428933
8	152	10	0	12	22	22	9	3	7	18.66	0		4.056756
8	134	1	0	31	15	21	12	6	7	35.74	0		1.428933
8	131	1	0	43	12	0	12	6	7	35.74	0		1.428933
8	153	10	0	43	12	7	9	3	7	18.66	0		4.056756
8	144	6	0	46	0	0	12	7	6	48.22	0		6.897513
8	151	10	0	43	15	7	9	3	7	18.66	0		4.056756
8	150	10	0	43	8	8	9	3	7	18.66	0		4.056756
8	145	7	0	43	12	14	9	3	6	14.05	0		2.095318
8	146	7	0	43	15	14	9	3	6	14.05	0		2.095318
8	142	5	0	43	8	15	12	3	4	11.91	0		2.122379
8	141	5	0	43	8	19	12	3	4	11.91	0		2.122379
8	140	5	0	43	12	20	12	3	4	11.91	0		2.122379
8	136	3	0	41	20	12	6	4	5	19.33	0		17.116971
8	147	8	0	46	20	0	10	5	6	38.74	1		1.147328
8	148	8	0	46	0	6	10	5	6	38.74	1		1.147328
8	149	8	0	46	0	12	10	5	6	38.74	1		1.147328
8	139	4	0	31	8	27	15	2	3	11.40	1		0.718396
8	138	4	0	31	10	27	15	2	3	11.40	1		0.718396
8	137	4	0	31	12	27	15	2	3	11.40	1		0.718396


