Name:				414_n060_m400_bt10_21003
Problem:			3L-VRPTW
Number_of_used_Vehicles:	1
Total_Travel_Distance:		701.97
Calculation_Time:		1016.94
Total_Iterations:		1
ConstraintSet:			P1

-------------------------------------------------------------------------------------------------------------------
Tour_Id:			1
No_of_Customers:		18
No_of_Items:			128
Customer_Sequence:		21 9 20 8 2 23 1 12 17 11 18 13 19 5 16 3 4 6 

CustId	Id	TypeId	Rotated	x	y	z	Length	Width	Height	mass	Fragility	LoadBearingStrength
6	37	2	0	0	0	0	13	2	7	72.95	0		26.755039
6	39	7	0	0	2	0	8	2	8	75.27	0		25.343251
6	40	7	0	0	4	0	8	2	8	75.27	0		25.343251
6	38	4	0	0	6	0	6	3	7	84.34	0		19.204971
6	41	9	0	0	9	0	7	4	3	119.86	1		8.484811
4	24	2	0	0	13	0	13	2	7	72.95	0		26.755039
4	27	7	0	0	15	0	8	2	8	75.27	0		25.343251
4	26	4	0	0	17	0	6	3	7	84.34	0		19.204971
4	25	3	0	0	20	0	17	2	7	92.86	1		3.457582
4	28	9	0	0	9	3	7	4	3	119.86	1		8.484811
3	17	2	0	0	22	0	13	2	7	72.95	0		26.755039
3	22	10	0	8	2	0	16	5	3	76.05	0		11.195542
3	23	10	0	8	7	0	16	5	3	76.05	0		11.195542
3	20	6	0	8	15	0	17	5	5	171.56	0		6.987871
3	18	2	0	0	0	7	13	2	7	72.95	0		26.755039
3	21	7	0	0	6	7	8	2	8	75.27	0		25.343251
3	19	3	0	0	13	7	17	2	7	92.86	1		3.457582
16	98	6	0	8	2	3	17	5	5	171.56	0		6.987871
16	97	2	0	0	22	7	13	2	7	72.95	0		26.755039
16	99	8	0	0	2	8	8	4	5	83.87	0		24.801288
16	96	1	0	0	15	8	10	2	6	50.28	0		19.435934
16	100	9	0	0	9	6	7	4	3	119.86	1		8.484811
5	34	6	0	8	7	3	17	5	5	171.56	0		6.987871
5	32	5	0	8	2	8	10	6	6	104.88	0		21.691226
5	33	5	0	8	2	14	10	6	6	104.88	0		21.691226
5	36	8	0	0	2	13	8	4	5	83.87	0		24.801288
1	7	10	0	8	8	8	16	5	3	76.05	0		11.195542
5	30	4	0	0	17	7	6	3	7	84.34	0		19.204971
5	31	4	0	0	15	14	6	3	7	84.34	0		19.204971
5	29	1	0	0	0	14	10	2	6	50.28	0		19.435934
19	118	6	0	17	20	0	17	5	5	171.56	0		6.987871
19	117	5	0	8	2	20	10	6	6	104.88	0		21.691226
19	121	10	0	17	20	5	16	5	3	76.05	0		11.195542
19	122	10	0	17	20	8	16	5	3	76.05	0		11.195542
19	123	10	0	17	20	11	16	5	3	76.05	0		11.195542
19	120	8	0	17	20	14	8	4	5	83.87	0		24.801288
19	119	7	0	0	18	14	8	2	8	75.27	0		25.343251
19	116	1	0	0	22	14	10	2	6	50.28	0		19.435934
13	81	6	0	25	15	0	17	5	5	171.56	0		6.987871
13	82	6	0	25	15	5	17	5	5	171.56	0		6.987871
18	113	5	0	42	15	0	10	6	6	104.88	0		21.691226
13	84	8	0	17	20	19	8	4	5	83.87	0		24.801288
13	83	7	0	0	0	20	8	2	8	75.27	0		25.343251
13	80	4	0	0	15	21	6	3	7	84.34	0		19.204971
13	79	2	0	0	22	20	13	2	7	72.95	0		26.755039
18	112	2	0	13	0	0	13	2	7	72.95	0		26.755039
18	111	2	0	13	0	7	13	2	7	72.95	0		26.755039
18	115	10	0	25	15	10	16	5	3	76.05	0		11.195542
20	127	3	0	0	13	14	17	2	7	92.86	1		3.457582
18	110	1	0	0	18	22	10	2	6	50.28	0		19.435934
11	68	10	0	25	15	13	16	5	3	76.05	0		11.195542
11	69	10	0	25	15	16	16	5	3	76.05	0		11.195542
11	62	2	0	10	0	14	13	2	7	72.95	0		26.755039
11	64	4	0	18	2	8	6	3	7	84.34	0		19.204971
11	65	4	0	18	5	8	6	3	7	84.34	0		19.204971
11	61	1	0	10	0	21	10	2	6	50.28	0		19.435934
11	63	3	0	25	15	19	17	2	7	92.86	1		3.457582
11	66	9	0	0	9	9	7	4	3	119.86	1		8.484811
11	67	9	0	0	9	12	7	4	3	119.86	1		8.484811
17	106	6	0	26	0	0	17	5	5	171.56	0		6.987871
17	105	5	0	26	5	0	10	6	6	104.88	0		21.691226
17	109	10	0	26	0	5	16	5	3	76.05	0		11.195542
17	102	2	0	24	2	8	13	2	7	72.95	0		26.755039
17	103	2	0	18	2	15	13	2	7	72.95	0		26.755039
17	108	8	0	17	20	24	8	4	5	83.87	0		24.801288
17	107	7	0	18	4	15	8	2	8	75.27	0		25.343251
17	104	4	0	25	20	14	6	3	7	84.34	0		19.204971
17	101	1	0	18	2	22	10	2	6	50.28	0		19.435934
12	73	6	0	36	5	0	17	5	5	171.56	0		6.987871
23	147	4	0	8	8	11	6	3	7	84.34	0		19.204971
12	70	1	0	18	4	23	10	2	6	50.28	0		19.435934
12	76	8	0	26	11	0	8	4	5	83.87	0		24.801288
12	75	7	0	18	6	15	8	2	8	75.27	0		25.343251
12	78	10	0	36	10	0	16	5	3	76.05	0		11.195542
12	71	3	0	25	17	19	17	2	7	92.86	1		3.457582
12	72	3	0	26	0	8	17	2	7	92.86	1		3.457582
1	1	2	0	8	11	11	13	2	7	72.95	0		26.755039
1	3	6	0	36	10	3	17	5	5	171.56	0		6.987871
23	148	4	0	8	8	18	6	3	7	84.34	0		19.204971
12	77	9	0	0	9	15	7	4	3	119.86	1		8.484811
1	2	2	0	8	11	18	13	2	7	72.95	0		26.755039
1	4	8	0	26	11	5	8	4	5	83.87	0		24.801288
1	5	9	0	0	9	18	7	4	3	119.86	1		8.484811
1	6	9	0	0	9	21	7	4	3	119.86	1		8.484811
23	149	6	0	36	5	5	17	5	5	171.56	0		6.987871
23	150	6	0	36	10	8	17	5	5	171.56	0		6.987871
23	151	8	0	8	8	25	8	4	5	83.87	0		24.801288
23	146	3	0	26	0	15	17	2	7	92.86	1		3.457582
12	74	6	0	43	0	0	17	5	5	171.56	0		6.987871
5	35	7	0	0	6	15	8	2	8	75.27	0		25.343251
23	152	8	0	36	5	10	8	4	5	83.87	0		24.801288
23	153	9	0	25	15	26	7	4	3	119.86	1		8.484811
2	12	6	0	43	0	5	17	5	5	171.56	0		6.987871
2	8	5	0	42	15	6	10	6	6	104.88	0		21.691226
2	9	5	0	42	15	12	10	6	6	104.88	0		21.691226
2	10	5	0	42	15	18	10	6	6	104.88	0		21.691226
2	11	5	0	42	15	24	10	6	6	104.88	0		21.691226
2	16	10	0	43	0	10	16	5	3	76.05	0		11.195542
20	124	1	0	18	6	23	10	2	6	50.28	0		19.435934
2	14	9	0	32	15	26	7	4	3	119.86	1		8.484811
2	15	9	0	36	5	15	7	4	3	119.86	1		8.484811
8	49	6	0	43	0	13	17	5	5	171.56	0		6.987871
8	50	6	0	43	0	18	17	5	5	171.56	0		6.987871
8	51	6	0	43	0	23	17	5	5	171.56	0		6.987871
8	52	6	1	53	5	0	17	5	5	171.56	0		6.987871
8	48	2	0	36	10	13	13	2	7	72.95	0		26.755039
8	53	8	0	42	21	0	8	4	5	83.87	0		24.801288
8	47	1	0	25	23	14	10	2	6	50.28	0		19.435934
20	131	10	1	53	5	5	16	5	3	76.05	0		11.195542
20	130	7	0	25	23	20	8	2	8	75.27	0		25.343251
20	128	4	0	36	12	13	6	3	7	84.34	0		19.204971
20	129	4	0	36	10	20	6	3	7	84.34	0		19.204971
2	13	7	0	25	20	21	8	2	8	75.27	0		25.343251
20	125	1	0	42	21	5	10	2	6	50.28	0		19.435934
20	126	3	0	0	13	21	17	2	7	92.86	1		3.457582
18	114	7	0	34	20	0	8	2	8	75.27	0		25.343251
9	56	10	1	53	5	8	16	5	3	76.05	0		11.195542
9	54	4	0	42	12	13	6	3	7	84.34	0		19.204971
9	55	9	0	36	5	18	7	4	3	119.86	1		8.484811
21	140	10	1	53	5	11	16	5	3	76.05	0		11.195542
21	138	8	0	42	10	20	8	4	5	83.87	0		24.801288
21	137	4	0	53	22	0	6	3	7	84.34	0		19.204971
21	132	3	1	53	5	14	17	2	7	92.86	1		3.457582
21	133	3	1	53	5	21	17	2	7	92.86	1		3.457582
21	134	3	1	55	5	14	17	2	7	92.86	1		3.457582
21	135	3	1	55	5	21	17	2	7	92.86	1		3.457582
21	136	3	1	58	5	0	17	2	7	92.86	1		3.457582
21	139	9	0	36	5	21	7	4	3	119.86	1		8.484811


