Name:				105_Manual_n200_m300_bt10_5
Problem:			3L-VRPTW
Number_of_used_Vehicles:	6
Total_Travel_Distance:		185.277
Total_Unloading_Effort:		41.904
Total_Travel_Time:		1243.28
Calculation_Time:			3600
Total_Iterations:		27
ConstraintSet:			P22

-------------------------------------------------------------------------------------------------------------------
Tour_Id:			1
No_of_Customers:		33
No_of_Items:			46
Customer_Sequence:		127 84 52 20 87 154 158 115 153 200 199 44 61 102 160 151 3 30 152 112 107 32 69 48 15 137 191 85 177 4 180 8 19 

CustId	Id	TypeId	Rotated	x	y	z	Length	Width	Height	mass	Fragility	LoadBearingStrength
19	24	9	0	0	0	0	92	60	60	15.08	0		0.013700
8	9	2	0	0	60	0	44	59	44	4.19	0		0.008100
180	267	7	0	0	0	60	103	60	60	17.28	0		0.014000
180	268	9	0	0	0	120	92	60	60	15.08	0		0.013700
4	5	5	0	0	119	0	29	21	23	4.69	0		0.038500
177	264	5	0	0	140	0	29	21	23	4.69	0		0.038500
85	124	9	0	44	60	0	92	60	60	15.08	0		0.013700
191	286	10	0	29	120	0	44	45	53	2.90	0		0.007300
137	206	9	0	44	60	60	92	60	60	15.08	0		0.013700
137	207	10	0	29	120	53	44	45	53	2.90	0		0.007300
15	19	4	0	29	120	106	35	24	55	2.08	0		0.012400
48	67	1	1	29	144	106	25	43	29	1.03	0		0.004800
69	99	6	0	44	60	120	32	50	38	4.66	0		0.014600
32	42	10	0	73	120	0	44	45	53	2.90	0		0.007300
107	157	7	0	103	0	0	103	60	60	17.28	0		0.014000
107	156	5	0	29	144	135	29	21	23	4.69	0		0.038500
112	167	7	0	103	0	60	103	60	60	17.28	0		0.014000
112	165	4	0	73	120	53	35	24	55	2.08	0		0.012400
112	166	4	0	73	144	53	35	24	55	2.08	0		0.012400
152	230	6	0	72	120	108	32	50	38	4.66	0		0.014600
152	229	4	0	76	60	120	35	24	55	2.08	0		0.012400
30	40	2	0	92	0	120	44	59	44	4.19	0		0.008100
3	4	7	0	136	60	0	103	60	60	17.28	0		0.014000
3	3	5	0	29	144	158	29	21	23	4.69	0		0.038500
151	228	7	0	136	60	60	103	60	60	17.28	0		0.014000
160	240	4	0	76	84	120	35	24	55	2.08	0		0.012400
160	241	5	0	29	120	161	29	21	23	4.69	0		0.038500
102	151	5	0	72	120	146	29	21	23	4.69	0		0.038500
61	86	9	0	111	59	120	92	60	60	15.08	0		0.013700
44	62	9	0	206	0	0	92	60	60	15.08	0		0.013700
44	61	8	0	117	120	0	53	52	57	4.76	0		0.008600
44	60	2	1	108	120	57	44	59	44	4.19	0		0.008100
199	298	7	0	206	0	60	103	60	60	17.28	0		0.014000
199	299	8	0	108	120	101	53	52	57	4.76	0		0.008600
200	300	3	0	136	0	120	43	22	45	4.51	0		0.023800
153	232	8	0	170	120	0	53	52	57	4.76	0		0.008600
153	231	3	0	136	22	120	43	22	45	4.51	0		0.023800
115	170	10	0	167	120	57	44	45	53	2.90	0		0.007300
158	237	10	0	161	120	110	44	45	53	2.90	0		0.007300
154	233	6	0	179	0	120	32	50	38	4.66	0		0.014600
87	126	9	0	211	0	120	92	60	60	15.08	0		0.013700
20	25	5	0	161	120	163	29	21	23	4.69	0		0.038500
52	75	9	1	239	60	0	92	60	60	15.08	0		0.013700
84	122	9	1	239	60	60	92	60	60	15.08	0		0.013700
84	123	10	0	205	60	120	44	45	53	2.90	0		0.007300
127	192	5	0	161	141	163	29	21	23	4.69	0		0.038500


-------------------------------------------------------------------------------------------------------------------
Tour_Id:			2
No_of_Customers:		35
No_of_Items:			56
Customer_Sequence:		134 132 117 92 189 171 34 6 121 113 188 88 155 185 13 62 100 110 118 97 26 157 135 49 86 10 133 94 23 105 174 33 93 70 36 

CustId	Id	TypeId	Rotated	x	y	z	Length	Width	Height	mass	Fragility	LoadBearingStrength
36	47	8	0	0	0	0	53	52	57	4.76	0		0.008600
70	100	2	0	0	52	0	44	59	44	4.19	0		0.008100
93	135	7	0	0	111	0	103	60	60	17.28	0		0.014000
93	136	10	0	0	52	44	44	45	53	2.90	0		0.007300
93	137	10	0	0	0	57	44	45	53	2.90	0		0.007300
93	134	3	0	0	111	60	43	22	45	4.51	0		0.023800
93	133	1	1	0	133	60	25	43	29	1.03	0		0.004800
33	43	9	0	53	0	0	92	60	60	15.08	0		0.013700
174	260	8	0	43	111	60	53	52	57	4.76	0		0.008600
174	259	1	1	0	133	89	25	43	29	1.03	0		0.004800
105	154	2	0	0	52	97	44	59	44	4.19	0		0.008100
23	32	9	0	44	0	60	92	60	60	15.08	0		0.013700
23	31	4	0	0	0	110	35	24	55	2.08	0		0.012400
23	30	1	1	0	24	110	25	43	29	1.03	0		0.004800
94	138	6	0	0	52	141	32	50	38	4.66	0		0.014600
133	202	3	0	0	133	118	43	22	45	4.51	0		0.023800
10	11	9	0	44	0	120	92	60	60	15.08	0		0.013700
86	125	2	0	43	111	117	44	59	44	4.19	0		0.008100
49	69	7	0	103	111	0	103	60	60	17.28	0		0.014000
49	68	2	1	44	60	0	44	59	44	4.19	0		0.008100
49	70	10	0	44	60	44	44	45	53	2.90	0		0.007300
135	204	7	0	96	111	60	103	60	60	17.28	0		0.014000
157	236	5	0	0	133	163	29	21	23	4.69	0		0.038500
26	35	6	0	44	60	97	32	50	38	4.66	0		0.014600
97	144	8	0	96	111	120	53	52	57	4.76	0		0.008600
97	145	8	0	145	0	0	53	52	57	4.76	0		0.008600
97	143	6	0	44	60	135	32	50	38	4.66	0		0.014600
118	175	2	1	103	60	0	44	59	44	4.19	0		0.008100
118	176	10	0	88	60	44	44	45	53	2.90	0		0.007300
110	163	3	0	76	60	97	43	22	45	4.51	0		0.023800
100	149	6	0	132	60	44	32	50	38	4.66	0		0.014600
100	148	4	0	76	82	97	35	24	55	2.08	0		0.012400
62	87	8	0	145	0	57	53	52	57	4.76	0		0.008600
13	17	7	0	198	0	0	103	60	60	17.28	0		0.014000
185	277	8	0	136	0	114	53	52	57	4.76	0		0.008600
185	275	2	0	149	111	120	44	59	44	4.19	0		0.008100
185	276	3	0	76	60	142	43	22	45	4.51	0		0.023800
155	234	3	1	132	60	82	43	22	45	4.51	0		0.023800
88	127	1	1	76	82	152	25	43	29	1.03	0		0.004800
188	282	9	0	198	0	60	92	60	60	15.08	0		0.013700
188	281	5	0	132	60	127	29	21	23	4.69	0		0.038500
113	168	7	0	189	0	120	103	60	60	17.28	0		0.014000
121	181	9	0	206	111	0	92	60	60	15.08	0		0.013700
121	180	6	0	164	60	0	32	50	38	4.66	0		0.014600
121	179	3	1	164	60	38	43	22	45	4.51	0		0.023800
6	7	9	0	199	111	60	92	60	60	15.08	0		0.013700
34	44	8	0	193	111	120	53	52	57	4.76	0		0.008600
171	255	2	1	196	60	0	44	59	44	4.19	0		0.008100
189	283	6	1	186	60	44	32	50	38	4.66	0		0.014600
92	131	2	0	246	111	120	44	59	44	4.19	0		0.008100
92	132	4	1	164	60	83	35	24	55	2.08	0		0.012400
117	174	10	0	255	60	0	44	45	53	2.90	0		0.007300
117	172	1	0	164	60	138	25	43	29	1.03	0		0.004800
117	173	5	0	132	60	150	29	21	23	4.69	0		0.038500
132	201	3	0	189	60	82	43	22	45	4.51	0		0.023800
134	203	3	0	189	60	127	43	22	45	4.51	0		0.023800


-------------------------------------------------------------------------------------------------------------------
Tour_Id:			3
No_of_Customers:		30
No_of_Items:			48
Customer_Sequence:		111 72 77 14 162 50 16 66 27 143 54 99 17 122 56 129 194 128 31 178 63 41 75 51 131 145 103 123 144 78 

CustId	Id	TypeId	Rotated	x	y	z	Length	Width	Height	mass	Fragility	LoadBearingStrength
78	114	10	0	0	0	0	44	45	53	2.90	0		0.007300
78	115	10	0	0	45	0	44	45	53	2.90	0		0.007300
78	113	1	0	0	90	0	25	43	29	1.03	0		0.004800
144	215	2	0	0	0	53	44	59	44	4.19	0		0.008100
144	216	2	0	0	0	97	44	59	44	4.19	0		0.008100
123	184	2	0	0	0	141	44	59	44	4.19	0		0.008100
103	152	5	0	0	133	0	29	21	23	4.69	0		0.038500
145	218	7	0	29	90	0	103	60	60	17.28	0		0.014000
145	219	7	0	29	90	60	103	60	60	17.28	0		0.014000
145	217	1	0	0	90	29	25	43	29	1.03	0		0.004800
131	199	4	0	0	59	53	35	24	55	2.08	0		0.012400
131	200	4	0	0	59	108	35	24	55	2.08	0		0.012400
51	74	6	0	29	90	120	32	50	38	4.66	0		0.014600
75	110	8	0	44	0	0	53	52	57	4.76	0		0.008600
41	55	1	0	29	90	158	25	43	29	1.03	0		0.004800
41	56	1	1	44	52	0	25	43	29	1.03	0		0.004800
63	91	9	0	61	90	120	92	60	60	15.08	0		0.013700
63	88	2	0	44	0	57	44	59	44	4.19	0		0.008100
63	90	6	0	44	0	101	32	50	38	4.66	0		0.014600
63	89	4	0	29	150	0	35	24	55	2.08	0		0.012400
178	265	6	0	44	0	139	32	50	38	4.66	0		0.014600
31	41	9	0	97	0	0	92	60	60	15.08	0		0.013700
128	194	9	0	88	0	60	92	60	60	15.08	0		0.013700
128	195	9	0	76	0	120	92	60	60	15.08	0		0.013700
128	193	8	0	189	0	0	53	52	57	4.76	0		0.008600
194	290	4	0	29	150	55	35	24	55	2.08	0		0.012400
129	197	8	0	189	52	0	53	52	57	4.76	0		0.008600
129	196	1	1	87	60	0	25	43	29	1.03	0		0.004800
56	81	10	0	153	104	0	44	45	53	2.90	0		0.007300
122	183	9	1	189	0	57	92	60	60	15.08	0		0.013700
122	182	1	1	153	149	0	25	43	29	1.03	0		0.004800
17	21	10	0	153	104	53	44	45	53	2.90	0		0.007300
99	147	1	1	153	149	29	25	43	29	1.03	0		0.004800
54	78	5	0	29	150	110	29	21	23	4.69	0		0.038500
143	214	9	1	180	0	117	92	60	60	15.08	0		0.013700
27	37	7	0	197	104	0	103	60	60	17.28	0		0.014000
27	36	6	0	153	104	106	32	50	38	4.66	0		0.014600
66	96	3	1	153	104	144	43	22	45	4.51	0		0.023800
16	20	1	0	197	104	60	25	43	29	1.03	0		0.004800
50	72	7	1	249	0	0	103	60	60	17.28	0		0.014000
50	73	7	1	249	0	60	103	60	60	17.28	0		0.014000
50	71	1	0	197	104	89	25	43	29	1.03	0		0.004800
162	244	10	0	222	103	60	44	45	53	2.90	0		0.007300
14	18	7	1	240	0	120	103	60	60	17.28	0		0.014000
77	112	4	1	197	104	118	35	24	55	2.08	0		0.012400
72	104	10	0	222	103	113	44	45	53	2.90	0		0.007300
72	103	1	0	266	103	60	25	43	29	1.03	0		0.004800
111	164	1	0	266	103	89	25	43	29	1.03	0		0.004800


-------------------------------------------------------------------------------------------------------------------
Tour_Id:			4
No_of_Customers:		41
No_of_Items:			61
Customer_Sequence:		71 76 149 39 40 79 80 98 150 166 169 101 138 43 193 37 140 89 1 168 104 95 58 65 125 21 142 175 18 68 190 25 161 106 130 147 11 55 176 22 109 

CustId	Id	TypeId	Rotated	x	y	z	Length	Width	Height	mass	Fragility	LoadBearingStrength
109	162	6	0	0	0	0	32	50	38	4.66	0		0.014600
109	161	3	0	0	50	0	43	22	45	4.51	0		0.023800
109	160	1	0	0	72	0	25	43	29	1.03	0		0.004800
22	27	3	0	0	115	0	43	22	45	4.51	0		0.023800
22	28	3	0	0	137	0	43	22	45	4.51	0		0.023800
22	29	5	0	0	72	29	29	21	23	4.69	0		0.038500
176	263	1	0	0	0	38	25	43	29	1.03	0		0.004800
55	80	9	0	43	0	0	92	60	60	15.08	0		0.013700
55	79	2	0	43	60	0	44	59	44	4.19	0		0.008100
11	13	2	1	43	119	0	44	59	44	4.19	0		0.008100
11	14	6	0	0	115	45	32	50	38	4.66	0		0.014600
11	12	1	0	0	0	67	25	43	29	1.03	0		0.004800
147	223	7	0	25	0	60	103	60	60	17.28	0		0.014000
147	222	1	0	0	115	83	25	43	29	1.03	0		0.004800
130	198	5	0	0	72	52	29	21	23	4.69	0		0.038500
106	155	2	0	25	0	120	44	59	44	4.19	0		0.008100
161	243	7	1	43	60	44	103	60	60	17.28	0		0.014000
161	242	3	1	0	115	112	43	22	45	4.51	0		0.023800
25	34	10	0	43	60	104	44	45	53	2.90	0		0.007300
190	285	8	0	43	105	104	53	52	57	4.76	0		0.008600
190	284	1	0	0	115	157	25	43	29	1.03	0		0.004800
68	98	5	0	25	0	164	29	21	23	4.69	0		0.038500
18	22	2	0	69	0	120	44	59	44	4.19	0		0.008100
18	23	10	0	103	60	0	44	45	53	2.90	0		0.007300
175	262	7	0	103	105	0	103	60	60	17.28	0		0.014000
175	261	3	0	103	60	53	43	22	45	4.51	0		0.023800
142	213	3	0	103	82	53	43	22	45	4.51	0		0.023800
21	26	8	0	103	105	60	53	52	57	4.76	0		0.008600
125	188	9	0	135	0	0	92	60	60	15.08	0		0.013700
125	186	3	0	103	60	98	43	22	45	4.51	0		0.023800
125	187	5	0	25	21	164	29	21	23	4.69	0		0.038500
65	95	2	0	103	105	117	44	59	44	4.19	0		0.008100
58	83	9	0	128	0	60	92	60	60	15.08	0		0.013700
95	139	10	0	113	0	120	44	45	53	2.90	0		0.007300
104	153	1	0	43	60	157	25	43	29	1.03	0		0.004800
168	251	9	0	206	105	0	92	60	60	15.08	0		0.013700
1	1	5	0	43	105	161	29	21	23	4.69	0		0.038500
89	128	4	0	147	60	0	35	24	55	2.08	0		0.012400
140	210	8	0	156	105	60	53	52	57	4.76	0		0.008600
37	48	2	0	147	105	117	44	59	44	4.19	0		0.008100
37	49	3	0	103	82	98	43	22	45	4.51	0		0.023800
193	289	3	0	103	60	143	43	22	45	4.51	0		0.023800
193	288	1	1	43	126	161	25	43	29	1.03	0		0.004800
43	59	4	0	146	60	55	35	24	55	2.08	0		0.012400
43	58	1	1	86	126	161	25	43	29	1.03	0		0.004800
138	208	9	0	209	105	60	92	60	60	15.08	0		0.013700
101	150	6	0	157	0	120	32	50	38	4.66	0		0.014600
169	252	2	1	182	60	0	44	59	44	4.19	0		0.008100
169	253	4	0	146	60	110	35	24	55	2.08	0		0.012400
166	248	10	0	182	60	44	44	45	53	2.90	0		0.007300
150	227	6	1	181	60	97	32	50	38	4.66	0		0.014600
98	146	6	1	181	60	135	32	50	38	4.66	0		0.014600
80	117	1	0	129	126	161	25	43	29	1.03	0		0.004800
79	116	1	0	154	126	161	25	43	29	1.03	0		0.004800
40	54	2	0	209	105	120	44	59	44	4.19	0		0.008100
39	53	9	1	241	0	0	92	60	60	15.08	0		0.013700
39	52	2	1	220	0	60	44	59	44	4.19	0		0.008100
149	226	6	0	189	0	120	32	50	38	4.66	0		0.014600
76	111	5	0	157	0	158	29	21	23	4.69	0		0.038500
71	102	8	0	221	0	104	53	52	57	4.76	0		0.008600
71	101	1	1	157	21	158	25	43	29	1.03	0		0.004800


-------------------------------------------------------------------------------------------------------------------
Tour_Id:			5
No_of_Customers:		38
No_of_Items:			56
Customer_Sequence:		136 195 9 116 119 47 24 57 96 173 42 181 35 81 91 156 126 192 139 73 46 60 179 159 38 187 186 148 170 5 108 120 45 164 197 7 74 12 

CustId	Id	TypeId	Rotated	x	y	z	Length	Width	Height	mass	Fragility	LoadBearingStrength
12	15	7	0	0	0	0	103	60	60	17.28	0		0.014000
12	16	9	0	0	60	0	92	60	60	15.08	0		0.013700
74	109	7	0	0	0	60	103	60	60	17.28	0		0.014000
74	108	6	0	0	120	0	32	50	38	4.66	0		0.014600
74	107	3	1	0	120	38	43	22	45	4.51	0		0.023800
7	8	10	0	0	60	60	44	45	53	2.90	0		0.007300
197	294	7	0	0	0	120	103	60	60	17.28	0		0.014000
197	295	8	0	32	120	0	53	52	57	4.76	0		0.008600
197	293	4	1	0	120	83	35	24	55	2.08	0		0.012400
164	246	7	0	92	60	0	103	60	60	17.28	0		0.014000
45	64	9	0	44	60	60	92	60	60	15.08	0		0.013700
45	63	1	0	0	60	113	25	43	29	1.03	0		0.004800
120	178	5	0	0	120	138	29	21	23	4.69	0		0.038500
108	159	6	0	32	120	57	32	50	38	4.66	0		0.014600
108	158	5	0	0	60	142	29	21	23	4.69	0		0.038500
5	6	1	0	32	120	95	25	43	29	1.03	0		0.004800
170	254	9	0	44	60	120	92	60	60	15.08	0		0.013700
148	224	5	0	0	120	161	29	21	23	4.69	0		0.038500
148	225	5	0	32	120	124	29	21	23	4.69	0		0.038500
186	278	3	1	64	120	57	43	22	45	4.51	0		0.023800
187	280	9	0	103	0	0	92	60	60	15.08	0		0.013700
187	279	3	1	64	120	102	43	22	45	4.51	0		0.023800
38	51	4	0	86	120	0	35	24	55	2.08	0		0.012400
38	50	3	0	86	144	0	43	22	45	4.51	0		0.023800
159	239	9	0	103	0	60	92	60	60	15.08	0		0.013700
126	190	3	0	86	144	45	43	22	45	4.51	0		0.023800
179	266	2	0	103	0	120	44	59	44	4.19	0		0.008100
60	85	3	0	86	120	55	43	22	45	4.51	0		0.023800
46	65	2	1	129	120	0	44	59	44	4.19	0		0.008100
73	105	2	0	136	60	60	44	59	44	4.19	0		0.008100
73	106	5	0	29	120	147	29	21	23	4.69	0		0.038500
139	209	1	0	58	120	147	25	43	29	1.03	0		0.004800
192	287	5	0	86	120	100	29	21	23	4.69	0		0.038500
126	191	9	0	195	0	0	92	60	60	15.08	0		0.013700
126	189	2	1	129	120	44	44	59	44	4.19	0		0.008100
159	238	6	0	195	60	0	32	50	38	4.66	0		0.014600
156	235	10	0	129	120	88	44	45	53	2.90	0		0.007300
91	130	10	0	136	60	104	44	45	53	2.90	0		0.007300
81	118	9	0	195	110	0	92	60	60	15.08	0		0.013700
35	46	2	0	147	0	120	44	59	44	4.19	0		0.008100
35	45	1	0	129	120	141	25	43	29	1.03	0		0.004800
181	270	10	0	195	0	60	44	45	53	2.90	0		0.007300
181	269	4	0	195	60	38	35	24	55	2.08	0		0.012400
42	57	3	1	154	120	141	43	22	45	4.51	0		0.023800
173	258	1	0	136	59	157	25	43	29	1.03	0		0.004800
96	142	9	0	195	110	60	92	60	60	15.08	0		0.013700
96	140	2	0	195	0	113	44	59	44	4.19	0		0.008100
96	141	4	0	195	84	38	35	24	55	2.08	0		0.012400
57	82	2	0	195	110	120	44	59	44	4.19	0		0.008100
24	33	2	1	230	60	0	44	59	44	4.19	0		0.008100
47	66	10	0	195	60	93	44	45	53	2.90	0		0.007300
119	177	1	0	191	0	157	25	43	29	1.03	0		0.004800
116	171	8	0	239	0	60	53	52	57	4.76	0		0.008600
9	10	10	0	239	60	44	44	45	53	2.90	0		0.007300
195	291	8	0	239	0	117	53	52	57	4.76	0		0.008600
136	205	2	0	239	110	120	44	59	44	4.19	0		0.008100


-------------------------------------------------------------------------------------------------------------------
Tour_Id:			6
No_of_Customers:		23
No_of_Items:			33
Customer_Sequence:		196 53 114 82 141 184 64 183 67 124 2 163 83 172 59 198 29 28 90 167 182 146 165 

CustId	Id	TypeId	Rotated	x	y	z	Length	Width	Height	mass	Fragility	LoadBearingStrength
165	247	7	0	0	0	0	103	60	60	17.28	0		0.014000
146	221	9	0	0	60	0	92	60	60	15.08	0		0.013700
146	220	1	0	0	120	0	25	43	29	1.03	0		0.004800
182	271	3	1	0	120	29	43	22	45	4.51	0		0.023800
167	250	7	0	0	0	60	103	60	60	17.28	0		0.014000
167	249	4	0	0	60	60	35	24	55	2.08	0		0.012400
90	129	4	0	0	84	60	35	24	55	2.08	0		0.012400
28	38	4	1	0	120	74	35	24	55	2.08	0		0.012400
29	39	8	0	0	0	120	53	52	57	4.76	0		0.008600
198	297	8	0	25	120	0	53	52	57	4.76	0		0.008600
198	296	4	0	0	60	115	35	24	55	2.08	0		0.012400
59	84	9	0	92	60	0	92	60	60	15.08	0		0.013700
172	257	9	0	35	60	60	92	60	60	15.08	0		0.013700
172	256	6	0	24	120	57	32	50	38	4.66	0		0.014600
83	120	3	1	0	120	129	43	22	45	4.51	0		0.023800
83	121	5	0	24	120	95	29	21	23	4.69	0		0.038500
163	245	8	0	35	52	120	53	52	57	4.76	0		0.008600
2	2	7	0	103	0	0	103	60	60	17.28	0		0.014000
124	185	6	0	53	0	120	32	50	38	4.66	0		0.014600
67	97	5	0	24	141	95	29	21	23	4.69	0		0.038500
183	272	1	0	24	120	118	25	43	29	1.03	0		0.004800
64	94	9	0	103	0	60	92	60	60	15.08	0		0.013700
64	93	8	0	78	120	0	53	52	57	4.76	0		0.008600
64	92	1	0	24	120	147	25	43	29	1.03	0		0.004800
184	274	9	0	88	0	120	92	60	60	15.08	0		0.013700
184	273	2	1	56	120	57	44	59	44	4.19	0		0.008100
141	211	2	1	53	120	101	44	59	44	4.19	0		0.008100
141	212	4	0	88	60	120	35	24	55	2.08	0		0.012400
82	119	7	0	184	60	0	103	60	60	17.28	0		0.014000
114	169	7	0	127	60	60	103	60	60	17.28	0		0.014000
53	77	2	1	53	120	145	44	59	44	4.19	0		0.008100
53	76	1	1	88	84	120	25	43	29	1.03	0		0.004800
196	292	8	0	131	120	0	53	52	57	4.76	0		0.008600


