Name:				106_Manual_n200_m300_bt100_1
Problem:			3L-VRPTW
Number_of_used_Vehicles:	8
Total_Travel_Distance:		183.147
Total_Unloading_Effort:		43.014
Total_Travel_Time:		1250.48
Calculation_Time:			3600
Total_Iterations:		32
ConstraintSet:			P22

-------------------------------------------------------------------------------------------------------------------
Tour_Id:			1
No_of_Customers:		22
No_of_Items:			31
Customer_Sequence:		145 177 142 140 49 153 101 108 181 83 151 48 20 64 165 10 112 198 44 119 171 176 

CustId	Id	TypeId	Rotated	x	y	z	Length	Width	Height	mass	Fragility	LoadBearingStrength
176	259	74	0	0	0	0	83	60	60	17.35	0		0.017400
171	248	58	0	0	60	0	90	60	60	18.12	0		0.016800
119	170	63	1	0	0	60	113	60	60	3.35	0		0.002500
119	171	63	1	0	0	120	113	60	60	3.35	0		0.002500
44	56	73	0	83	0	0	77	60	60	12.06	0		0.013000
198	296	67	0	60	0	60	79	60	60	21.21	0		0.022400
112	160	92	0	0	120	0	46	28	41	4.42	0		0.017100
10	14	35	0	46	120	0	58	51	48	4.49	0		0.007600
165	238	56	0	60	0	120	75	60	60	2.15	0		0.002400
64	85	12	0	90	60	0	102	60	60	9.46	0		0.007700
64	86	50	0	46	120	48	45	33	58	1.81	0		0.006100
20	25	77	0	46	153	48	46	21	33	1.94	0		0.010000
48	60	17	0	46	120	106	27	27	34	1.30	0		0.008900
151	220	100	0	60	60	60	74	60	60	1.02	0		0.001200
151	219	54	0	60	60	120	40	31	40	1.19	0		0.004800
83	113	86	1	100	60	120	46	38	49	2.79	0		0.008000
83	112	79	0	46	153	81	42	20	56	4.15	0		0.024700
181	270	85	0	138	60	60	71	60	60	6.44	1		0.001500
108	154	37	0	160	0	0	93	60	60	19.67	0		0.017600
108	153	32	0	139	0	60	106	60	60	3.57	1		0.000600
101	142	37	1	253	0	0	93	60	60	19.67	0		0.017600
101	143	91	0	46	153	137	21	20	49	2.07	0		0.024600
101	141	10	0	135	0	120	110	60	60	16.52	1		0.002500
153	222	52	0	104	120	0	35	37	39	4.59	0		0.017700
49	61	27	0	209	93	0	89	60	60	13.29	0		0.012400
49	62	95	1	139	120	0	24	58	49	3.33	0		0.012000
140	203	75	0	209	93	60	87	60	60	21.62	0		0.020700
142	206	20	0	209	93	120	41	51	49	1.98	0		0.004700
177	261	100	1	245	0	60	74	60	60	1.02	0		0.001200
177	260	60	0	245	0	120	68	60	60	5.67	0		0.007000
145	211	20	0	250	93	120	41	51	49	1.98	0		0.004700


-------------------------------------------------------------------------------------------------------------------
Tour_Id:			2
No_of_Customers:		26
No_of_Items:			44
Customer_Sequence:		109 168 65 194 110 8 163 149 113 45 174 160 97 17 183 193 58 173 154 27 122 88 195 131 90 55 

CustId	Id	TypeId	Rotated	x	y	z	Length	Width	Height	mass	Fragility	LoadBearingStrength
55	72	58	0	0	0	0	90	60	60	18.12	0		0.016800
55	71	22	0	0	60	0	55	40	22	4.45	0		0.010100
55	70	10	0	0	100	0	110	60	60	16.52	1		0.002500
90	123	31	0	0	0	60	83	60	60	15.89	0		0.016000
131	186	13	0	0	0	120	48	57	32	3.54	0		0.006500
131	187	22	0	0	60	22	55	40	22	4.45	0		0.010100
195	291	31	0	90	0	0	83	60	60	15.89	0		0.016000
195	292	66	0	83	0	60	65	60	60	17.47	0		0.022400
88	118	17	0	0	60	44	27	27	34	1.30	0		0.008900
122	174	14	0	0	0	152	42	59	38	3.61	0		0.007300
122	175	30	0	0	60	78	24	20	29	1.34	0		0.014000
27	33	10	0	0	100	60	110	60	60	16.52	1		0.002500
154	223	40	0	27	60	44	31	28	46	1.57	0		0.009000
173	251	18	0	48	0	120	99	60	60	15.72	0		0.013200
173	254	100	0	110	60	0	74	60	60	1.02	0		0.001200
173	253	62	0	110	120	0	56	42	26	4.42	0		0.009400
173	252	52	0	58	60	0	35	37	39	4.59	0		0.017700
58	75	96	1	110	120	26	35	60	42	2.04	0		0.004900
193	289	10	0	0	100	120	110	60	60	16.52	1		0.002500
183	274	62	0	110	60	60	56	42	26	4.42	0		0.009400
17	22	35	0	110	60	86	58	51	48	4.49	0		0.007600
97	135	9	0	173	0	0	101	60	60	12.64	0		0.010400
97	134	8	1	110	120	68	23	54	59	1.08	0		0.004400
160	233	88	0	148	0	60	80	60	60	1.31	0		0.001400
160	231	69	1	110	120	127	24	35	37	4.57	0		0.027200
160	232	80	0	110	60	134	44	26	22	4.66	0		0.020400
174	257	71	0	147	0	120	49	39	60	3.66	0		0.009600
174	256	59	0	170	120	0	42	46	39	3.17	0		0.008200
174	255	17	0	110	86	134	27	27	34	1.30	0		0.008900
45	57	16	0	170	120	39	52	31	31	1.98	0		0.006100
113	161	86	0	170	120	70	46	38	49	2.79	0		0.008000
149	216	63	0	184	60	0	113	60	60	3.35	0		0.002500
149	215	60	0	184	60	60	68	60	60	5.67	0		0.007000
163	236	50	0	168	39	120	45	33	58	1.81	0		0.006100
8	10	7	0	228	0	60	56	59	60	3.32	0		0.005000
8	11	39	0	213	0	120	56	51	54	3.55	0		0.006200
8	12	53	0	137	86	134	21	32	35	4.65	0		0.034600
110	156	15	1	170	120	119	30	53	40	2.92	0		0.009200
110	157	52	0	213	51	120	35	37	39	4.59	0		0.017700
194	290	95	1	223	120	0	24	58	49	3.33	0		0.012000
65	87	23	0	223	120	49	59	31	50	2.43	0		0.006600
168	243	39	0	252	60	60	56	51	54	3.55	0		0.006200
168	244	57	0	223	120	99	41	33	37	2.07	0		0.007600
109	155	7	0	252	59	114	56	59	60	3.32	0		0.005000


-------------------------------------------------------------------------------------------------------------------
Tour_Id:			3
No_of_Customers:		23
No_of_Items:			39
Customer_Sequence:		164 67 130 9 104 63 182 150 157 136 134 32 159 106 105 94 89 53 66 98 107 74 62 

CustId	Id	TypeId	Rotated	x	y	z	Length	Width	Height	mass	Fragility	LoadBearingStrength
62	82	90	0	0	0	0	51	54	31	3.91	0		0.007100
74	100	70	0	0	54	0	62	60	60	10.28	0		0.013800
107	152	91	0	0	114	0	21	20	49	2.07	0		0.024600
98	137	66	0	0	54	60	65	60	60	17.47	0		0.022400
32	41	27	0	21	114	0	89	60	60	13.29	0		0.012400
66	88	23	0	0	0	31	59	31	50	2.43	0		0.006600
53	66	14	0	0	54	120	42	59	38	3.61	0		0.007300
89	122	75	0	65	0	0	87	60	60	21.62	0		0.020700
89	120	41	1	0	0	81	32	52	54	4.34	0		0.013100
89	119	21	0	0	0	135	38	40	44	3.71	0		0.012200
89	121	52	0	65	60	0	35	37	39	4.59	0		0.017700
94	130	87	0	0	54	158	51	56	24	1.23	0		0.002200
105	150	44	0	65	0	60	115	60	60	18.86	0		0.013700
105	148	16	0	52	0	120	52	31	31	1.98	0		0.006100
105	149	36	0	52	0	151	37	28	27	2.75	0		0.013300
106	151	27	0	104	0	120	89	60	60	13.29	0		0.012400
159	230	54	0	65	60	39	40	31	40	1.19	0		0.004800
32	40	18	0	0	114	60	99	60	60	15.72	0		0.013200
98	136	55	1	0	31	31	21	45	35	4.61	0		0.024400
134	191	38	0	0	113	120	99	60	60	12.31	0		0.010400
134	192	42	0	110	114	0	101	60	60	10.02	1		0.001700
136	195	6	0	105	60	0	60	23	46	1.82	0		0.006600
136	196	34	1	165	60	0	42	56	23	2.36	0		0.005000
136	197	51	1	105	83	0	27	55	36	4.18	0		0.014100
157	228	97	0	193	0	0	109	60	60	11.69	0		0.008900
157	227	28	0	193	0	60	72	60	60	11.55	0		0.013400
157	226	25	0	99	114	60	79	60	60	9.53	1		0.002000
150	218	51	1	105	83	36	27	55	36	4.18	0		0.014100
150	217	17	0	65	60	79	27	27	34	1.30	0		0.008900
182	272	22	0	165	60	23	55	40	22	4.45	0		0.010100
182	271	17	0	65	60	113	27	27	34	1.30	0		0.008900
63	84	33	1	165	60	45	34	60	47	1.44	0		0.003500
63	83	22	0	165	60	92	55	40	22	4.45	0		0.010100
130	185	39	0	165	60	114	56	51	54	3.55	0		0.006200
67	89	5	0	193	0	120	36	38	49	3.06	0		0.011200
164	237	89	0	193	38	120	53	21	29	1.03	0		0.004600
182	273	58	0	211	114	0	90	60	60	18.12	0		0.016800
104	147	18	0	211	114	60	99	60	60	15.72	0		0.013200
9	13	4	0	99	111	120	85	60	60	14.42	1		0.002800


-------------------------------------------------------------------------------------------------------------------
Tour_Id:			4
No_of_Customers:		32
No_of_Items:			41
Customer_Sequence:		78 92 87 143 146 180 5 116 3 43 135 42 125 77 7 36 40 73 39 95 85 126 29 24 12 18 170 129 35 162 144 50 

CustId	Id	TypeId	Rotated	x	y	z	Length	Width	Height	mass	Fragility	LoadBearingStrength
50	63	37	0	0	0	0	93	60	60	19.67	0		0.017600
144	210	49	0	0	60	0	68	60	60	3.50	0		0.004300
162	235	55	0	0	120	0	21	45	35	4.61	0		0.024400
35	44	89	1	0	120	35	53	21	29	1.03	0		0.004600
129	184	44	0	0	0	60	115	60	60	18.86	0		0.013700
170	246	18	0	0	0	120	99	60	60	15.72	0		0.013200
170	247	76	0	0	60	60	50	38	60	2.47	0		0.006500
18	23	7	0	68	60	0	56	59	60	3.32	0		0.005000
12	16	5	0	0	60	120	36	38	49	3.06	0		0.011200
24	29	9	0	115	0	0	101	60	60	12.64	0		0.010400
85	115	52	0	21	120	0	35	37	39	4.59	0		0.017700
126	180	43	0	50	60	60	63	60	60	17.33	0		0.022900
29	35	4	0	115	0	60	85	60	60	14.42	1		0.002800
95	131	1	0	0	120	64	20	44	30	1.40	0		0.008000
39	49	14	0	36	60	120	42	59	38	3.61	0		0.007300
73	99	31	0	124	60	0	83	60	60	15.89	0		0.016000
40	50	58	0	113	60	60	90	60	60	18.12	0		0.016800
36	45	13	0	36	60	158	48	57	32	3.54	0		0.006500
7	9	33	1	56	120	0	34	60	47	1.44	0		0.003500
77	104	80	1	0	120	94	44	26	22	4.66	0		0.020400
125	179	86	0	56	120	47	46	38	49	2.79	0		0.008000
125	178	16	0	56	120	96	52	31	31	1.98	0		0.006100
42	52	15	1	56	120	127	30	53	40	2.92	0		0.009200
42	53	99	0	84	60	120	35	30	33	3.61	0		0.017200
135	194	73	0	119	60	120	77	60	60	12.06	0		0.013000
135	193	46	0	116	120	0	38	37	24	2.84	0		0.010100
43	54	22	0	154	120	0	55	40	22	4.45	0		0.010100
43	55	68	0	99	0	120	25	49	45	3.62	1		0.003000
3	5	2	1	154	120	22	46	54	20	2.79	0		0.005600
116	165	82	0	154	120	42	41	26	54	3.02	0		0.014200
116	164	77	0	154	146	42	46	21	33	1.94	0		0.010000
5	7	73	0	207	60	0	77	60	60	12.06	0		0.013000
180	268	61	0	203	60	60	107	60	60	17.33	0		0.013500
180	269	88	0	196	60	120	80	60	60	1.31	0		0.001400
146	212	25	0	124	0	120	79	60	60	9.53	1		0.002000
143	208	34	1	209	120	0	42	56	23	2.36	0		0.005000
143	209	46	0	208	120	23	38	37	24	2.84	0		0.010100
87	117	30	0	154	146	75	24	20	29	1.34	0		0.014000
92	127	40	0	208	120	47	31	28	46	1.57	0		0.009000
143	207	27	0	216	0	0	89	60	60	13.29	0		0.012400
78	105	27	0	203	0	60	89	60	60	13.29	0		0.012400


-------------------------------------------------------------------------------------------------------------------
Tour_Id:			5
No_of_Customers:		24
No_of_Items:			32
Customer_Sequence:		75 120 190 76 86 115 191 13 28 179 184 16 33 1 132 84 100 123 21 103 56 161 148 200 

CustId	Id	TypeId	Rotated	x	y	z	Length	Width	Height	mass	Fragility	LoadBearingStrength
200	299	44	0	0	0	0	115	60	60	18.86	0		0.013700
200	300	78	0	0	60	0	98	60	60	18.95	0		0.016100
148	214	32	0	0	0	60	106	60	60	3.57	1		0.000600
161	234	61	0	0	60	60	107	60	60	17.33	0		0.013500
56	73	35	0	0	120	0	58	51	48	4.49	0		0.007600
103	146	76	0	0	120	48	50	38	60	2.47	0		0.006500
103	145	40	0	0	120	108	31	28	46	1.57	0		0.009000
21	26	8	0	0	60	120	23	54	59	1.08	0		0.004400
123	176	42	0	0	0	120	101	60	60	10.02	1		0.001700
100	140	14	0	23	60	120	42	59	38	3.61	0		0.007300
84	114	29	0	23	60	158	51	58	29	2.14	0		0.003600
132	188	45	0	107	60	0	111	60	60	2.34	0		0.001800
132	189	52	0	58	120	0	35	37	39	4.59	0		0.017700
1	1	71	1	74	60	120	49	39	60	3.66	0		0.009600
1	2	96	1	93	120	0	35	60	42	2.04	0		0.004900
33	42	12	0	115	0	0	102	60	60	9.46	0		0.007700
16	21	10	0	106	0	60	110	60	60	16.52	1		0.002500
184	275	38	1	218	0	0	99	60	60	12.31	0		0.010400
179	265	60	0	216	0	60	68	60	60	5.67	0		0.007000
179	266	66	0	113	60	60	65	60	60	17.47	0		0.022400
179	267	90	0	113	60	120	51	54	31	3.91	0		0.007100
28	34	88	0	178	60	60	80	60	60	1.31	0		0.001400
13	17	29	0	113	60	151	51	58	29	2.14	0		0.003600
191	285	97	0	164	60	120	109	60	60	11.69	0		0.008900
191	284	24	1	93	120	42	20	57	50	4.67	0		0.020500
115	163	1	0	31	120	108	20	44	30	1.40	0		0.008000
86	116	83	0	153	120	0	49	46	22	1.77	0		0.003900
76	102	58	0	216	0	120	90	60	60	18.12	0		0.016800
76	103	72	0	31	120	138	21	51	29	3.67	0		0.017100
190	283	26	0	93	120	92	28	22	31	4.84	0		0.039300
120	172	41	0	153	120	22	32	52	54	4.34	0		0.013100
75	101	26	0	93	120	123	28	22	31	4.84	0		0.039300


-------------------------------------------------------------------------------------------------------------------
Tour_Id:			6
No_of_Customers:		23
No_of_Items:			41
Customer_Sequence:		80 167 99 196 72 186 2 117 199 6 118 192 15 197 127 41 187 69 102 71 139 54 185 

CustId	Id	TypeId	Rotated	x	y	z	Length	Width	Height	mass	Fragility	LoadBearingStrength
185	277	61	0	0	0	0	107	60	60	17.33	0		0.013500
185	276	32	0	0	60	0	106	60	60	3.57	1		0.000600
54	67	19	0	0	0	60	111	60	60	17.60	0		0.013200
54	68	38	0	0	0	120	99	60	60	12.31	0		0.010400
54	69	71	0	0	120	0	49	39	60	3.66	0		0.009600
139	202	98	0	106	60	0	66	60	60	13.28	0		0.016800
139	201	21	0	0	120	60	38	40	44	3.71	0		0.012200
71	95	80	0	0	120	104	44	26	22	4.66	0		0.020400
71	96	85	0	0	60	60	71	60	60	6.44	1		0.001500
102	144	35	0	49	120	0	58	51	48	4.49	0		0.007600
69	91	20	0	49	120	48	41	51	49	1.98	0		0.004700
69	92	24	1	0	120	126	20	57	50	4.67	0		0.020500
187	280	50	1	57	120	97	45	33	58	1.81	0		0.006100
187	279	4	0	0	60	120	85	60	60	14.42	1		0.002800
41	51	65	0	90	120	48	20	45	52	2.31	0		0.012800
127	182	93	0	106	60	60	32	58	22	2.35	0		0.006300
127	181	17	0	57	120	155	27	27	34	1.30	0		0.008900
197	295	83	0	110	120	0	49	46	22	1.77	0		0.003900
15	20	6	1	106	60	82	60	23	46	1.82	0		0.006600
192	287	38	0	111	0	0	99	60	60	12.31	0		0.010400
192	288	65	0	90	120	100	20	45	52	2.31	0		0.012800
192	286	32	0	111	0	60	106	60	60	3.57	1		0.000600
118	169	75	0	172	60	0	87	60	60	21.62	0		0.020700
118	168	10	0	99	0	120	110	60	60	16.52	1		0.002500
6	8	3	0	90	120	152	25	27	22	3.96	0		0.029400
199	297	33	0	138	60	60	34	60	47	1.44	0		0.003500
199	298	89	1	106	60	128	53	21	29	1.03	0		0.004600
117	167	41	0	115	120	22	32	52	54	4.34	0		0.013100
117	166	40	0	115	120	76	31	28	46	1.57	0		0.009000
2	4	95	0	138	60	107	24	58	49	3.33	0		0.012000
2	3	79	0	110	148	76	42	20	56	4.15	0		0.024700
186	278	63	0	172	60	60	113	60	60	3.35	0		0.002500
72	98	55	1	110	147	132	21	45	35	4.61	0		0.024400
72	97	25	0	162	60	120	79	60	60	9.53	1		0.002000
196	293	58	0	217	0	0	90	60	60	18.12	0		0.016800
196	294	80	0	110	147	167	44	26	22	4.66	0		0.020400
99	139	37	0	217	0	60	93	60	60	19.67	0		0.017600
99	138	34	1	159	120	0	42	56	23	2.36	0		0.005000
167	242	28	0	217	0	120	72	60	60	11.55	0		0.013400
167	241	23	0	159	120	23	59	31	50	2.43	0		0.006600
80	108	52	0	159	120	73	35	37	39	4.59	0		0.017700


-------------------------------------------------------------------------------------------------------------------
Tour_Id:			7
No_of_Customers:		23
No_of_Items:			31
Customer_Sequence:		189 152 121 93 25 4 46 11 175 81 30 111 37 52 169 156 114 133 38 70 124 61 138 

CustId	Id	TypeId	Rotated	x	y	z	Length	Width	Height	mass	Fragility	LoadBearingStrength
138	199	44	0	0	0	0	115	60	60	18.86	0		0.013700
138	200	47	0	0	60	0	89	60	60	4.64	0		0.004300
61	81	50	0	0	120	0	45	33	58	1.81	0		0.006100
61	80	4	0	0	0	60	85	60	60	14.42	1		0.002800
124	177	73	0	0	60	60	77	60	60	12.06	0		0.013000
70	94	45	0	89	60	0	111	60	60	2.34	0		0.001800
70	93	8	1	0	120	58	23	54	59	1.08	0		0.004400
38	48	75	0	0	60	120	87	60	60	21.62	0		0.020700
38	47	66	0	77	60	60	65	60	60	17.47	0		0.022400
133	190	63	0	115	0	0	113	60	60	3.35	0		0.002500
114	162	39	0	54	120	0	56	51	54	3.55	0		0.006200
156	225	53	1	0	120	117	21	32	35	4.65	0		0.034600
169	245	73	0	85	0	60	77	60	60	12.06	0		0.013000
52	65	22	0	54	120	54	55	40	22	4.45	0		0.010100
37	46	38	0	85	0	120	99	60	60	12.31	0		0.010400
111	158	38	0	200	60	0	99	60	60	12.31	0		0.010400
111	159	43	0	87	60	120	63	60	60	17.33	0		0.022900
30	36	11	0	54	120	76	53	25	23	3.62	0		0.013700
30	37	32	0	150	60	60	106	60	60	3.57	1		0.000600
81	109	28	0	228	0	0	72	60	60	11.55	0		0.013400
175	258	57	0	54	120	99	41	33	37	2.07	0		0.007600
11	15	36	0	54	120	136	37	28	27	2.75	0		0.013300
46	58	47	0	184	0	60	89	60	60	4.64	0		0.004300
4	6	48	0	110	120	0	38	43	34	4.17	0		0.012800
25	30	60	0	184	0	120	68	60	60	5.67	0		0.007000
25	31	72	0	110	120	34	21	51	29	3.67	0		0.017100
93	129	33	1	148	120	0	34	60	47	1.44	0		0.003500
93	128	32	0	150	60	120	106	60	60	3.57	1		0.000600
121	173	83	0	208	120	0	49	46	22	1.77	0		0.003900
152	221	91	0	109	120	63	21	20	49	2.07	0		0.024600
189	282	64	0	148	120	47	33	33	35	3.15	1		0.002900


-------------------------------------------------------------------------------------------------------------------
Tour_Id:			8
No_of_Customers:		27
No_of_Items:			41
Customer_Sequence:		166 96 128 57 158 59 141 34 188 19 68 178 137 147 26 155 14 60 22 82 23 47 172 51 79 31 91 

CustId	Id	TypeId	Rotated	x	y	z	Length	Width	Height	mass	Fragility	LoadBearingStrength
91	125	78	0	0	0	0	98	60	60	18.95	0		0.016100
91	126	91	0	0	60	0	21	20	49	2.07	0		0.024600
91	124	10	0	0	80	0	110	60	60	16.52	1		0.002500
31	38	15	1	0	140	0	30	53	40	2.92	0		0.009200
31	39	48	0	0	0	60	38	43	34	4.17	0		0.012800
79	107	92	0	0	140	40	46	28	41	4.42	0		0.017100
79	106	42	0	0	80	60	101	60	60	10.02	1		0.001700
51	64	18	0	98	0	0	99	60	60	15.72	0		0.013200
172	250	90	0	38	0	60	51	54	31	3.91	0		0.007100
172	249	5	0	0	0	94	36	38	49	3.06	0		0.011200
47	59	92	0	0	140	81	46	28	41	4.42	0		0.017100
23	28	42	0	0	80	120	101	60	60	10.02	1		0.001700
82	111	92	0	0	140	122	46	28	41	4.42	0		0.017100
82	110	22	0	38	0	91	55	40	22	4.45	0		0.010100
22	27	3	0	0	0	143	25	27	22	3.96	0		0.029400
60	78	21	0	36	0	113	38	40	44	3.71	0		0.012200
60	79	82	0	53	140	0	41	26	54	3.02	0		0.014200
14	19	88	0	93	0	60	80	60	60	1.31	0		0.001400
14	18	35	0	93	0	120	58	51	48	4.49	0		0.007600
155	224	48	0	110	80	0	38	43	34	4.17	0		0.012800
26	32	24	1	21	60	0	20	57	50	4.67	0		0.020500
147	213	50	0	94	140	0	45	33	58	1.81	0		0.006100
137	198	92	0	94	140	58	46	28	41	4.42	0		0.017100
178	262	12	0	148	60	0	102	60	60	9.46	0		0.007700
178	264	88	0	148	60	60	80	60	60	1.31	0		0.001400
178	263	36	0	0	140	163	37	28	27	2.75	0		0.013300
68	90	66	0	148	60	120	65	60	60	17.47	0		0.022400
19	24	97	0	197	0	0	109	60	60	11.69	0		0.008900
188	281	24	1	94	140	99	20	57	50	4.67	0		0.020500
34	43	15	0	151	120	0	30	53	40	2.92	0		0.009200
141	204	45	0	173	0	60	111	60	60	2.34	0		0.001800
141	205	48	0	151	120	40	38	43	34	4.17	0		0.012800
59	77	86	0	151	120	74	46	38	49	2.79	0		0.008000
59	76	4	0	151	0	120	85	60	60	14.42	1		0.002800
158	229	57	0	151	120	123	41	33	37	2.07	0		0.007600
57	74	20	0	197	120	0	41	51	49	1.98	0		0.004700
128	183	49	1	250	60	0	68	60	60	3.50	0		0.004300
96	132	33	0	228	60	60	34	60	47	1.44	0		0.003500
96	133	48	0	228	60	107	38	43	34	4.17	0		0.012800
166	239	41	0	236	0	120	32	52	54	4.34	0		0.013100
166	240	59	0	228	60	141	42	46	39	3.17	0		0.008200


