Name:				111_Manual_n200_m400_bt10_1
Problem:			3L-VRPTW
Number_of_used_Vehicles:	8
Total_Travel_Distance:		174.257
Total_Unloading_Effort:		52.734
Total_Travel_Time:		1260.25
Calculation_Time:			3600
Total_Iterations:		31
ConstraintSet:			P22

-------------------------------------------------------------------------------------------------------------------
Tour_Id:			1
No_of_Customers:		27
No_of_Items:			50
Customer_Sequence:		49 162 33 171 100 126 164 12 54 189 98 99 75 178 96 24 31 50 66 170 156 39 51 123 13 106 53 

CustId	Id	TypeId	Rotated	x	y	z	Length	Width	Height	mass	Fragility	LoadBearingStrength
53	96	5	0	0	0	0	41	35	57	3.96	0		0.013800
53	95	3	0	0	35	0	41	29	56	2.49	0		0.010500
106	211	6	0	0	64	0	87	60	60	7.52	0		0.007200
106	212	8	0	0	64	60	76	60	60	11.80	0		0.012900
13	21	5	0	0	124	0	41	35	57	3.96	0		0.013800
13	20	2	0	0	64	120	56	39	29	4.62	0		0.010600
123	247	10	0	0	35	56	32	26	23	4.57	0		0.027500
51	92	5	0	0	0	57	41	35	57	3.96	0		0.013800
39	70	9	0	0	64	149	53	42	38	4.52	0		0.010200
170	339	4	0	41	0	0	60	40	50	2.91	1		0.001200
156	309	5	0	0	124	57	41	35	57	3.96	0		0.013800
156	308	3	0	0	0	114	41	29	56	2.49	0		0.010500
39	69	5	0	41	124	0	41	35	57	3.96	0		0.013800
66	121	4	0	41	0	50	60	40	50	2.91	1		0.001200
50	91	1	0	87	64	0	82	60	60	6.73	0		0.006800
31	49	1	0	76	64	60	82	60	60	6.73	0		0.006800
31	51	8	0	56	64	120	76	60	60	11.80	0		0.012900
31	50	4	0	41	0	100	60	40	50	2.91	1		0.001200
24	38	9	0	82	124	0	53	42	38	4.52	0		0.010200
96	187	4	0	82	124	38	60	40	50	2.91	1		0.001200
178	350	7	0	0	124	114	38	30	22	2.82	0		0.012400
75	140	1	0	101	0	0	82	60	60	6.73	0		0.006800
75	141	5	0	101	0	60	41	35	57	3.96	0		0.013800
99	196	9	0	142	124	0	53	42	38	4.52	0		0.010200
99	195	5	0	101	0	117	41	35	57	3.96	0		0.013800
99	194	3	0	101	35	60	41	29	56	2.49	0		0.010500
98	191	1	0	169	64	0	82	60	60	6.73	0		0.006800
98	192	8	0	158	64	60	76	60	60	11.80	0		0.012900
98	193	9	0	132	64	120	53	42	38	4.52	0		0.010200
189	374	8	0	183	0	0	76	60	60	11.80	0		0.012900
189	372	7	0	0	124	136	38	30	22	2.82	0		0.012400
189	373	7	0	0	124	158	38	30	22	2.82	0		0.012400
54	97	2	0	132	64	158	56	39	29	4.62	0		0.010600
12	19	4	0	82	124	88	60	40	50	2.91	1		0.001200
164	327	8	0	142	0	60	76	60	60	11.80	0		0.012900
126	255	7	0	142	124	38	38	30	22	2.82	0		0.012400
100	197	3	0	142	124	60	41	29	56	2.49	0		0.010500
100	199	7	0	142	124	116	38	30	22	2.82	0		0.012400
100	198	4	0	82	124	138	60	40	50	2.91	1		0.001200
171	340	1	0	142	0	120	82	60	60	6.73	0		0.006800
171	341	3	0	195	124	0	41	29	56	2.49	0		0.010500
171	342	7	0	142	124	138	38	30	22	2.82	0		0.012400
33	56	6	1	251	64	0	87	60	60	7.52	0		0.007200
33	54	3	0	195	124	56	41	29	56	2.49	0		0.010500
33	55	4	1	224	0	60	60	40	50	2.91	1		0.001200
162	321	8	0	234	64	60	76	60	60	11.80	0		0.012900
162	320	5	0	195	124	112	41	35	57	3.96	0		0.013800
162	322	10	0	142	124	160	32	26	23	4.57	0		0.027500
49	90	10	0	234	64	120	32	26	23	4.57	0		0.027500
49	89	9	1	264	0	0	53	42	38	4.52	0		0.010200


-------------------------------------------------------------------------------------------------------------------
Tour_Id:			2
No_of_Customers:		21
No_of_Items:			46
Customer_Sequence:		120 194 55 17 183 23 182 34 114 29 193 47 163 42 133 134 57 166 143 103 154 

CustId	Id	TypeId	Rotated	x	y	z	Length	Width	Height	mass	Fragility	LoadBearingStrength
154	305	9	0	0	0	0	53	42	38	4.52	0		0.010200
154	304	2	0	0	42	0	56	39	29	4.62	0		0.010600
103	204	3	0	0	81	0	41	29	56	2.49	0		0.010500
103	206	10	0	0	110	0	32	26	23	4.57	0		0.027500
103	205	4	0	0	0	38	60	40	50	2.91	1		0.001200
143	285	9	0	32	110	0	53	42	38	4.52	0		0.010200
166	331	3	0	0	42	29	41	29	56	2.49	0		0.010500
166	332	4	0	0	0	88	60	40	50	2.91	1		0.001200
57	102	8	0	56	42	0	76	60	60	11.80	0		0.012900
57	103	9	0	32	110	38	53	42	38	4.52	0		0.010200
57	101	2	0	32	110	76	56	39	29	4.62	0		0.010600
134	267	6	0	41	40	60	87	60	60	7.52	0		0.007200
134	268	7	0	0	40	85	38	30	22	2.82	0		0.012400
133	266	9	0	32	110	105	53	42	38	4.52	0		0.010200
42	76	3	0	41	40	120	41	29	56	2.49	0		0.010500
42	78	7	0	32	110	143	38	30	22	2.82	0		0.012400
42	77	4	0	0	0	138	60	40	50	2.91	1		0.001200
163	324	8	0	88	102	0	76	60	60	11.80	0		0.012900
163	325	9	0	82	40	120	53	42	38	4.52	0		0.010200
163	326	10	0	32	110	165	32	26	23	4.57	0		0.027500
163	323	4	0	60	0	0	60	40	50	2.91	1		0.001200
47	86	1	0	88	102	60	82	60	60	6.73	0		0.006800
47	87	3	0	85	82	120	41	29	56	2.49	0		0.010500
193	385	1	0	85	111	120	82	60	60	6.73	0		0.006800
193	388	8	0	135	0	0	76	60	60	11.80	0		0.012900
193	387	7	0	82	40	158	38	30	22	2.82	0		0.012400
193	386	4	0	60	0	50	60	40	50	2.91	1		0.001200
29	46	6	0	135	0	60	87	60	60	7.52	0		0.007200
114	233	8	0	135	0	120	76	60	60	11.80	0		0.012900
114	234	9	0	135	60	0	53	42	38	4.52	0		0.010200
114	232	5	0	135	60	38	41	35	57	3.96	0		0.013800
34	58	9	0	188	60	0	53	42	38	4.52	0		0.010200
34	57	4	0	170	102	0	60	40	50	2.91	1		0.001200
182	355	9	0	176	60	38	53	42	38	4.52	0		0.010200
23	36	2	0	176	60	76	56	39	29	4.62	0		0.010600
23	37	4	0	170	102	50	60	40	50	2.91	1		0.001200
183	357	5	0	176	60	105	41	35	57	3.96	0		0.013800
183	358	7	0	170	142	0	38	30	22	2.82	0		0.012400
183	356	4	0	170	99	100	60	40	50	2.91	1		0.001200
17	28	9	0	222	0	0	53	42	38	4.52	0		0.010200
17	27	5	0	222	0	38	41	35	57	3.96	0		0.013800
55	98	2	0	230	102	0	56	39	29	4.62	0		0.010600
55	99	4	0	230	102	29	60	40	50	2.91	1		0.001200
194	389	7	0	170	142	22	38	30	22	2.82	0		0.012400
194	390	7	0	170	142	44	38	30	22	2.82	0		0.012400
120	243	4	0	230	99	79	60	40	50	2.91	1		0.001200


-------------------------------------------------------------------------------------------------------------------
Tour_Id:			3
No_of_Customers:		24
No_of_Items:			51
Customer_Sequence:		97 128 199 151 191 144 181 179 101 95 107 197 167 138 111 161 94 82 76 185 87 30 32 63 

CustId	Id	TypeId	Rotated	x	y	z	Length	Width	Height	mass	Fragility	LoadBearingStrength
63	115	2	0	0	0	0	56	39	29	4.62	0		0.010600
32	52	1	0	0	39	0	82	60	60	6.73	0		0.006800
32	53	4	0	0	99	0	60	40	50	2.91	1		0.001200
30	47	7	0	0	139	0	38	30	22	2.82	0		0.012400
30	48	7	0	0	139	22	38	30	22	2.82	0		0.012400
87	168	3	0	0	0	29	41	29	56	2.49	0		0.010500
185	362	6	0	0	39	60	87	60	60	7.52	0		0.007200
185	363	8	0	0	39	120	76	60	60	11.80	0		0.012900
185	361	3	0	0	139	44	41	29	56	2.49	0		0.010500
76	145	9	0	60	99	0	53	42	38	4.52	0		0.010200
76	146	9	0	60	99	38	53	42	38	4.52	0		0.010200
76	144	5	0	0	0	85	41	35	57	3.96	0		0.013800
76	142	3	0	0	139	100	41	29	56	2.49	0		0.010500
76	143	4	0	0	99	50	60	40	50	2.91	1		0.001200
82	159	6	0	87	0	0	87	60	60	7.52	0		0.007200
82	157	2	0	60	99	76	56	39	29	4.62	0		0.010600
82	158	4	0	0	99	100	60	40	50	2.91	1		0.001200
94	184	7	0	0	0	142	38	30	22	2.82	0		0.012400
94	185	7	0	0	139	156	38	30	22	2.82	0		0.012400
161	317	1	0	87	0	60	82	60	60	6.73	0		0.006800
161	319	5	0	60	99	105	41	35	57	3.96	0		0.013800
161	318	3	0	41	141	0	41	29	56	2.49	0		0.010500
111	222	1	0	76	0	120	82	60	60	6.73	0		0.006800
111	223	8	0	116	60	0	76	60	60	11.80	0		0.012900
111	224	8	0	116	60	60	76	60	60	11.80	0		0.012900
138	278	8	0	101	60	120	76	60	60	11.80	0		0.012900
138	279	10	0	41	141	56	32	26	23	4.57	0		0.027500
167	334	3	0	82	141	0	41	29	56	2.49	0		0.010500
167	333	2	0	123	120	0	56	39	29	4.62	0		0.010600
167	336	7	0	73	141	56	38	30	22	2.82	0		0.012400
167	335	4	0	123	120	29	60	40	50	2.91	1		0.001200
197	397	5	0	174	0	0	41	35	57	3.96	0		0.013800
107	214	6	0	192	60	0	87	60	60	7.52	0		0.007200
107	213	3	0	174	0	57	41	29	56	2.49	0		0.010500
95	186	2	0	183	120	0	56	39	29	4.62	0		0.010600
101	200	6	0	192	60	60	87	60	60	7.52	0		0.007200
179	352	8	0	177	60	120	76	60	60	11.80	0		0.012900
179	351	4	0	116	120	79	60	40	50	2.91	1		0.001200
181	354	9	0	183	120	29	53	42	38	4.52	0		0.010200
144	287	9	0	183	120	67	53	42	38	4.52	0		0.010200
144	286	4	0	101	120	129	60	40	50	2.91	1		0.001200
191	379	5	0	174	0	113	41	35	57	3.96	0		0.013800
191	380	10	0	176	120	105	32	26	23	4.57	0		0.027500
151	298	8	0	215	0	0	76	60	60	11.80	0		0.012900
151	299	10	0	176	120	128	32	26	23	4.57	0		0.027500
151	300	10	0	176	120	151	32	26	23	4.57	0		0.027500
199	399	1	0	215	0	60	82	60	60	6.73	0		0.006800
128	257	2	0	215	0	120	56	39	29	4.62	0		0.010600
97	190	5	1	208	120	105	41	35	57	3.96	0		0.013800
97	189	3	0	239	120	0	41	29	56	2.49	0		0.010500
97	188	2	0	215	0	149	56	39	29	4.62	0		0.010600


-------------------------------------------------------------------------------------------------------------------
Tour_Id:			4
No_of_Customers:		24
No_of_Items:			54
Customer_Sequence:		175 145 174 190 19 6 112 139 68 78 141 200 56 131 136 140 80 60 36 64 67 124 155 88 

CustId	Id	TypeId	Rotated	x	y	z	Length	Width	Height	mass	Fragility	LoadBearingStrength
88	169	1	0	0	0	0	82	60	60	6.73	0		0.006800
88	171	3	0	0	60	0	41	29	56	2.49	0		0.010500
88	170	2	0	0	89	0	56	39	29	4.62	0		0.010600
155	306	8	0	0	0	60	76	60	60	11.80	0		0.012900
155	307	9	0	0	128	0	53	42	38	4.52	0		0.010200
124	248	1	0	0	0	120	82	60	60	6.73	0		0.006800
124	249	2	0	0	89	29	56	39	29	4.62	0		0.010600
124	250	10	0	0	128	38	32	26	23	4.57	0		0.027500
67	122	1	0	56	60	0	82	60	60	6.73	0		0.006800
67	123	2	0	0	89	58	56	39	29	4.62	0		0.010600
64	116	6	0	56	60	60	87	60	60	7.52	0		0.007200
64	117	7	0	0	89	87	38	30	22	2.82	0		0.012400
64	118	7	0	0	89	109	38	30	22	2.82	0		0.012400
36	64	8	0	56	60	120	76	60	60	11.80	0		0.012900
36	61	5	0	0	89	131	41	35	57	3.96	0		0.013800
36	62	7	0	53	128	0	38	30	22	2.82	0		0.012400
36	63	7	0	53	128	22	38	30	22	2.82	0		0.012400
60	107	1	0	82	0	0	82	60	60	6.73	0		0.006800
60	108	7	0	53	128	44	38	30	22	2.82	0		0.012400
60	109	7	0	53	128	66	38	30	22	2.82	0		0.012400
80	152	6	0	82	0	60	87	60	60	7.52	0		0.007200
80	151	3	0	53	128	88	41	29	56	2.49	0		0.010500
140	282	3	0	82	0	120	41	29	56	2.49	0		0.010500
136	274	9	0	94	120	0	53	42	38	4.52	0		0.010200
136	272	3	0	82	29	120	41	29	56	2.49	0		0.010500
136	271	2	0	94	120	38	56	39	29	4.62	0		0.010600
136	273	7	0	53	128	144	38	30	22	2.82	0		0.012400
136	275	10	0	53	128	166	32	26	23	4.57	0		0.027500
131	261	2	0	94	120	67	56	39	29	4.62	0		0.010600
56	100	9	0	94	120	96	53	42	38	4.52	0		0.010200
200	400	6	0	147	60	0	87	60	60	7.52	0		0.007200
141	283	4	0	94	120	134	60	40	50	2.91	1		0.001200
78	148	6	0	143	60	60	87	60	60	7.52	0		0.007200
68	125	8	0	132	60	120	76	60	60	11.80	0		0.012900
68	124	5	0	123	0	120	41	35	57	3.96	0		0.013800
68	126	10	0	154	120	0	32	26	23	4.57	0		0.027500
139	280	1	0	169	0	0	82	60	60	6.73	0		0.006800
139	281	3	0	169	0	60	41	29	56	2.49	0		0.010500
112	225	8	0	234	60	0	76	60	60	11.80	0		0.012900
112	226	8	0	230	60	60	76	60	60	11.80	0		0.012900
112	227	9	0	186	120	0	53	42	38	4.52	0		0.010200
112	228	9	0	186	120	38	53	42	38	4.52	0		0.010200
112	229	10	0	154	146	0	32	26	23	4.57	0		0.027500
6	12	2	0	186	120	76	56	39	29	4.62	0		0.010600
19	30	3	0	169	29	60	41	29	56	2.49	0		0.010500
19	31	3	0	169	0	116	41	29	56	2.49	0		0.010500
190	378	6	0	208	60	120	87	60	60	7.52	0		0.007200
190	375	5	0	186	120	105	41	35	57	3.96	0		0.013800
190	376	5	0	210	0	60	41	35	57	3.96	0		0.013800
190	377	5	0	210	0	117	41	35	57	3.96	0		0.013800
174	345	5	0	242	120	0	41	35	57	3.96	0		0.013800
145	288	5	0	242	120	57	41	35	57	3.96	0		0.013800
175	346	3	0	242	120	114	41	29	56	2.49	0		0.010500
175	347	10	0	186	120	162	32	26	23	4.57	0		0.027500


-------------------------------------------------------------------------------------------------------------------
Tour_Id:			5
No_of_Customers:		24
No_of_Items:			48
Customer_Sequence:		113 16 195 125 28 165 38 102 65 109 108 91 7 10 26 168 169 69 44 14 119 142 92 59 

CustId	Id	TypeId	Rotated	x	y	z	Length	Width	Height	mass	Fragility	LoadBearingStrength
59	106	6	0	0	0	0	87	60	60	7.52	0		0.007200
59	105	1	0	0	60	0	82	60	60	6.73	0		0.006800
92	179	8	0	0	0	60	76	60	60	11.80	0		0.012900
142	284	9	0	0	120	0	53	42	38	4.52	0		0.010200
119	242	6	0	0	60	60	87	60	60	7.52	0		0.007200
14	22	8	0	0	0	120	76	60	60	11.80	0		0.012900
14	23	9	0	0	120	38	53	42	38	4.52	0		0.010200
44	80	8	0	0	60	120	76	60	60	11.80	0		0.012900
69	130	6	0	87	0	0	87	60	60	7.52	0		0.007200
69	129	5	0	0	120	76	41	35	57	3.96	0		0.013800
69	127	2	0	53	120	0	56	39	29	4.62	0		0.010600
69	128	4	0	53	120	29	60	40	50	2.91	1		0.001200
169	338	6	0	76	0	60	87	60	60	7.52	0		0.007200
168	337	9	0	76	0	120	53	42	38	4.52	0		0.010200
26	40	1	0	87	60	0	82	60	60	6.73	0		0.006800
10	16	2	0	76	0	158	56	39	29	4.62	0		0.010600
10	17	2	0	87	60	60	56	39	29	4.62	0		0.010600
7	13	7	0	0	120	133	38	30	22	2.82	0		0.012400
91	178	8	0	169	60	0	76	60	60	11.80	0		0.012900
91	176	4	0	41	120	79	60	40	50	2.91	1		0.001200
91	177	4	0	41	120	129	60	40	50	2.91	1		0.001200
108	215	5	0	87	60	89	41	35	57	3.96	0		0.013800
109	218	9	0	113	120	0	53	42	38	4.52	0		0.010200
109	216	3	0	113	120	38	41	29	56	2.49	0		0.010500
109	217	4	1	132	0	120	60	40	50	2.91	1		0.001200
65	119	1	0	143	60	60	82	60	60	6.73	0		0.006800
65	120	10	0	87	60	146	32	26	23	4.57	0		0.027500
102	202	6	0	128	60	120	87	60	60	7.52	0		0.007200
102	203	9	0	166	120	0	53	42	38	4.52	0		0.010200
102	201	2	0	154	120	38	56	39	29	4.62	0		0.010600
38	67	1	0	174	0	0	82	60	60	6.73	0		0.006800
38	68	1	0	172	0	60	82	60	60	6.73	0		0.006800
165	328	3	0	113	120	94	41	29	56	2.49	0		0.010500
165	329	7	0	113	120	150	38	30	22	2.82	0		0.012400
165	330	10	0	154	120	67	32	26	23	4.57	0		0.027500
28	44	3	0	172	0	120	41	29	56	2.49	0		0.010500
28	45	10	0	154	120	90	32	26	23	4.57	0		0.027500
125	251	1	1	245	60	0	82	60	60	6.73	0		0.006800
125	252	5	0	213	0	120	41	35	57	3.96	0		0.013800
125	253	10	0	154	120	113	32	26	23	4.57	0		0.027500
125	254	10	0	154	120	136	32	26	23	4.57	0		0.027500
195	393	6	0	225	60	60	87	60	60	7.52	0		0.007200
195	392	5	0	215	35	120	41	35	57	3.96	0		0.013800
195	394	10	0	151	120	159	32	26	23	4.57	0		0.027500
195	391	4	0	215	70	120	60	40	50	2.91	1		0.001200
16	26	7	1	186	120	67	38	30	22	2.82	0		0.012400
113	230	7	0	186	120	89	38	30	22	2.82	0		0.012400
113	231	7	0	186	120	111	38	30	22	2.82	0		0.012400


-------------------------------------------------------------------------------------------------------------------
Tour_Id:			6
No_of_Customers:		29
No_of_Items:			49
Customer_Sequence:		137 148 15 2 159 173 58 74 3 61 9 77 146 152 72 130 40 37 62 83 196 186 22 70 122 184 121 172 127 

CustId	Id	TypeId	Rotated	x	y	z	Length	Width	Height	mass	Fragility	LoadBearingStrength
127	256	1	0	0	0	0	82	60	60	6.73	0		0.006800
172	343	4	0	0	60	0	60	40	50	2.91	1		0.001200
121	244	3	0	0	100	0	41	29	56	2.49	0		0.010500
184	359	5	0	0	129	0	41	35	57	3.96	0		0.013800
184	360	7	0	0	129	57	38	30	22	2.82	0		0.012400
122	246	8	0	0	0	60	76	60	60	11.80	0		0.012900
122	245	5	0	0	129	79	41	35	57	3.96	0		0.013800
70	131	6	0	0	0	120	87	60	60	7.52	0		0.007200
70	132	8	0	41	100	0	76	60	60	11.80	0		0.012900
22	34	7	0	0	129	136	38	30	22	2.82	0		0.012400
22	35	10	0	0	129	158	32	26	23	4.57	0		0.027500
186	367	6	0	41	100	60	87	60	60	7.52	0		0.007200
186	364	3	0	41	100	120	41	29	56	2.49	0		0.010500
186	365	3	0	41	129	120	41	29	56	2.49	0		0.010500
186	366	4	0	0	60	50	60	40	50	2.91	1		0.001200
196	395	1	0	87	0	0	82	60	60	6.73	0		0.006800
196	396	4	0	0	60	100	60	40	50	2.91	1		0.001200
83	160	1	0	87	0	60	82	60	60	6.73	0		0.006800
83	161	2	0	60	60	0	56	39	29	4.62	0		0.010600
62	114	8	0	87	0	120	76	60	60	11.80	0		0.012900
62	112	5	0	60	60	29	41	35	57	3.96	0		0.013800
62	113	7	0	60	60	86	38	30	22	2.82	0		0.012400
37	65	5	0	60	60	108	41	35	57	3.96	0		0.013800
37	66	7	0	60	60	165	38	30	22	2.82	0		0.012400
40	72	5	0	82	100	120	41	35	57	3.96	0		0.013800
40	71	2	0	116	60	0	56	39	29	4.62	0		0.010600
130	260	4	0	101	60	29	60	40	50	2.91	1		0.001200
72	137	2	0	169	0	0	56	39	29	4.62	0		0.010600
152	302	9	0	169	0	29	53	42	38	4.52	0		0.010200
152	301	7	0	82	135	120	38	30	22	2.82	0		0.012400
146	289	10	0	82	135	142	32	26	23	4.57	0		0.027500
77	147	8	0	172	60	0	76	60	60	11.80	0		0.012900
9	15	2	0	128	120	0	56	39	29	4.62	0		0.010600
61	110	3	0	128	120	29	41	29	56	2.49	0		0.010500
61	111	7	0	128	120	85	38	30	22	2.82	0		0.012400
3	7	9	0	161	60	60	53	42	38	4.52	0		0.010200
3	6	5	0	128	120	107	41	35	57	3.96	0		0.013800
74	139	2	0	161	60	98	56	39	29	4.62	0		0.010600
58	104	6	0	225	0	0	87	60	60	7.52	0		0.007200
173	344	1	0	222	0	60	82	60	60	6.73	0		0.006800
159	313	3	0	161	60	127	41	29	56	2.49	0		0.010500
2	4	1	0	222	0	120	82	60	60	6.73	0		0.006800
2	5	2	0	184	120	0	56	39	29	4.62	0		0.010600
15	24	1	1	248	60	0	82	60	60	6.73	0		0.006800
15	25	4	0	169	120	29	60	40	50	2.91	1		0.001200
148	294	6	0	217	60	60	87	60	60	7.52	0		0.007200
148	293	2	0	217	60	120	56	39	29	4.62	0		0.010600
137	277	5	1	273	60	120	41	35	57	3.96	0		0.013800
137	276	3	0	240	142	0	41	29	56	2.49	0		0.010500


-------------------------------------------------------------------------------------------------------------------
Tour_Id:			7
No_of_Customers:		29
No_of_Items:			52
Customer_Sequence:		18 115 35 187 84 160 188 105 4 158 21 149 79 86 52 153 150 20 198 117 11 48 8 27 118 147 46 5 177 

CustId	Id	TypeId	Rotated	x	y	z	Length	Width	Height	mass	Fragility	LoadBearingStrength
177	349	4	0	0	0	0	60	40	50	2.91	1		0.001200
5	11	9	0	0	40	0	53	42	38	4.52	0		0.010200
5	10	2	0	0	82	0	56	39	29	4.62	0		0.010600
46	84	8	0	56	40	0	76	60	60	11.80	0		0.012900
46	85	9	0	0	121	0	53	42	38	4.52	0		0.010200
46	82	3	0	0	82	29	41	29	56	2.49	0		0.010500
46	83	3	0	0	40	38	41	29	56	2.49	0		0.010500
147	292	8	0	56	100	0	76	60	60	11.80	0		0.012900
147	290	3	0	0	121	38	41	29	56	2.49	0		0.010500
147	291	4	0	0	0	50	60	40	50	2.91	1		0.001200
118	241	1	0	56	40	60	82	60	60	6.73	0		0.006800
27	41	1	0	41	100	60	82	60	60	6.73	0		0.006800
27	42	3	0	0	121	94	41	29	56	2.49	0		0.010500
27	43	7	0	0	121	150	38	30	22	2.82	0		0.012400
8	14	9	0	41	100	120	53	42	38	4.52	0		0.010200
48	88	1	0	56	40	120	82	60	60	6.73	0		0.006800
11	18	1	0	132	100	0	82	60	60	6.73	0		0.006800
117	239	1	0	123	100	60	82	60	60	6.73	0		0.006800
117	240	7	0	41	100	158	38	30	22	2.82	0		0.012400
198	398	3	0	60	0	0	41	29	56	2.49	0		0.010500
20	32	3	0	60	0	56	41	29	56	2.49	0		0.010500
150	296	2	0	94	100	120	56	39	29	4.62	0		0.010600
150	297	10	0	60	0	112	32	26	23	4.57	0		0.027500
153	303	8	0	138	0	0	76	60	60	11.80	0		0.012900
52	93	3	0	138	60	0	41	29	56	2.49	0		0.010500
52	94	10	0	60	0	135	32	26	23	4.57	0		0.027500
86	166	6	0	138	0	60	87	60	60	7.52	0		0.007200
86	167	9	0	94	100	149	53	42	38	4.52	0		0.010200
79	150	8	0	138	0	120	76	60	60	11.80	0		0.012900
79	149	5	0	138	60	56	41	35	57	3.96	0		0.013800
149	295	4	0	150	100	120	60	40	50	2.91	1		0.001200
21	33	9	0	214	100	0	53	42	38	4.52	0		0.010200
158	312	8	0	225	0	0	76	60	60	11.80	0		0.012900
158	311	5	0	138	60	113	41	35	57	3.96	0		0.013800
4	8	1	0	225	0	60	82	60	60	6.73	0		0.006800
4	9	9	0	214	100	38	53	42	38	4.52	0		0.010200
105	209	2	0	179	60	0	56	39	29	4.62	0		0.010600
105	210	10	0	147	140	120	32	26	23	4.57	0		0.027500
188	371	10	0	147	140	143	32	26	23	4.57	0		0.027500
160	316	9	0	214	100	76	53	42	38	4.52	0		0.010200
160	314	5	0	179	60	29	41	35	57	3.96	0		0.013800
160	315	5	0	179	60	86	41	35	57	3.96	0		0.013800
84	162	6	0	214	0	120	87	60	60	7.52	0		0.007200
84	163	10	0	147	140	166	32	26	23	4.57	0		0.027500
187	370	9	0	214	100	114	53	42	38	4.52	0		0.010200
187	368	7	0	179	60	143	38	30	22	2.82	0		0.012400
187	369	7	0	179	60	165	38	30	22	2.82	0		0.012400
35	59	4	0	235	60	0	60	40	50	2.91	1		0.001200
35	60	4	0	220	60	50	60	40	50	2.91	1		0.001200
115	236	9	0	214	100	152	53	42	38	4.52	0		0.010200
115	235	2	1	267	100	0	56	39	29	4.62	0		0.010600
18	29	5	0	267	100	29	41	35	57	3.96	0		0.013800


-------------------------------------------------------------------------------------------------------------------
Tour_Id:			8
No_of_Customers:		22
No_of_Items:			50
Customer_Sequence:		104 81 71 180 129 41 85 93 90 176 43 157 73 89 110 45 1 135 132 25 192 116 

CustId	Id	TypeId	Rotated	x	y	z	Length	Width	Height	mass	Fragility	LoadBearingStrength
116	238	5	0	0	0	0	41	35	57	3.96	0		0.013800
116	237	4	0	0	35	0	60	40	50	2.91	1		0.001200
192	381	6	0	0	75	0	87	60	60	7.52	0		0.007200
192	382	8	0	0	75	60	76	60	60	11.80	0		0.012900
192	383	10	0	0	135	0	32	26	23	4.57	0		0.027500
192	384	10	0	0	135	23	32	26	23	4.57	0		0.027500
25	39	4	0	0	35	50	60	40	50	2.91	1		0.001200
132	264	5	0	0	0	57	41	35	57	3.96	0		0.013800
132	265	10	0	0	135	46	32	26	23	4.57	0		0.027500
132	262	4	0	0	35	100	60	40	50	2.91	1		0.001200
132	263	4	0	0	75	120	60	40	50	2.91	1		0.001200
135	270	6	0	60	0	0	87	60	60	7.52	0		0.007200
135	269	4	0	60	0	60	60	40	50	2.91	1		0.001200
1	3	8	0	87	75	0	76	60	60	11.80	0		0.012900
1	2	5	0	0	0	114	41	35	57	3.96	0		0.013800
1	1	2	0	32	135	0	56	39	29	4.62	0		0.010600
45	81	4	0	60	0	110	60	40	50	2.91	1		0.001200
110	219	6	1	76	40	60	87	60	60	7.52	0		0.007200
110	220	10	0	0	135	69	32	26	23	4.57	0		0.027500
110	221	10	0	0	135	92	32	26	23	4.57	0		0.027500
89	174	9	0	60	75	120	53	42	38	4.52	0		0.010200
89	173	3	0	32	135	29	41	29	56	2.49	0		0.010500
89	172	2	0	60	75	158	56	39	29	4.62	0		0.010600
73	138	3	0	32	135	85	41	29	56	2.49	0		0.010500
157	310	9	0	147	0	0	53	42	38	4.52	0		0.010200
43	79	2	0	88	135	0	56	39	29	4.62	0		0.010600
176	348	3	0	73	135	29	41	29	56	2.49	0		0.010500
90	175	3	0	73	135	85	41	29	56	2.49	0		0.010500
93	182	6	0	163	75	0	87	60	60	7.52	0		0.007200
93	180	1	0	163	75	60	82	60	60	6.73	0		0.006800
93	183	9	0	147	0	38	53	42	38	4.52	0		0.010200
93	181	3	0	144	135	0	41	29	56	2.49	0		0.010500
85	164	1	0	163	75	120	82	60	60	6.73	0		0.006800
85	165	8	0	200	0	0	76	60	60	11.80	0		0.012900
41	73	3	0	144	135	56	41	29	56	2.49	0		0.010500
41	74	10	0	32	135	141	32	26	23	4.57	0		0.027500
41	75	10	0	32	135	164	32	26	23	4.57	0		0.027500
129	258	7	0	64	135	141	38	30	22	2.82	0		0.012400
129	259	10	0	64	135	163	32	26	23	4.57	0		0.027500
180	353	4	0	136	0	76	60	40	50	2.91	1		0.001200
71	135	9	0	200	0	60	53	42	38	4.52	0		0.010200
71	136	9	0	196	0	98	53	42	38	4.52	0		0.010200
71	133	3	0	144	135	112	41	29	56	2.49	0		0.010500
71	134	3	0	185	135	0	41	29	56	2.49	0		0.010500
81	153	1	1	250	75	0	82	60	60	6.73	0		0.006800
81	155	8	1	245	75	60	76	60	60	11.80	0		0.012900
81	154	3	0	185	135	56	41	29	56	2.49	0		0.010500
81	156	10	0	185	135	112	32	26	23	4.57	0		0.027500
104	207	8	1	245	75	120	76	60	60	11.80	0		0.012900
104	208	10	0	185	135	135	32	26	23	4.57	0		0.027500


