Name:				120_Manual_n200_m400_bt100_5
Problem:			3L-VRPTW
Number_of_used_Vehicles:	9
Total_Travel_Distance:		208.297
Total_Unloading_Effort:		54.63
Total_Travel_Time:		1276.21
Calculation_Time:			3600
Total_Iterations:		14
ConstraintSet:			P22

-------------------------------------------------------------------------------------------------------------------
Tour_Id:			1
No_of_Customers:		24
No_of_Items:			43
Customer_Sequence:		131 140 133 31 192 137 59 119 94 142 141 170 21 187 45 14 93 84 1 145 108 23 195 18 

CustId	Id	TypeId	Rotated	x	y	z	Length	Width	Height	mass	Fragility	LoadBearingStrength
18	36	84	0	0	0	0	38	58	59	4.93	0		0.011200
18	37	97	0	0	58	0	40	36	44	4.23	0		0.014700
195	392	46	0	0	94	0	118	60	60	6.14	0		0.004300
195	393	64	0	0	94	60	80	60	60	13.02	0		0.013600
23	45	41	0	0	94	120	81	60	60	9.24	0		0.009500
23	46	42	0	0	58	44	44	30	60	1.07	0		0.004100
23	47	75	0	0	0	59	34	27	33	1.73	0		0.009400
108	221	69	0	44	0	0	80	60	60	19.01	0		0.019800
108	220	28	0	0	58	104	47	36	38	2.30	0		0.006800
145	297	27	0	47	0	60	76	60	60	11.09	0		0.012200
145	296	26	0	47	0	120	44	45	45	1.73	0		0.004400
145	298	40	1	0	58	142	36	58	30	3.88	0		0.009300
145	295	10	0	91	0	120	31	45	30	1.78	0		0.006400
1	1	50	0	0	154	0	56	20	48	2.31	0		0.010300
84	176	22	0	118	94	0	59	48	56	3.47	0		0.006100
93	193	56	0	118	94	56	51	49	30	2.96	0		0.005900
14	29	70	0	124	0	0	65	60	60	19.31	0		0.024800
45	94	87	0	0	154	48	58	20	42	4.52	0		0.019500
187	376	14	0	123	0	60	74	60	60	11.58	0		0.013000
21	42	98	0	118	94	86	55	53	31	2.80	0		0.004800
21	41	45	0	47	0	165	49	23	25	2.12	0		0.009400
21	40	8	0	0	154	90	44	20	25	4.17	0		0.023700
170	346	15	1	58	60	0	29	46	53	4.80	0		0.018000
141	287	70	0	122	0	120	65	60	60	19.31	0		0.024800
141	288	95	0	118	94	117	40	55	38	1.67	0		0.003800
141	285	11	0	177	94	0	58	60	20	4.58	0		0.006600
141	286	16	0	58	60	53	32	31	41	3.47	1		0.003500
142	290	56	0	118	94	155	51	49	30	2.96	0		0.005900
142	291	78	0	177	94	20	50	44	25	2.41	0		0.005500
142	289	45	0	104	60	0	49	23	25	2.12	0		0.009400
94	194	12	0	197	0	0	116	60	60	7.31	0		0.005300
119	242	31	0	197	0	60	84	60	60	19.37	0		0.019200
119	243	65	1	104	60	25	22	43	40	1.57	0		0.008300
59	120	55	0	177	94	45	52	51	36	1.80	0		0.003400
59	121	66	1	104	60	65	25	45	57	4.93	0		0.021900
137	278	75	0	104	60	122	34	27	33	1.73	0		0.009400
192	386	76	0	153	60	0	31	27	49	3.35	0		0.020000
192	385	49	0	104	60	155	28	27	28	4.00	0		0.026500
31	66	95	0	177	94	81	40	55	38	1.67	0		0.003800
133	269	6	0	187	0	120	117	60	60	5.65	0		0.004000
133	270	87	0	0	154	115	58	20	42	4.52	0		0.019500
140	284	36	0	235	94	0	74	60	60	2.71	0		0.003100
131	266	100	0	177	94	119	46	40	25	2.29	0		0.006200


-------------------------------------------------------------------------------------------------------------------
Tour_Id:			2
No_of_Customers:		22
No_of_Items:			49
Customer_Sequence:		175 144 190 104 67 126 113 132 92 25 47 24 114 22 97 80 178 91 2 158 146 62 

CustId	Id	TypeId	Rotated	x	y	z	Length	Width	Height	mass	Fragility	LoadBearingStrength
62	127	82	0	0	0	0	103	60	60	19.69	0		0.015900
62	126	5	0	0	60	0	74	60	60	4.83	0		0.005400
146	300	41	0	0	0	60	81	60	60	9.24	0		0.009500
146	299	36	0	0	60	60	74	60	60	2.71	0		0.003100
158	320	92	0	0	0	120	78	60	60	21.09	0		0.022500
158	319	27	0	0	60	120	76	60	60	11.09	0		0.012200
158	321	97	0	0	120	0	40	36	44	4.23	0		0.014700
2	2	64	0	76	60	0	80	60	60	13.02	0		0.013600
91	187	41	0	76	60	60	81	60	60	9.24	0		0.009500
91	189	74	0	0	120	44	37	39	42	4.48	0		0.015500
91	188	49	0	0	120	86	28	27	28	4.00	0		0.026500
178	359	79	0	40	120	0	46	35	59	1.43	0		0.004400
178	358	78	0	76	60	120	50	44	25	2.41	0		0.005500
80	169	77	0	103	0	0	71	60	60	10.55	0		0.012400
80	168	52	0	81	0	60	63	60	60	20.19	0		0.026700
80	167	21	0	78	0	120	56	51	52	4.85	0		0.008500
97	197	3	0	174	0	0	107	60	60	19.67	0		0.015300
97	199	73	1	37	120	59	41	52	32	4.83	0		0.011300
97	198	7	0	28	120	91	47	27	42	3.08	0		0.012100
22	43	46	0	144	0	60	118	60	60	6.14	0		0.004300
22	44	55	0	76	60	145	52	51	36	1.80	0		0.003400
114	232	41	0	134	0	120	81	60	60	9.24	0		0.009500
114	231	36	0	157	60	0	74	60	60	2.71	0		0.003100
114	230	21	0	89	120	0	56	51	52	4.85	0		0.008500
24	49	41	0	157	60	60	81	60	60	9.24	0		0.009500
24	48	7	0	28	120	133	47	27	42	3.08	0		0.012100
47	99	88	0	89	120	52	57	29	47	2.84	0		0.008600
47	98	32	1	89	149	52	21	46	21	2.75	0		0.014200
25	52	68	0	128	60	120	55	55	32	4.36	0		0.007200
25	54	95	0	128	60	152	40	55	38	1.67	0		0.003800
25	50	24	0	89	120	99	39	34	44	3.38	0		0.012700
25	53	75	0	89	120	143	34	27	33	1.73	0		0.009400
25	51	32	1	89	149	73	21	46	21	2.75	0		0.014200
92	191	38	0	146	120	0	41	52	29	3.59	0		0.008400
92	190	24	0	146	120	29	39	34	44	3.38	0		0.012700
92	192	94	0	146	120	73	35	27	60	2.01	1		0.002100
132	267	34	0	183	60	120	40	36	26	3.78	0		0.013100
132	268	58	1	183	96	120	21	50	28	1.09	0		0.005200
113	228	64	1	238	60	0	80	60	60	13.02	0		0.013600
113	229	91	0	187	140	0	55	25	58	1.64	0		0.006000
126	258	37	0	183	60	146	40	21	40	3.94	0		0.023500
126	257	16	0	146	120	133	32	31	41	3.47	1		0.003500
67	138	25	1	238	60	60	83	60	60	9.21	0		0.009200
67	139	57	0	185	140	58	46	31	58	4.74	1		0.003300
104	212	27	1	238	60	120	76	60	60	11.09	0		0.012200
190	383	90	0	215	0	120	44	50	44	4.53	0		0.010300
190	382	85	1	281	0	0	46	27	50	2.93	0		0.011800
144	294	37	1	262	0	60	40	21	40	3.94	0		0.023500
175	355	49	0	262	0	100	28	27	28	4.00	0		0.026500


-------------------------------------------------------------------------------------------------------------------
Tour_Id:			3
No_of_Customers:		18
No_of_Items:			35
Customer_Sequence:		38 123 40 37 189 4 28 129 3 182 102 157 164 8 48 35 109 42 

CustId	Id	TypeId	Rotated	x	y	z	Length	Width	Height	mass	Fragility	LoadBearingStrength
42	88	84	0	0	0	0	38	58	59	4.93	0		0.011200
42	87	45	0	0	58	0	49	23	25	2.12	0		0.009400
109	222	43	0	0	81	0	22	50	45	2.23	0		0.010100
35	76	94	0	0	131	0	35	27	60	2.01	1		0.002100
48	100	13	0	35	81	0	74	60	60	13.39	0		0.015100
8	16	3	0	49	0	0	107	60	60	19.67	0		0.015300
8	17	89	1	0	0	59	50	41	42	2.90	0		0.007100
8	18	95	0	0	0	101	40	55	38	1.67	0		0.003800
164	333	64	0	35	81	60	80	60	60	13.02	0		0.013600
164	331	42	0	35	141	0	44	30	60	1.07	0		0.004100
164	332	61	0	0	0	139	36	53	41	3.00	0		0.007900
164	334	85	0	35	141	60	46	27	50	2.93	0		0.011800
157	318	77	0	35	81	120	71	60	60	10.55	0		0.012400
102	209	46	0	49	0	60	118	60	60	6.14	0		0.004300
102	208	10	1	35	141	110	31	45	30	1.78	0		0.006400
182	368	77	0	40	0	120	71	60	60	10.55	0		0.012400
182	367	26	0	111	0	120	44	45	45	1.73	0		0.004400
3	3	6	0	115	60	0	117	60	60	5.65	0		0.004000
3	5	52	0	115	60	60	63	60	60	20.19	0		0.026700
3	4	26	0	106	60	120	44	45	45	1.73	0		0.004400
3	6	56	0	115	120	0	51	49	30	2.96	0		0.005900
129	261	14	0	167	0	0	74	60	60	11.58	0		0.013000
28	59	8	0	35	141	140	44	20	25	4.17	0		0.023700
4	8	87	0	106	105	120	58	20	42	4.52	0		0.019500
4	7	2	0	115	120	30	42	26	38	4.95	0		0.022700
189	379	6	1	178	0	60	117	60	60	5.65	0		0.004000
189	380	84	0	150	45	120	38	58	59	4.93	0		0.011200
189	381	85	0	115	146	30	46	27	50	2.93	0		0.011800
37	79	58	1	106	105	162	21	50	28	1.09	0		0.005200
37	80	58	1	115	146	80	21	50	28	1.09	0		0.005200
40	84	11	0	188	0	120	58	60	20	4.58	0		0.006600
40	85	34	0	166	120	0	40	36	26	3.78	0		0.013100
123	250	25	1	246	0	0	83	60	60	9.21	0		0.009200
123	251	87	0	115	146	108	58	20	42	4.52	0		0.019500
38	81	22	0	188	60	120	59	48	56	3.47	0		0.006100


-------------------------------------------------------------------------------------------------------------------
Tour_Id:			4
No_of_Customers:		27
No_of_Items:			47
Customer_Sequence:		151 30 87 46 54 168 147 107 85 127 52 116 5 65 68 128 125 19 198 82 115 176 166 185 162 78 138 

CustId	Id	TypeId	Rotated	x	y	z	Length	Width	Height	mass	Fragility	LoadBearingStrength
138	279	12	0	0	0	0	116	60	60	7.31	0		0.005300
138	280	14	0	0	60	0	74	60	60	11.58	0		0.013000
78	164	84	1	0	120	0	38	58	59	4.93	0		0.011200
78	163	15	0	0	120	59	29	46	53	4.80	0		0.018000
162	327	74	0	0	0	60	37	39	42	4.48	0		0.015500
162	326	53	0	0	39	60	47	43	37	3.45	1		0.001700
185	373	45	0	0	82	60	49	23	25	2.12	0		0.009400
166	339	54	1	49	0	60	95	60	60	17.53	0		0.015400
166	338	22	0	49	0	120	59	48	56	3.47	0		0.006100
176	356	45	1	0	120	112	49	23	25	2.12	0		0.009400
115	233	3	0	116	0	0	107	60	60	19.67	0		0.015300
115	235	63	0	0	120	137	27	30	46	3.25	0		0.020000
115	234	16	0	29	120	59	32	31	41	3.47	1		0.003500
82	174	47	0	49	48	120	50	25	36	2.65	0		0.010600
198	398	23	0	49	73	120	42	25	49	2.18	0		0.010400
19	38	21	0	61	120	0	56	51	52	4.85	0		0.008500
125	256	86	0	109	60	0	79	60	60	15.91	0		0.016800
125	255	7	0	61	120	52	47	27	42	3.08	0		0.012100
128	260	33	0	109	0	60	58	40	47	4.69	0		0.010100
68	140	18	0	109	40	60	87	60	60	18.28	0		0.017500
68	141	52	0	99	48	120	63	60	60	20.19	0		0.026700
65	134	7	0	61	147	52	47	27	42	3.08	0		0.012100
5	10	70	0	223	0	0	65	60	60	19.31	0		0.024800
5	11	98	0	61	120	94	55	53	31	2.80	0		0.004800
5	9	61	0	61	120	125	36	53	41	3.00	0		0.007900
116	236	30	1	109	0	107	35	56	39	1.98	0		0.005000
52	108	14	0	196	60	0	74	60	60	11.58	0		0.013000
127	259	13	0	196	0	60	74	60	60	13.39	0		0.015100
85	178	55	0	117	120	0	52	51	36	1.80	0		0.003400
85	177	32	0	61	120	166	21	46	21	2.75	0		0.014200
107	218	59	0	196	60	60	81	60	60	2.91	0		0.003000
107	219	93	1	97	120	125	45	22	30	3.37	0		0.017000
147	301	65	0	108	0	146	22	43	40	1.57	0		0.008300
168	342	43	0	119	120	36	22	50	45	2.23	0		0.010100
168	343	51	0	119	120	81	21	29	60	3.83	0		0.031500
54	110	84	0	162	35	120	38	58	59	4.93	0		0.011200
46	97	98	0	169	120	0	55	53	31	2.80	0		0.004800
46	95	45	1	97	120	155	49	23	25	2.12	0		0.009400
46	96	49	0	130	0	146	28	27	28	4.00	0		0.026500
87	182	89	0	169	120	31	50	41	42	2.90	0		0.007100
87	181	73	0	169	120	73	41	52	32	4.83	0		0.011300
30	63	33	0	200	0	120	58	40	47	4.69	0		0.010100
30	61	11	0	200	40	120	58	60	20	4.58	0		0.006600
30	65	62	0	200	100	120	59	20	51	3.27	0		0.013900
30	64	34	0	169	120	105	40	36	26	3.78	0		0.013100
30	62	16	0	169	120	131	32	31	41	3.47	1		0.003500
151	308	78	0	200	40	140	50	44	25	2.41	0		0.005500


-------------------------------------------------------------------------------------------------------------------
Tour_Id:			5
No_of_Customers:		23
No_of_Items:			52
Customer_Sequence:		33 118 188 99 200 184 17 110 101 95 86 76 98 143 26 121 179 197 193 136 156 153 163 

CustId	Id	TypeId	Rotated	x	y	z	Length	Width	Height	mass	Fragility	LoadBearingStrength
163	329	67	0	0	0	0	74	60	60	10.01	0		0.011300
163	328	33	0	0	60	0	58	40	47	4.69	0		0.010100
163	330	93	0	0	100	0	45	22	30	3.37	0		0.017000
153	311	30	1	0	122	0	35	56	39	1.98	0		0.005000
153	312	38	1	0	122	39	41	52	29	3.59	0		0.008400
153	313	93	0	0	100	30	45	22	30	3.37	0		0.017000
156	317	40	1	0	60	47	36	58	30	3.88	0		0.009300
136	277	36	0	0	0	60	74	60	60	2.71	0		0.003100
136	276	35	0	0	0	120	67	60	60	16.26	0		0.020200
193	388	88	0	0	122	68	57	29	47	2.84	0		0.008600
193	389	97	0	0	60	77	40	36	44	4.23	0		0.014700
193	387	2	0	0	122	115	42	26	38	4.95	0		0.022700
197	397	44	0	57	100	0	57	49	59	1.74	0		0.003100
197	396	23	0	0	60	121	42	25	49	2.18	0		0.010400
179	361	59	0	74	0	0	81	60	60	2.91	0		0.003000
179	360	55	0	57	100	59	52	51	36	1.80	0		0.003400
179	362	100	0	57	100	95	46	40	25	2.29	0		0.006200
121	247	14	0	74	0	60	74	60	60	11.58	0		0.013000
121	248	55	0	67	0	120	52	51	36	1.80	0		0.003400
121	246	9	0	57	100	120	42	33	48	1.77	0		0.006400
26	56	95	1	58	60	0	40	55	38	1.67	0		0.003800
26	55	40	1	58	60	38	36	58	30	3.88	0		0.009300
143	292	46	0	114	100	0	118	60	60	6.14	0		0.004300
143	293	68	0	67	0	156	55	55	32	4.36	0		0.007200
98	200	17	1	57	100	168	30	51	20	2.72	0		0.008900
76	159	59	0	109	96	60	81	60	60	2.91	0		0.003000
76	160	69	0	109	96	120	80	60	60	19.01	0		0.019800
76	157	19	0	58	60	68	49	25	49	4.27	0		0.017400
76	158	20	0	58	60	117	42	31	45	4.24	0		0.016300
86	180	86	0	155	0	0	79	60	60	15.91	0		0.016800
86	179	21	0	148	0	60	56	51	52	4.85	0		0.008500
95	195	1	1	116	60	0	35	58	41	3.90	0		0.009600
101	205	21	0	148	0	112	56	51	52	4.85	0		0.008500
101	206	81	0	116	60	41	45	22	59	3.91	0		0.019800
101	207	100	0	148	0	164	46	40	25	2.29	0		0.006200
110	223	13	0	232	100	0	74	60	60	13.39	0		0.015100
17	33	26	0	190	96	60	44	45	45	1.73	0		0.004400
17	34	47	0	116	60	100	50	25	36	2.65	0		0.010600
17	35	53	0	190	96	105	47	43	37	3.45	1		0.001700
184	372	60	0	174	60	0	54	36	60	1.90	0		0.004900
184	371	47	0	116	60	136	50	25	36	2.65	0		0.010600
200	400	51	0	174	60	60	21	29	60	3.83	0		0.031500
99	201	67	0	234	0	0	74	60	60	10.01	0		0.011300
188	377	48	0	204	0	60	47	58	42	3.73	0		0.006800
188	378	81	0	190	141	60	45	22	59	3.91	0		0.019800
118	240	26	0	204	0	102	44	45	45	1.73	0		0.004400
118	239	15	1	228	60	0	29	46	53	4.80	0		0.018000
118	241	97	0	195	58	60	40	36	44	4.23	0		0.014700
33	71	27	1	251	0	60	76	60	60	11.09	0		0.012200
33	70	20	1	195	51	104	42	31	45	4.24	0		0.016300
33	73	58	1	190	139	119	21	50	28	1.09	0		0.005200
33	72	45	0	190	139	147	49	23	25	2.12	0		0.009400


-------------------------------------------------------------------------------------------------------------------
Tour_Id:			6
No_of_Customers:		31
No_of_Items:			53
Customer_Sequence:		160 196 159 64 161 130 155 13 41 6 111 57 191 74 34 88 60 16 77 148 89 199 169 75 12 63 100 134 172 106 96 

CustId	Id	TypeId	Rotated	x	y	z	Length	Width	Height	mass	Fragility	LoadBearingStrength
96	196	25	0	0	0	0	83	60	60	9.21	0		0.009200
106	217	12	0	0	60	0	116	60	60	7.31	0		0.005300
172	350	44	0	0	120	0	57	49	59	1.74	0		0.003100
172	349	16	0	0	120	59	32	31	41	3.47	1		0.003500
134	271	31	0	0	0	60	84	60	60	19.37	0		0.019200
89	185	27	0	0	60	60	76	60	60	11.09	0		0.012200
100	203	26	0	0	0	120	44	45	45	1.73	0		0.004400
100	204	40	0	44	0	120	36	58	30	3.88	0		0.009300
63	132	59	0	84	0	0	81	60	60	2.91	0		0.003000
63	130	36	0	84	0	60	74	60	60	2.71	0		0.003100
63	131	55	0	57	120	0	52	51	36	1.80	0		0.003400
63	129	9	1	32	120	59	42	33	48	1.77	0		0.006400
159	323	31	0	0	58	120	84	60	60	19.37	0		0.019200
12	27	4	1	32	120	107	52	31	42	2.48	0		0.007700
75	155	2	1	32	120	149	42	26	38	4.95	0		0.022700
100	202	5	0	116	60	0	74	60	60	4.83	0		0.005400
169	345	87	0	65	120	36	58	20	42	4.52	0		0.019500
169	344	2	0	44	0	150	42	26	38	4.95	0		0.022700
199	399	89	0	86	0	120	50	41	42	2.90	0		0.007100
75	156	16	0	65	140	36	32	31	41	3.47	1		0.003500
148	302	38	0	76	60	60	41	52	29	3.59	0		0.008400
77	162	97	0	117	60	60	40	36	44	4.23	0		0.014700
77	161	50	0	65	120	78	56	20	48	2.31	0		0.010300
16	31	5	0	165	0	0	74	60	60	4.83	0		0.005400
16	32	39	0	123	120	0	27	39	59	2.94	0		0.014000
60	122	16	0	65	140	77	32	31	41	3.47	1		0.003500
88	183	23	0	63	118	126	42	25	49	2.18	0		0.010400
88	184	75	0	123	120	59	34	27	33	1.73	0		0.009400
34	75	66	1	123	120	92	25	45	57	4.93	0		0.021900
130	263	33	1	157	60	60	58	40	47	4.69	0		0.010100
74	154	4	0	158	0	60	52	31	42	2.48	0		0.007700
191	384	82	0	190	60	0	103	60	60	19.69	0		0.015900
57	116	74	0	158	0	102	37	39	42	4.48	0		0.015500
111	225	66	0	168	120	0	25	45	57	4.93	0		0.021900
111	226	97	0	158	0	144	40	36	44	4.23	0		0.014700
111	224	65	1	123	120	149	22	43	40	1.57	0		0.008300
6	13	68	0	239	0	0	55	55	32	4.36	0		0.007200
6	12	11	0	239	0	32	58	60	20	4.58	0		0.006600
41	86	81	1	168	120	57	45	22	59	3.91	0		0.019800
13	28	51	1	117	96	60	21	29	60	3.83	0		0.031500
155	316	26	0	193	120	0	44	45	45	1.73	0		0.004400
155	315	9	0	193	120	45	42	33	48	1.77	0		0.006400
130	265	63	0	168	120	116	27	30	46	3.25	0		0.020000
161	325	63	0	195	118	93	27	30	46	3.25	0		0.020000
64	133	17	0	197	60	60	30	51	20	2.72	0		0.008900
34	74	32	0	86	0	162	21	46	21	2.75	0		0.014200
196	395	50	1	157	60	107	56	20	48	2.31	0		0.010300
130	264	48	1	237	120	0	47	58	42	3.73	0		0.006800
196	394	21	0	227	60	60	56	51	52	4.85	0		0.008500
159	322	22	0	237	120	42	59	48	56	3.47	0		0.006100
130	262	13	0	239	0	52	74	60	60	13.39	0		0.015100
63	128	8	0	0	0	165	44	20	25	4.17	0		0.023700
160	324	41	1	239	0	112	81	60	60	9.24	0		0.009500


-------------------------------------------------------------------------------------------------------------------
Tour_Id:			7
No_of_Customers:		24
No_of_Items:			46
Customer_Sequence:		120 56 50 173 177 32 9 29 73 154 61 72 27 69 122 39 117 15 152 51 183 90 55 20 

CustId	Id	TypeId	Rotated	x	y	z	Length	Width	Height	mass	Fragility	LoadBearingStrength
20	39	6	0	0	0	0	117	60	60	5.65	0		0.004000
55	112	5	0	0	60	0	74	60	60	4.83	0		0.005400
55	113	98	0	0	120	0	55	53	31	2.80	0		0.004800
55	111	4	0	0	120	31	52	31	42	2.48	0		0.007700
90	186	4	0	0	0	60	52	31	42	2.48	0		0.007700
183	369	64	0	0	31	60	80	60	60	13.02	0		0.013600
183	370	100	0	0	120	73	46	40	25	2.29	0		0.006200
51	106	60	0	0	120	98	54	36	60	1.90	0		0.004900
51	107	75	0	0	91	60	34	27	33	1.73	0		0.009400
152	309	39	1	0	91	93	27	39	59	2.94	0		0.014000
152	310	75	0	0	0	102	34	27	33	1.73	0		0.009400
15	30	36	0	0	31	120	74	60	60	2.71	0		0.003100
117	237	6	0	117	0	0	117	60	60	5.65	0		0.004000
117	238	14	0	80	60	0	74	60	60	11.58	0		0.013000
39	82	21	0	55	120	0	56	51	52	4.85	0		0.008500
39	83	58	1	0	91	152	21	50	28	1.09	0		0.005200
122	249	85	0	50	91	60	46	27	50	2.93	0		0.011800
69	142	84	1	55	120	52	38	58	59	4.93	0		0.011200
69	143	87	0	50	91	110	58	20	42	4.52	0		0.019500
27	57	43	1	52	0	60	22	50	45	2.23	0		0.010100
27	58	45	0	0	120	158	49	23	25	2.12	0		0.009400
72	148	19	0	52	0	105	49	25	49	4.27	0		0.017400
72	149	53	0	55	120	111	47	43	37	3.45	1		0.001700
61	123	9	0	80	31	60	42	33	48	1.77	0		0.006400
61	124	40	1	113	120	0	36	58	30	3.88	0		0.009300
61	125	65	1	80	64	60	22	43	40	1.57	0		0.008300
154	314	19	0	80	64	100	49	25	49	4.27	0		0.017400
73	151	25	0	122	0	60	83	60	60	9.21	0		0.009200
73	153	52	0	122	0	120	63	60	60	20.19	0		0.026700
73	152	29	0	113	120	30	43	30	46	2.36	0		0.009200
73	150	10	1	52	0	154	31	45	30	1.78	0		0.006400
29	60	18	0	154	60	0	87	60	60	18.28	0		0.017500
9	19	18	0	154	60	60	87	60	60	18.28	0		0.017500
32	69	31	0	154	60	120	84	60	60	19.37	0		0.019200
32	67	5	0	234	0	0	74	60	60	4.83	0		0.005400
32	68	9	0	113	120	76	42	33	48	1.77	0		0.006400
177	357	94	0	113	120	124	35	27	60	2.01	1		0.002100
173	351	14	0	205	0	60	74	60	60	11.58	0		0.013000
173	353	67	0	185	0	120	74	60	60	10.01	0		0.011300
173	352	43	0	171	120	0	22	50	45	2.23	0		0.010100
50	105	74	0	193	120	0	37	39	42	4.48	0		0.015500
50	104	51	0	171	120	45	21	29	60	3.83	0		0.031500
56	114	15	0	193	120	42	29	46	53	4.80	0		0.018000
56	115	37	1	192	120	95	40	21	40	3.94	0		0.023500
120	244	31	1	241	60	0	84	60	60	19.37	0		0.019200
120	245	48	0	241	60	60	47	58	42	3.73	0		0.006800


-------------------------------------------------------------------------------------------------------------------
Tour_Id:			8
No_of_Customers:		18
No_of_Items:			43
Customer_Sequence:		103 70 58 139 79 11 10 53 49 43 7 83 124 105 171 149 194 112 

CustId	Id	TypeId	Rotated	x	y	z	Length	Width	Height	mass	Fragility	LoadBearingStrength
112	227	29	0	0	0	0	43	30	46	2.36	0		0.009200
194	390	14	0	0	30	0	74	60	60	11.58	0		0.013000
194	391	85	0	0	90	0	46	27	50	2.93	0		0.011800
149	303	48	1	0	117	0	47	58	42	3.73	0		0.006800
149	304	61	0	0	117	42	36	53	41	3.00	0		0.007900
171	347	14	0	0	30	60	74	60	60	11.58	0		0.013000
171	348	87	0	0	90	50	58	20	42	4.52	0		0.019500
105	213	31	0	0	30	120	84	60	60	19.37	0		0.019200
105	216	70	0	58	90	0	65	60	60	19.31	0		0.024800
105	215	62	0	0	90	92	59	20	51	3.27	0		0.013900
105	214	53	0	0	117	83	47	43	37	3.45	1		0.001700
124	254	46	0	84	0	0	118	60	60	6.14	0		0.004300
124	252	3	0	84	0	60	107	60	60	19.67	0		0.015300
124	253	32	1	0	0	46	21	46	21	2.75	0		0.014200
83	175	92	0	59	90	60	78	60	60	21.09	0		0.022500
7	14	21	0	59	90	120	56	51	52	4.85	0		0.008500
7	15	89	0	84	0	120	50	41	42	2.90	0		0.007100
43	89	18	0	137	60	0	87	60	60	18.28	0		0.017500
43	90	48	0	134	0	120	47	58	42	3.73	0		0.006800
43	91	89	0	137	120	0	50	41	42	2.90	0		0.007100
49	102	54	0	137	60	60	95	60	60	17.53	0		0.015400
49	103	69	0	115	58	120	80	60	60	19.01	0		0.019800
49	101	11	1	84	0	162	58	60	20	4.58	0		0.006600
53	109	71	0	137	120	42	50	44	28	2.72	0		0.006200
10	21	36	0	202	0	0	74	60	60	2.71	0		0.003100
10	22	47	0	137	120	70	50	25	36	2.65	0		0.010600
10	20	32	1	137	145	70	21	46	21	2.75	0		0.014200
11	24	83	0	202	0	60	76	60	60	4.77	0		0.005200
11	25	91	0	137	120	106	55	25	58	1.64	0		0.006000
11	23	38	1	181	0	120	41	52	29	3.59	0		0.008400
11	26	94	0	137	145	91	35	27	60	2.01	1		0.002100
79	165	21	0	192	120	0	56	51	52	4.85	0		0.008500
79	166	50	0	192	120	52	56	20	48	2.31	0		0.010300
139	283	68	0	233	0	120	55	55	32	4.36	0		0.007200
139	282	63	0	192	140	52	27	30	46	3.25	0		0.020000
139	281	58	0	144	0	162	21	50	28	1.09	0		0.005200
58	117	3	1	248	60	0	107	60	60	19.67	0		0.015300
58	119	72	1	248	60	60	102	60	60	12.12	0		0.009900
58	118	27	0	195	55	120	76	60	60	11.09	0		0.012200
70	145	96	1	271	55	120	49	37	49	1.48	0		0.004100
70	144	58	0	165	0	162	21	50	28	1.09	0		0.005200
103	210	28	0	233	0	152	47	36	38	2.30	0		0.006800
103	211	65	0	271	104	120	22	43	40	1.57	0		0.008300


-------------------------------------------------------------------------------------------------------------------
Tour_Id:			9
No_of_Customers:		13
No_of_Items:			32
Customer_Sequence:		165 150 66 186 44 71 180 36 135 81 181 174 167 

CustId	Id	TypeId	Rotated	x	y	z	Length	Width	Height	mass	Fragility	LoadBearingStrength
167	340	44	0	0	0	0	57	49	59	1.74	0		0.003100
167	341	95	0	0	49	0	40	55	38	1.67	0		0.003800
174	354	82	0	0	104	0	103	60	60	19.69	0		0.015900
181	364	6	0	0	104	60	117	60	60	5.65	0		0.004000
181	365	52	0	0	104	120	63	60	60	20.19	0		0.026700
181	366	76	0	0	49	38	31	27	49	3.35	0		0.020000
81	173	99	0	57	0	0	112	60	60	19.96	0		0.014900
81	171	64	0	57	0	60	80	60	60	13.02	0		0.013600
81	170	15	0	0	0	59	29	46	53	4.80	0		0.018000
81	172	81	0	0	76	38	45	22	59	3.91	0		0.019800
135	272	3	0	169	0	0	107	60	60	19.67	0		0.015300
135	275	82	0	57	0	120	103	60	60	19.69	0		0.015900
135	274	48	0	63	104	120	47	58	42	3.73	0		0.006800
135	273	38	1	45	60	0	41	52	29	3.59	0		0.008400
36	78	60	0	45	60	29	54	36	60	1.90	0		0.004900
36	77	10	1	45	60	89	31	45	30	1.78	0		0.006400
180	363	46	0	117	60	0	118	60	60	6.14	0		0.004300
71	146	84	1	117	120	0	38	58	59	4.93	0		0.011200
71	147	93	0	45	60	119	45	22	30	3.37	0		0.017000
44	92	12	0	117	60	60	116	60	60	7.31	0		0.005300
44	93	25	0	110	60	120	83	60	60	9.21	0		0.009200
186	375	86	0	160	0	60	79	60	60	15.91	0		0.016800
186	374	81	0	117	120	59	45	22	59	3.91	0		0.019800
66	135	44	0	160	0	120	57	49	59	1.74	0		0.003100
66	137	89	0	175	120	0	50	41	42	2.90	0		0.007100
66	136	78	0	175	120	42	50	44	25	2.41	0		0.005500
150	306	48	1	175	120	67	47	58	42	3.73	0		0.006800
150	307	88	0	162	120	109	57	29	47	2.84	0		0.008600
150	305	28	0	193	60	120	47	36	38	2.30	0		0.006800
165	336	18	1	240	60	0	87	60	60	18.28	0		0.017500
165	335	10	1	162	120	156	31	45	30	1.78	0		0.006400
165	337	75	1	217	0	120	34	27	33	1.73	0		0.009400


