Name:				16_Manual_n50_m200_bt100_1
Problem:			3L-VRPTW
Number_of_used_Vehicles:	5
Total_Travel_Distance:		88.9155
Total_Unloading_Effort:		28.212
Total_Travel_Time:		374.148
Calculation_Time:			3600
Total_Iterations:		441
ConstraintSet:			P22

-------------------------------------------------------------------------------------------------------------------
Tour_Id:			1
No_of_Customers:		10
No_of_Items:			38
Customer_Sequence:		43 48 24 50 20 18 15 11 33 32 

CustId	Id	TypeId	Rotated	x	y	z	Length	Width	Height	mass	Fragility	LoadBearingStrength
32	123	40	0	0	0	0	44	38	39	1.84	0		0.005500
32	124	40	0	0	38	0	44	38	39	1.84	0		0.005500
32	126	94	0	0	76	0	37	43	34	4.02	0		0.012600
32	125	54	1	0	119	0	25	59	29	1.90	0		0.006400
32	122	17	0	0	144	0	23	23	23	1.68	0		0.015800
33	127	14	0	44	0	0	107	60	60	3.98	0		0.003100
33	132	96	0	44	0	60	86	60	60	1.56	0		0.001500
33	130	90	0	44	60	0	54	51	44	2.64	0		0.004800
33	131	91	1	0	119	29	30	45	53	1.89	0		0.007000
33	128	35	1	0	0	39	57	24	52	3.55	0		0.013000
33	129	49	0	0	76	34	24	35	58	2.20	0		0.013100
11	33	24	0	44	60	44	45	57	52	2.01	1		0.000800
15	52	52	0	98	60	0	117	60	60	4.52	0		0.003200
15	48	19	0	89	60	60	116	60	60	21.90	0		0.015700
15	49	31	0	44	0	120	55	52	28	3.09	0		0.005400
15	50	40	0	0	119	82	44	38	39	1.84	0		0.005500
15	51	40	0	0	119	121	44	38	39	1.84	0		0.005500
15	53	82	0	0	119	160	32	44	26	1.06	0		0.003800
18	66	81	0	89	60	120	93	60	60	13.18	0		0.011800
18	64	37	0	151	0	0	72	60	60	3.21	0		0.003700
18	65	74	0	59	120	0	58	48	46	2.74	0		0.004900
18	63	16	1	59	120	46	20	55	59	3.38	0		0.015300
18	62	10	0	44	0	148	20	36	40	4.36	0		0.030200
18	67	95	0	130	0	60	115	60	60	3.71	1		0.000500
20	74	11	0	117	120	0	49	39	45	4.08	0		0.010700
20	75	16	1	59	140	46	20	55	59	3.38	0		0.015300
50	199	8	0	59	120	105	45	27	46	1.62	0		0.006600
50	198	7	0	59	120	151	35	25	23	4.35	0		0.024900
50	200	26	0	99	0	120	99	60	60	17.91	1		0.003000
24	95	13	0	215	60	0	86	60	60	2.21	0		0.002100
24	96	75	0	198	0	120	58	60	60	2.26	1		0.000600
48	193	64	0	205	60	60	107	60	60	2.31	0		0.001800
48	192	25	1	117	120	45	28	57	38	3.26	0		0.010200
48	194	77	0	114	120	83	37	31	40	3.09	0		0.013500
48	191	10	0	114	120	123	20	36	40	4.36	0		0.030200
43	172	52	0	182	60	120	117	60	60	4.52	0		0.003200
43	171	44	0	174	120	0	43	43	32	4.48	0		0.012100
43	170	7	1	114	120	163	35	25	23	4.35	0		0.024900


-------------------------------------------------------------------------------------------------------------------
Tour_Id:			2
No_of_Customers:		12
No_of_Items:			41
Customer_Sequence:		40 9 12 13 1 21 14 4 30 42 28 37 

CustId	Id	TypeId	Rotated	x	y	z	Length	Width	Height	mass	Fragility	LoadBearingStrength
37	146	20	0	0	0	0	96	60	60	11.45	0		0.009900
37	148	65	0	0	60	0	68	60	60	1.38	0		0.001700
37	147	22	0	0	120	0	58	50	46	3.98	0		0.006900
37	145	11	0	0	120	46	49	39	45	4.08	0		0.010700
37	150	95	0	0	0	60	115	60	60	3.71	1		0.000500
37	149	75	0	0	60	60	58	60	60	2.26	1		0.000600
28	111	15	0	0	120	91	42	51	20	2.36	0		0.005500
28	112	41	0	0	120	111	26	43	27	3.41	0		0.015300
42	168	22	0	58	120	0	58	50	46	3.98	0		0.006900
42	169	44	0	49	120	46	43	43	32	4.48	0		0.012100
30	116	16	1	49	120	78	20	55	59	3.38	0		0.015300
30	117	60	0	0	120	138	26	39	49	3.54	0		0.017400
4	9	3	0	49	140	78	44	28	38	3.91	0		0.015900
14	43	8	0	49	140	116	45	27	46	1.62	0		0.006600
14	47	67	1	49	140	162	26	40	24	4.69	0		0.022500
14	44	17	0	68	60	0	23	23	23	1.68	0		0.015800
14	46	61	0	0	0	120	75	60	60	17.66	1		0.003900
14	45	51	0	0	60	120	36	51	24	1.06	1		0.000600
21	80	66	0	91	60	0	101	60	60	20.28	0		0.016700
21	77	50	0	91	60	60	48	31	44	2.39	0		0.008000
21	79	57	1	91	91	60	24	46	49	4.71	0		0.021300
21	78	56	0	115	0	0	53	34	26	1.87	0		0.005200
21	76	3	0	91	60	104	44	28	38	3.91	0		0.015900
1	2	46	1	116	120	0	47	59	37	4.72	0		0.008500
1	1	24	0	75	0	120	45	57	52	2.01	1		0.000800
13	42	96	0	168	0	0	86	60	60	1.56	0		0.001500
13	40	55	0	168	0	60	75	60	60	19.56	0		0.021700
13	39	42	0	116	120	37	40	48	20	3.15	0		0.008200
13	41	87	1	91	60	142	31	46	47	3.94	1		0.002800
12	35	52	0	192	60	0	117	60	60	4.52	0		0.003200
12	38	96	0	139	60	60	86	60	60	1.56	0		0.001500
12	37	88	0	139	60	120	75	60	60	19.80	0		0.022000
12	36	67	1	91	91	109	26	40	24	4.69	0		0.022500
12	34	7	0	91	91	133	35	25	23	4.35	0		0.024900
9	26	23	0	168	0	120	76	60	60	13.81	0		0.015100
9	27	43	0	225	60	60	74	60	60	20.69	0		0.023300
9	29	72	1	104	120	57	46	50	60	3.81	0		0.008300
9	28	51	0	104	120	117	36	51	24	1.06	1		0.000600
40	163	34	0	214	60	120	67	60	60	14.19	0		0.017600
40	164	80	0	175	120	0	25	48	45	4.63	0		0.019300
40	162	21	0	175	120	45	21	30	36	2.57	0		0.020400


-------------------------------------------------------------------------------------------------------------------
Tour_Id:			3
No_of_Customers:		10
No_of_Items:			40
Customer_Sequence:		10 46 29 27 47 7 17 41 44 34 

CustId	Id	TypeId	Rotated	x	y	z	Length	Width	Height	mass	Fragility	LoadBearingStrength
34	135	28	0	0	0	0	111	60	60	12.52	0		0.009400
34	136	45	0	0	60	0	68	60	60	12.13	0		0.014900
34	134	18	0	0	120	0	20	52	31	2.86	0		0.013800
34	133	10	0	0	120	31	20	36	40	4.36	0		0.030200
34	137	61	0	0	0	60	75	60	60	17.66	1		0.003900
44	175	92	0	0	60	60	90	60	60	8.19	0		0.007600
44	174	23	0	0	60	120	76	60	60	13.81	0		0.015100
44	173	4	0	20	120	0	44	28	59	3.42	0		0.013900
41	167	92	0	90	60	0	90	60	60	8.19	0		0.007600
41	166	42	0	64	120	0	40	48	20	3.15	0		0.008200
41	165	7	1	0	120	71	35	25	23	4.35	0		0.024900
17	61	27	0	90	60	60	64	60	60	5.18	0		0.006700
17	60	16	0	75	0	60	20	55	59	3.38	0		0.015300
7	21	69	0	111	0	0	120	60	60	2.09	0		0.001500
7	20	65	0	76	60	120	68	60	60	1.38	0		0.001700
7	23	90	0	95	0	60	54	51	44	2.64	0		0.004800
7	22	73	0	0	120	94	22	25	28	4.36	0		0.039600
47	187	69	0	180	60	0	120	60	60	2.09	0		0.001500
47	186	62	0	149	0	60	98	60	60	14.76	0		0.012600
47	190	92	0	144	0	120	90	60	60	8.19	0		0.007600
47	185	22	0	104	120	0	58	50	46	3.98	0		0.006900
47	189	91	1	25	120	59	30	45	53	1.89	0		0.007000
47	188	78	0	0	0	120	47	46	26	2.75	1		0.001300
27	107	58	0	154	60	60	62	60	60	11.55	0		0.015500
27	108	74	0	104	120	46	58	48	46	2.74	0		0.004900
27	105	46	1	104	120	92	47	59	37	4.72	0		0.008500
27	109	79	0	22	120	112	56	31	49	3.91	0		0.011300
27	110	79	0	104	120	129	56	31	49	3.91	0		0.011300
27	106	50	0	144	60	120	48	31	44	2.39	0		0.008000
27	104	21	0	0	120	122	21	30	36	2.57	0		0.020400
29	114	88	0	216	60	60	75	60	60	19.80	0		0.022000
29	113	44	0	163	120	0	43	43	32	4.48	0		0.012100
29	115	89	0	192	60	120	109	60	60	12.12	1		0.001900
46	183	32	0	247	0	0	61	60	60	4.31	0		0.005900
46	184	94	0	163	120	32	37	43	34	4.02	0		0.012600
46	181	15	0	206	120	0	42	51	20	2.36	0		0.005500
46	182	24	0	247	0	60	45	57	52	2.01	1		0.000800
10	30	6	0	163	120	66	35	51	45	3.65	0		0.010200
10	31	50	1	163	120	111	48	31	44	2.39	0		0.008000
10	32	97	0	206	120	20	49	53	26	3.43	1		0.001300


-------------------------------------------------------------------------------------------------------------------
Tour_Id:			4
No_of_Customers:		8
No_of_Items:			41
Customer_Sequence:		38 45 5 31 23 36 2 6 

CustId	Id	TypeId	Rotated	x	y	z	Length	Width	Height	mass	Fragility	LoadBearingStrength
6	17	69	0	0	0	0	120	60	60	2.09	0		0.001500
6	15	39	0	0	60	0	90	60	60	21.24	0		0.019700
6	14	4	0	0	120	0	44	28	59	3.42	0		0.013900
6	18	73	0	0	148	0	22	25	28	4.36	0		0.039600
6	19	89	0	0	0	60	109	60	60	12.12	1		0.001900
6	16	51	0	0	60	60	36	51	24	1.06	1		0.000600
2	4	66	0	90	60	0	101	60	60	20.28	0		0.016700
2	6	79	0	36	60	60	56	31	49	3.91	0		0.011300
2	3	2	0	36	60	109	46	39	37	2.80	0		0.007800
2	7	94	1	0	120	59	37	43	34	4.02	0		0.012600
2	5	73	0	0	148	28	22	25	28	4.36	0		0.039600
36	140	19	0	92	60	60	116	60	60	21.90	0		0.015700
36	143	63	0	44	120	0	52	52	58	3.46	0		0.006400
36	141	22	0	44	120	58	58	50	46	3.98	0		0.006900
36	142	49	0	0	120	93	24	35	58	2.20	0		0.013100
36	144	73	0	0	120	151	22	25	28	4.36	0		0.039600
23	93	79	0	44	120	104	56	31	49	3.91	0		0.011300
23	94	94	0	36	60	146	37	43	34	4.02	0		0.012600
23	91	33	0	44	120	153	41	29	36	2.99	0		0.012600
23	92	42	0	92	60	120	40	48	20	3.15	0		0.008200
23	90	10	1	44	151	104	20	36	40	4.36	0		0.030200
31	119	62	0	120	0	0	98	60	60	14.76	0		0.012600
31	121	81	0	109	0	60	93	60	60	13.18	0		0.011800
31	118	22	0	102	120	0	58	50	46	3.98	0		0.006900
31	120	75	0	0	0	120	58	60	60	2.26	1		0.000600
5	13	90	0	102	120	46	54	51	44	2.64	0		0.004800
5	11	68	1	102	120	90	51	55	37	4.11	0		0.007300
5	12	83	0	102	120	127	41	47	51	2.61	0		0.006800
5	10	53	1	44	151	144	21	41	28	4.30	0		0.025000
45	180	84	0	109	0	120	107	60	60	18.69	0		0.014600
45	178	45	0	132	60	120	68	60	60	12.13	0		0.014900
45	176	1	0	160	120	0	45	37	59	4.75	0		0.014300
45	179	79	1	92	60	140	56	31	49	3.91	0		0.011300
45	177	36	0	160	120	59	41	37	55	4.65	0		0.015300
38	153	20	1	218	0	0	96	60	60	11.45	0		0.009900
38	156	96	0	208	96	0	86	60	60	1.56	0		0.001500
38	154	32	0	208	60	60	61	60	60	4.31	0		0.005900
38	155	63	0	200	60	120	52	52	58	3.46	0		0.006400
38	152	8	0	157	120	114	45	27	46	1.62	0		0.006600
38	151	3	0	201	120	60	44	28	38	3.91	0		0.015900
38	157	97	0	216	0	60	49	53	26	3.43	1		0.001300


-------------------------------------------------------------------------------------------------------------------
Tour_Id:			5
No_of_Customers:		10
No_of_Items:			40
Customer_Sequence:		19 35 16 49 22 3 25 8 26 39 

CustId	Id	TypeId	Rotated	x	y	z	Length	Width	Height	mass	Fragility	LoadBearingStrength
39	160	52	0	0	0	0	117	60	60	4.52	0		0.003200
39	158	19	0	0	60	0	116	60	60	21.90	0		0.015700
39	159	50	0	0	120	0	48	31	44	2.39	0		0.008000
39	161	77	0	0	120	44	37	31	40	3.09	0		0.013500
26	102	14	0	0	0	60	107	60	60	3.98	0		0.003100
26	103	86	0	0	60	60	47	57	52	3.88	0		0.007200
8	25	10	1	0	151	0	20	36	40	4.36	0		0.030200
8	24	5	0	0	60	112	48	41	23	2.39	1		0.001200
25	97	20	0	0	0	120	96	60	60	11.45	0		0.009900
25	98	39	0	48	60	60	90	60	60	21.24	0		0.019700
25	100	88	0	48	60	120	75	60	60	19.80	0		0.022000
25	99	50	0	0	120	84	48	31	44	2.39	0		0.008000
25	101	95	0	117	0	0	115	60	60	3.71	1		0.000500
3	8	71	1	0	120	128	28	47	56	4.86	0		0.018500
22	83	22	0	48	120	0	58	50	46	3.98	0		0.006900
22	84	22	0	48	120	46	58	50	46	3.98	0		0.006900
22	81	6	0	48	120	92	35	51	45	3.65	0		0.010200
22	86	35	0	106	120	0	57	24	52	3.55	0		0.013000
22	85	29	0	0	151	40	37	23	46	3.79	0		0.022200
22	88	42	0	47	120	137	40	48	20	3.15	0		0.008200
22	82	12	1	47	120	157	54	22	24	4.68	0		0.019700
22	89	95	0	107	0	60	115	60	60	3.71	1		0.000500
22	87	38	0	96	0	120	56	35	39	4.16	1		0.002100
49	196	39	0	163	60	0	90	60	60	21.24	0		0.019700
49	197	86	1	163	120	0	47	57	52	3.88	0		0.007200
49	195	30	0	106	144	0	54	25	51	1.68	0		0.006200
16	54	9	0	163	60	60	88	60	60	2.47	0		0.002300
16	58	83	0	163	120	52	41	47	51	2.61	0		0.006800
16	55	35	0	106	120	52	57	24	52	3.55	0		0.013000
16	56	42	0	163	120	103	40	48	20	3.15	0		0.008200
16	57	73	0	69	120	157	22	25	28	4.36	0		0.039600
16	59	97	1	123	35	120	49	53	26	3.43	1		0.001300
35	139	96	1	253	0	0	86	60	60	1.56	0		0.001500
35	138	82	0	163	120	123	32	44	26	1.06	0		0.003800
19	71	64	1	251	0	60	107	60	60	2.31	0		0.001800
19	70	62	1	251	0	120	98	60	60	14.76	0		0.012600
19	72	79	0	220	120	0	56	31	49	3.91	0		0.011300
19	69	36	0	220	120	49	41	37	55	4.65	0		0.015300
19	73	91	0	220	120	104	30	45	53	1.89	0		0.007000
19	68	2	1	163	120	149	46	39	37	2.80	0		0.007800


