Name:				38_Manual_n50_m400_bt100_3
Problem:			3L-VRPTW
Number_of_used_Vehicles:	8
Total_Travel_Distance:		125.325
Total_Unloading_Effort:		55.374
Total_Travel_Time:		522.102
Calculation_Time:			3600
Total_Iterations:		226
ConstraintSet:			P22

-------------------------------------------------------------------------------------------------------------------
Tour_Id:			1
No_of_Customers:		6
No_of_Items:			48
Customer_Sequence:		20 37 33 48 50 24 

CustId	Id	TypeId	Rotated	x	y	z	Length	Width	Height	mass	Fragility	LoadBearingStrength
24	203	91	0	0	0	0	111	60	60	4.92	0		0.003700
24	202	79	0	0	60	0	57	37	57	4.66	0		0.011000
24	195	1	0	0	97	0	41	34	57	4.56	0		0.016400
24	196	1	0	0	131	0	41	34	57	4.56	0		0.016400
24	197	1	0	0	60	57	41	34	57	4.56	0		0.016400
24	198	7	0	0	94	57	27	58	27	2.15	0		0.006900
24	199	18	0	0	0	60	31	56	22	3.88	0		0.011200
24	200	50	0	0	60	114	42	44	20	1.28	0		0.003500
24	201	77	0	0	0	82	31	32	34	3.25	0		0.016400
50	398	65	0	31	0	60	64	60	60	14.67	0		0.019100
50	400	98	0	0	60	134	50	40	53	3.60	0		0.009000
50	397	64	0	31	0	120	56	59	28	3.00	0		0.004500
50	399	68	1	0	104	84	52	32	52	3.49	0		0.010500
50	396	61	0	0	100	136	32	44	28	1.44	0		0.005100
48	387	91	0	57	60	0	111	60	60	4.92	0		0.003700
48	383	51	0	57	60	60	104	60	60	12.16	0		0.009700
48	385	62	0	57	60	120	102	60	60	2.47	0		0.002000
48	379	13	0	111	0	0	60	60	60	9.03	0		0.012500
48	386	79	0	41	120	0	57	37	57	4.66	0		0.011000
48	380	16	0	41	120	57	44	39	58	4.18	0		0.012200
48	384	53	1	32	120	115	25	41	49	3.42	0		0.016700
48	381	32	0	31	0	148	37	30	33	3.86	0		0.017400
48	382	43	0	168	60	0	115	60	60	15.04	1		0.002200
33	269	73	0	171	0	0	117	60	60	6.87	0		0.004900
33	270	73	0	95	0	60	117	60	60	6.87	0		0.004900
33	267	58	0	87	0	120	103	60	60	3.34	0		0.002700
33	272	90	0	212	0	60	76	60	60	19.85	0		0.021800
33	266	56	0	98	120	0	43	46	55	2.79	0		0.007100
33	265	53	0	98	120	55	25	41	49	3.42	0		0.016700
33	268	72	1	31	30	148	29	42	41	3.93	0		0.016100
33	273	95	0	141	120	0	43	39	29	1.66	0		0.005000
33	262	6	0	98	120	104	23	41	47	3.16	0		0.016800
33	271	81	1	98	120	151	51	24	32	3.26	0		0.013300
33	264	47	0	141	120	29	51	23	30	4.76	0		0.020300
33	263	43	0	161	60	60	115	60	60	15.04	1		0.002200
37	305	78	1	141	120	59	23	33	40	1.34	0		0.008800
37	304	41	0	159	60	120	64	60	60	7.94	1		0.002100
20	161	35	0	190	0	120	83	60	60	1.38	0		0.001400
20	166	56	0	192	120	0	43	46	55	2.79	0		0.007100
20	165	49	0	192	120	55	40	40	52	4.05	0		0.012600
20	158	4	0	192	120	107	35	41	43	3.86	0		0.013500
20	159	6	1	141	120	99	23	41	47	3.16	0		0.016800
20	167	63	0	235	120	0	30	26	50	4.81	0		0.030800
20	168	94	0	141	143	29	36	20	49	3.69	0		0.025600
20	164	48	0	141	120	146	48	21	27	1.60	0		0.007900
20	160	17	0	223	60	120	50	60	22	1.71	1		0.000600
20	162	37	0	235	146	0	58	23	49	2.03	1		0.001500
20	163	46	1	141	143	78	20	36	57	2.60	1		0.003600


-------------------------------------------------------------------------------------------------------------------
Tour_Id:			2
No_of_Customers:		7
No_of_Items:			54
Customer_Sequence:		9 5 32 1 45 34 3 

CustId	Id	TypeId	Rotated	x	y	z	Length	Width	Height	mass	Fragility	LoadBearingStrength
3	16	5	0	0	0	0	80	60	60	8.77	0		0.009100
3	18	19	0	0	60	0	54	43	59	2.46	0		0.005300
3	20	57	0	0	103	0	23	47	54	4.26	0		0.019700
3	21	67	0	0	60	59	47	36	21	3.84	0		0.011300
3	22	67	0	0	0	60	47	36	21	3.84	0		0.011300
3	19	45	0	0	60	80	57	27	23	4.81	0		0.015600
3	17	10	1	0	150	0	20	58	21	3.48	0		0.015000
3	23	87	0	0	150	21	40	24	23	4.15	0		0.021600
3	15	3	0	0	150	44	28	24	32	4.17	0		0.031100
34	281	54	0	57	60	0	84	60	60	3.60	0		0.003600
34	279	52	0	57	60	60	73	60	60	1.50	0		0.001700
34	277	16	0	0	0	81	44	39	58	4.18	0		0.012200
9	72	5	0	57	60	120	80	60	60	8.77	0		0.009100
34	276	14	0	0	60	103	57	28	37	4.76	0		0.014900
34	280	53	0	0	103	54	25	41	49	3.42	0		0.016700
34	282	72	0	0	103	103	29	42	41	3.93	0		0.016100
34	283	77	0	0	0	139	31	32	34	3.25	0		0.016400
34	275	10	1	0	36	60	20	58	21	3.48	0		0.015000
34	278	21	1	0	150	76	21	32	32	1.85	0		0.013700
45	357	2	0	80	0	0	33	58	56	2.62	0		0.006800
45	361	76	0	113	0	0	49	48	35	1.76	0		0.003700
45	356	1	0	47	0	60	41	34	57	4.56	0		0.016400
45	363	96	0	113	0	35	44	43	34	1.97	0		0.005200
45	362	95	0	44	0	117	43	39	29	1.66	0		0.005000
45	358	12	0	0	60	140	34	36	38	3.71	0		0.015200
45	359	32	0	0	103	144	37	30	33	3.86	0		0.017400
45	360	34	0	0	145	108	30	26	38	2.97	0		0.019000
1	1	5	0	141	60	0	80	60	60	8.77	0		0.009100
1	7	72	0	44	0	146	29	42	41	3.93	0		0.016100
1	6	67	0	58	120	0	47	36	21	3.84	0		0.011300
1	5	61	0	58	120	21	32	44	28	1.44	0		0.005100
1	2	7	1	105	120	0	27	58	27	2.15	0		0.006900
1	4	21	1	0	39	81	21	32	32	1.85	0		0.013700
1	3	17	0	130	60	60	50	60	22	1.71	1		0.000600
32	258	9	0	162	0	0	72	60	60	19.09	0		0.022100
32	261	89	0	105	120	27	56	36	46	1.70	0		0.004200
32	260	64	0	157	0	60	56	59	28	3.00	0		0.004500
32	259	11	0	105	120	73	57	30	34	3.51	0		0.010300
5	33	35	0	221	60	0	83	60	60	1.38	0		0.001400
5	31	9	0	157	0	88	72	60	60	19.09	0		0.022100
5	38	96	0	157	0	148	44	43	34	1.97	0		0.005200
5	35	72	1	105	120	107	29	42	41	3.93	0		0.016100
5	30	6	0	163	120	0	23	41	47	3.16	0		0.016800
5	32	20	1	105	120	148	20	47	39	3.61	0		0.019200
5	36	94	1	34	60	140	36	20	49	3.69	0		0.025600
5	37	94	1	163	120	47	36	20	49	3.69	0		0.025600
5	34	48	0	180	59	60	48	21	27	1.60	0		0.007900
34	274	8	1	23	103	0	38	33	52	3.66	0		0.014600
9	75	56	0	186	120	0	43	46	55	2.79	0		0.007100
9	73	26	0	229	120	0	52	51	33	4.03	0		0.007600
9	78	99	0	180	80	60	57	36	21	4.40	0		0.010700
9	74	46	0	163	120	96	20	36	57	2.60	1		0.003600
9	77	90	0	234	0	0	76	60	60	19.85	0		0.021800
9	76	73	1	237	0	60	117	60	60	6.87	0		0.004900


-------------------------------------------------------------------------------------------------------------------
Tour_Id:			3
No_of_Customers:		6
No_of_Items:			53
Customer_Sequence:		8 21 28 16 18 6 

CustId	Id	TypeId	Rotated	x	y	z	Length	Width	Height	mass	Fragility	LoadBearingStrength
6	44	73	0	0	0	0	117	60	60	6.87	0		0.004900
6	39	5	0	0	60	0	80	60	60	8.77	0		0.009100
6	42	57	0	0	120	0	23	47	54	4.26	0		0.019700
6	47	95	0	0	0	60	43	39	29	1.66	0		0.005000
6	40	6	0	0	120	54	23	41	47	3.16	0		0.016800
6	43	63	0	0	39	60	30	26	50	4.81	0		0.030800
6	41	30	0	0	65	60	24	51	28	3.00	0		0.012200
6	45	77	0	0	65	88	31	32	34	3.25	0		0.016400
6	46	87	0	0	0	89	40	24	23	4.15	0		0.021600
6	48	100	0	0	120	101	20	34	30	1.38	0		0.010100
18	151	91	1	43	0	60	111	60	60	4.92	0		0.003700
18	150	86	0	31	0	120	61	60	60	12.24	0		0.016700
18	147	64	0	80	60	0	56	59	28	3.00	0		0.004500
18	149	75	0	23	120	0	43	34	33	4.89	0		0.016700
18	148	74	1	23	120	33	24	46	34	1.03	0		0.004700
16	133	5	0	117	0	0	80	60	60	8.77	0		0.009100
16	134	5	0	103	0	60	80	60	60	8.77	0		0.009100
16	140	89	0	31	60	120	56	36	46	1.70	0		0.004200
16	136	49	0	69	120	0	40	40	52	4.05	0		0.012600
16	138	72	0	0	65	122	29	42	41	3.93	0		0.016100
16	135	12	0	69	120	52	34	36	38	3.71	0		0.015200
16	137	61	1	23	116	67	32	44	28	1.44	0		0.005100
16	139	88	1	0	65	163	53	20	26	1.00	0		0.004700
28	232	66	0	92	0	120	53	45	52	1.89	0		0.004000
28	227	8	0	23	111	95	38	33	52	3.66	0		0.014600
28	228	14	1	103	60	28	57	28	37	4.76	0		0.014900
28	230	20	1	23	111	147	20	47	39	3.61	0		0.019200
28	231	48	1	69	120	90	48	21	27	1.60	0		0.007900
28	229	17	1	109	119	0	50	60	22	1.71	1		0.000600
21	170	9	0	169	60	0	72	60	60	19.09	0		0.022100
21	173	31	0	169	60	60	62	60	60	14.84	0		0.019900
21	176	57	0	103	60	65	23	47	54	4.26	0		0.019700
21	179	92	1	31	60	166	42	59	21	1.43	0		0.002900
21	171	28	1	103	60	119	57	22	41	3.70	0		0.014800
21	175	53	0	136	60	0	25	41	49	3.42	0		0.016700
21	169	6	0	131	60	49	23	41	47	3.16	0		0.016800
21	177	63	0	126	60	96	30	26	50	4.81	0		0.030800
21	174	32	0	145	0	120	37	30	33	3.86	0		0.017400
21	172	30	0	103	60	160	24	51	28	3.00	0		0.012200
21	178	80	0	109	119	22	45	46	51	3.60	1		0.001700
8	60	15	0	197	0	0	95	60	60	12.48	0		0.010900
8	62	28	0	169	120	0	57	22	41	3.70	0		0.014800
8	67	75	0	145	0	153	43	34	33	4.89	0		0.016700
8	70	99	0	169	60	120	57	36	21	4.40	0		0.010700
8	66	39	0	169	142	0	60	28	25	2.32	0		0.006900
8	69	81	0	169	142	25	51	24	32	3.26	0		0.013300
8	65	32	0	145	30	120	37	30	33	3.86	0		0.017400
8	59	3	0	145	34	153	28	24	32	4.17	0		0.031100
8	61	21	1	169	120	41	21	32	32	1.85	0		0.013700
8	71	100	1	169	142	57	20	34	30	1.38	0		0.010100
8	63	29	0	103	120	73	44	50	54	4.13	1		0.001900
8	64	29	0	103	120	127	44	50	54	4.13	1		0.001900
8	68	80	0	183	0	60	45	46	51	3.60	1		0.001700


-------------------------------------------------------------------------------------------------------------------
Tour_Id:			4
No_of_Customers:		6
No_of_Items:			51
Customer_Sequence:		11 10 2 44 13 43 

CustId	Id	TypeId	Rotated	x	y	z	Length	Width	Height	mass	Fragility	LoadBearingStrength
43	346	38	0	0	0	0	115	60	60	10.24	0		0.007400
43	343	15	0	0	60	0	95	60	60	12.48	0		0.010900
43	345	35	0	0	0	60	83	60	60	1.38	0		0.001400
43	341	9	0	0	60	60	72	60	60	19.09	0		0.022100
43	347	68	0	0	120	0	52	32	52	3.49	0		0.010500
43	342	14	0	0	120	52	57	28	37	4.76	0		0.014900
43	344	20	1	0	152	0	20	47	39	3.61	0		0.019200
43	348	100	1	0	152	39	20	34	30	1.38	0		0.010100
13	113	38	1	0	0	120	115	60	60	10.24	0		0.007400
13	112	22	0	95	60	0	74	60	60	19.28	0		0.021700
13	110	19	0	57	120	0	54	43	59	2.46	0		0.005300
13	114	68	0	0	120	89	52	32	52	3.49	0		0.010500
13	109	8	0	57	120	59	38	33	52	3.66	0		0.014600
13	115	99	0	0	115	141	57	36	21	4.40	0		0.010700
13	111	21	1	0	152	69	21	32	32	1.85	0		0.013700
44	352	15	0	72	60	60	95	60	60	12.48	0		0.010900
44	353	52	0	72	60	120	73	60	60	1.50	0		0.001700
44	349	1	0	57	120	111	41	34	57	4.56	0		0.016400
44	354	75	1	83	0	60	43	34	33	4.89	0		0.016700
44	355	75	0	83	0	93	43	34	33	4.89	0		0.016700
44	351	12	0	83	0	126	34	36	38	3.71	0		0.015200
44	350	6	0	60	0	120	23	41	47	3.16	0		0.016800
2	11	51	0	126	0	0	104	60	60	12.16	0		0.009700
2	12	59	0	111	120	0	38	47	56	3.81	0		0.010700
2	13	85	0	111	120	56	41	43	54	2.84	0		0.008000
2	14	89	0	126	0	60	56	36	46	1.70	0		0.004200
2	8	25	0	111	120	110	34	43	59	1.76	0		0.006000
2	9	27	0	126	0	106	36	34	28	1.26	0		0.005100
2	10	36	1	60	0	167	34	21	23	3.23	0		0.022600
10	84	35	0	169	60	0	83	60	60	1.38	0		0.001400
10	91	93	0	167	36	60	79	60	60	13.49	0		0.014200
10	90	90	0	145	34	120	76	60	60	19.85	0		0.021800
10	89	86	0	230	0	0	61	60	60	12.24	0		0.016700
10	81	19	0	152	120	0	54	43	59	2.46	0		0.005300
10	86	64	0	246	0	60	56	59	28	3.00	0		0.004500
10	79	4	0	152	120	59	35	41	43	3.86	0		0.013500
10	82	28	0	167	96	60	57	22	41	3.70	0		0.014800
10	88	83	0	152	120	102	38	42	29	1.47	0		0.004600
10	92	99	0	182	0	60	57	36	21	4.40	0		0.010700
10	83	32	0	117	0	134	37	30	33	3.86	0		0.017400
10	80	10	1	167	96	101	20	58	21	3.48	0		0.015000
10	87	80	0	152	120	131	45	46	51	3.60	1		0.001700
10	85	46	1	167	96	122	20	36	57	2.60	1		0.003600
11	98	33	1	246	0	88	72	60	60	19.88	0		0.023000
11	93	2	1	206	120	0	33	58	56	2.62	0		0.006800
11	100	68	0	206	120	56	52	32	52	3.49	0		0.010500
11	96	25	1	206	120	108	34	43	59	1.76	0		0.006000
11	95	23	1	221	34	120	56	22	39	1.32	0		0.005300
11	99	47	1	221	34	159	51	23	30	4.76	0		0.020300
11	94	21	0	162	0	106	21	32	32	1.85	0		0.013700
11	97	29	0	252	60	0	44	50	54	4.13	1		0.001900


-------------------------------------------------------------------------------------------------------------------
Tour_Id:			5
No_of_Customers:		6
No_of_Items:			47
Customer_Sequence:		42 12 35 29 14 27 

CustId	Id	TypeId	Rotated	x	y	z	Length	Width	Height	mass	Fragility	LoadBearingStrength
27	224	58	0	0	0	0	103	60	60	3.34	0		0.002700
27	222	22	0	0	60	0	74	60	60	19.28	0		0.021700
27	220	1	0	0	120	0	41	34	57	4.56	0		0.016400
27	221	14	0	0	0	60	57	28	37	4.76	0		0.014900
27	226	95	0	0	120	57	43	39	29	1.66	0		0.005000
27	225	63	0	0	28	60	30	26	50	4.81	0		0.030800
27	223	50	0	0	54	60	42	44	20	1.28	0		0.003500
14	119	60	0	74	60	0	97	60	60	5.98	0		0.005100
14	116	2	0	0	54	80	33	58	56	2.62	0		0.006800
14	117	4	0	0	120	86	35	41	43	3.86	0		0.013500
14	120	61	0	0	112	129	32	44	28	1.44	0		0.005100
14	121	74	1	0	0	97	24	46	34	1.03	0		0.004700
14	122	100	1	0	28	110	20	34	30	1.38	0		0.010100
14	118	46	1	0	0	131	20	36	57	2.60	1		0.003600
29	238	38	0	42	54	60	115	60	60	10.24	0		0.007400
29	239	40	0	33	48	120	103	60	60	6.54	0		0.005300
29	235	23	1	0	54	136	56	22	39	1.32	0		0.005300
29	233	6	1	34	28	60	23	41	47	3.16	0		0.016800
29	234	7	0	0	112	157	27	58	27	2.15	0		0.006900
29	240	74	0	43	120	0	24	46	34	1.03	0		0.004700
29	236	32	1	43	120	34	37	30	33	3.86	0		0.017400
29	237	36	1	43	114	67	34	21	23	3.23	0		0.022600
35	290	73	0	171	0	0	117	60	60	6.87	0		0.004900
35	287	31	0	157	0	60	62	60	60	14.84	0		0.019900
35	288	66	0	73	120	0	53	45	52	1.89	0		0.004000
35	289	69	0	73	120	52	30	53	59	1.32	0		0.004200
35	291	76	0	103	0	0	49	48	35	1.76	0		0.003700
35	292	81	0	57	0	60	51	24	32	3.26	0		0.013300
35	286	30	1	57	0	92	24	51	28	3.00	0		0.012200
35	284	10	1	46	0	120	20	58	21	3.48	0		0.015000
35	285	29	0	126	120	0	44	50	54	4.13	1		0.001900
12	107	62	0	171	60	0	102	60	60	2.47	0		0.002000
12	103	35	0	136	0	120	83	60	60	1.38	0		0.001400
12	102	9	0	157	60	60	72	60	60	19.09	0		0.022100
12	108	65	0	136	60	120	64	60	60	14.67	0		0.019100
12	101	4	0	73	120	111	35	41	43	3.86	0		0.013500
12	106	50	0	73	120	154	42	44	20	1.28	0		0.003500
12	104	43	1	229	0	60	115	60	60	15.04	1		0.002200
12	105	43	1	219	0	120	115	60	60	15.04	1		0.002200
42	334	16	0	170	120	0	44	39	58	4.18	0		0.012200
42	337	69	1	170	120	58	30	53	59	1.32	0		0.004200
42	340	89	0	170	120	117	56	36	46	1.70	0		0.004200
42	338	75	0	214	120	0	43	34	33	4.89	0		0.016700
42	336	63	0	257	120	0	30	26	50	4.81	0		0.030800
42	339	78	1	257	146	0	23	33	40	1.34	0		0.008800
42	333	3	0	257	146	40	28	24	32	4.17	0		0.031100
42	335	44	0	126	120	54	33	32	37	4.78	1		0.004500


-------------------------------------------------------------------------------------------------------------------
Tour_Id:			6
No_of_Customers:		6
No_of_Items:			45
Customer_Sequence:		17 23 4 40 15 22 

CustId	Id	TypeId	Rotated	x	y	z	Length	Width	Height	mass	Fragility	LoadBearingStrength
22	185	73	0	0	0	0	117	60	60	6.87	0		0.004900
22	183	52	0	0	60	0	73	60	60	1.50	0		0.001700
22	188	86	0	0	0	60	61	60	60	12.24	0		0.016700
22	184	66	0	0	120	0	53	45	52	1.89	0		0.004000
22	180	8	0	0	120	52	38	33	52	3.66	0		0.014600
22	186	81	0	0	60	60	51	24	32	3.26	0		0.013300
22	187	81	0	0	84	60	51	24	32	3.26	0		0.013300
22	181	30	0	0	60	92	24	51	28	3.00	0		0.012200
22	182	48	0	0	120	104	48	21	27	1.60	0		0.007900
15	123	5	0	0	0	120	80	60	60	8.77	0		0.009100
15	125	33	0	61	0	60	72	60	60	19.88	0		0.023000
15	128	56	0	53	120	0	43	46	55	2.79	0		0.007100
15	129	59	0	53	120	55	38	47	56	3.81	0		0.010700
15	124	16	0	53	120	111	44	39	58	4.18	0		0.012200
15	127	49	0	73	60	0	40	40	52	4.05	0		0.012600
15	126	45	1	0	60	120	57	27	23	4.81	0		0.015600
15	130	78	1	0	120	131	23	33	40	1.34	0		0.008800
15	131	82	0	0	60	143	22	23	41	3.33	0		0.032900
15	132	100	0	0	83	143	20	34	30	1.38	0		0.010100
40	325	58	0	113	60	0	103	60	60	3.34	0		0.002700
40	322	33	0	113	60	60	72	60	60	19.88	0		0.023000
40	318	1	1	73	60	52	41	34	57	4.56	0		0.016400
40	319	4	0	73	60	109	35	41	43	3.86	0		0.013500
40	320	11	0	80	0	120	57	30	34	3.51	0		0.010300
40	321	18	1	80	0	154	31	56	22	3.88	0		0.011200
40	324	46	0	27	60	92	20	36	57	2.60	1		0.003600
40	323	44	0	73	60	152	33	32	37	4.78	1		0.004500
4	26	22	0	113	60	120	74	60	60	19.28	0		0.021700
4	24	2	1	97	120	0	33	58	56	2.62	0		0.006800
4	29	96	0	97	120	56	44	43	34	1.97	0		0.005200
4	28	75	0	97	120	90	43	34	33	4.89	0		0.016700
4	25	7	1	80	31	120	27	58	27	2.15	0		0.006900
4	27	32	0	97	120	123	37	30	33	3.86	0		0.017400
23	189	22	0	138	0	0	74	60	60	19.28	0		0.021700
23	193	52	0	138	0	60	73	60	60	1.50	0		0.001700
23	192	49	0	138	0	120	40	40	52	4.05	0		0.012600
23	194	96	0	155	120	0	44	43	34	1.97	0		0.005200
23	190	39	1	178	0	120	60	28	25	2.32	0		0.006900
23	191	48	0	80	31	147	48	21	27	1.60	0		0.007900
17	144	22	0	212	0	0	74	60	60	19.28	0		0.021700
17	145	33	0	211	0	60	72	60	60	19.88	0		0.023000
17	146	86	0	206	0	120	61	60	60	12.24	0		0.016700
17	143	19	0	155	120	34	54	43	59	2.46	0		0.005300
17	141	10	1	53	120	169	20	58	21	3.48	0		0.015000
17	142	17	1	155	120	93	50	60	22	1.71	1		0.000600


-------------------------------------------------------------------------------------------------------------------
Tour_Id:			7
No_of_Customers:		6
No_of_Items:			53
Customer_Sequence:		46 30 47 19 36 26 

CustId	Id	TypeId	Rotated	x	y	z	Length	Width	Height	mass	Fragility	LoadBearingStrength
26	215	38	0	0	0	0	115	60	60	10.24	0		0.007400
26	219	91	0	0	60	0	111	60	60	4.92	0		0.003700
26	211	15	0	0	0	60	95	60	60	12.48	0		0.010900
26	210	14	0	0	120	0	57	28	37	4.76	0		0.014900
26	217	57	1	0	148	0	23	47	54	4.26	0		0.019700
26	214	23	0	0	120	37	56	22	39	1.32	0		0.005300
26	212	18	0	0	60	60	31	56	22	3.88	0		0.011200
26	213	20	1	0	148	54	20	47	39	3.61	0		0.019200
26	218	82	0	0	120	76	22	23	41	3.33	0		0.032900
26	216	46	0	0	60	82	20	36	57	2.60	1		0.003600
36	299	40	0	0	0	120	103	60	60	6.54	0		0.005300
36	303	93	0	31	60	60	79	60	60	13.49	0		0.014200
36	300	59	1	20	60	120	38	47	56	3.81	0		0.010700
36	297	16	0	57	120	0	44	39	58	4.18	0		0.012200
36	293	8	0	56	120	58	38	33	52	3.66	0		0.014600
36	295	14	0	67	60	120	57	28	37	4.76	0		0.014900
36	296	14	0	67	88	120	57	28	37	4.76	0		0.014900
36	298	28	1	95	0	60	57	22	41	3.70	0		0.014800
36	302	83	0	56	120	110	38	42	29	1.47	0		0.004600
36	301	77	0	56	120	139	31	32	34	3.25	0		0.016400
36	294	10	0	67	60	157	20	58	21	3.48	0		0.015000
19	153	22	0	117	0	0	74	60	60	19.28	0		0.021700
19	152	4	0	101	120	0	35	41	43	3.86	0		0.013500
19	155	67	0	87	60	157	47	36	21	3.84	0		0.011300
19	154	48	1	101	120	43	48	21	27	1.60	0		0.007900
19	156	80	0	117	0	60	45	46	51	3.60	1		0.001700
19	157	80	0	117	0	111	45	46	51	3.60	1		0.001700
47	376	60	0	134	60	0	97	60	60	5.98	0		0.005100
47	375	52	0	134	60	60	73	60	60	1.50	0		0.001700
47	377	64	0	134	60	120	56	59	28	3.00	0		0.004500
47	378	76	0	134	60	148	49	48	35	1.76	0		0.003700
47	374	50	0	136	120	0	42	44	20	1.28	0		0.003500
47	372	20	0	101	120	70	20	47	39	3.61	0		0.019200
47	371	3	0	87	96	157	28	24	32	4.17	0		0.031100
47	373	29	0	136	120	20	44	50	54	4.13	1		0.001900
30	243	24	0	191	0	0	107	60	60	21.18	0		0.016500
30	247	71	0	162	0	60	105	60	60	11.70	0		0.009300
30	246	62	0	162	0	120	102	60	60	2.47	0		0.002000
30	242	22	0	231	60	0	74	60	60	19.28	0		0.021700
30	244	31	0	207	60	60	62	60	60	14.84	0		0.019900
30	241	13	0	190	60	120	60	60	60	9.03	0		0.012500
30	249	79	0	180	120	0	57	37	57	4.66	0		0.011000
30	251	92	1	180	120	57	42	59	21	1.43	0		0.002900
30	248	75	0	180	120	78	43	34	33	4.89	0		0.016700
30	250	81	1	101	120	109	51	24	32	3.26	0		0.013300
30	245	50	0	180	120	111	42	44	20	1.28	0		0.003500
46	365	25	0	180	120	131	34	43	59	1.76	0		0.006000
46	369	96	0	239	120	0	44	43	34	1.97	0		0.005200
46	366	28	0	239	120	34	57	22	41	3.70	0		0.014800
46	364	20	0	101	120	141	20	47	39	3.61	0		0.019200
46	367	32	0	267	0	60	37	30	33	3.86	0		0.017400
46	368	94	1	223	120	78	36	20	49	3.69	0		0.025600
46	370	100	0	222	120	127	20	34	30	1.38	0		0.010100


-------------------------------------------------------------------------------------------------------------------
Tour_Id:			8
No_of_Customers:		7
No_of_Items:			49
Customer_Sequence:		31 38 39 7 41 49 25 

CustId	Id	TypeId	Rotated	x	y	z	Length	Width	Height	mass	Fragility	LoadBearingStrength
25	207	38	0	0	0	0	115	60	60	10.24	0		0.007400
25	208	71	0	0	60	0	105	60	60	11.70	0		0.009300
25	205	16	0	0	120	0	44	39	58	4.18	0		0.012200
25	209	76	0	0	0	60	49	48	35	1.76	0		0.003700
25	206	32	0	0	120	58	37	30	33	3.86	0		0.017400
25	204	10	0	0	48	60	20	58	21	3.48	0		0.015000
49	389	24	0	20	48	60	107	60	60	21.18	0		0.016500
49	392	40	0	20	48	120	103	60	60	6.54	0		0.005300
49	388	19	0	0	0	95	54	43	59	2.46	0		0.005300
49	390	25	1	0	120	91	34	43	59	1.76	0		0.006000
49	395	99	0	0	0	154	57	36	21	4.40	0		0.010700
49	394	94	1	0	48	81	36	20	49	3.69	0		0.025600
49	393	82	0	44	120	0	22	23	41	3.33	0		0.032900
49	391	36	0	0	120	150	34	21	23	3.23	0		0.022600
41	331	58	0	127	0	0	103	60	60	3.34	0		0.002700
41	328	25	0	57	0	60	34	43	59	1.76	0		0.006000
41	329	28	0	44	143	0	57	22	41	3.70	0		0.014800
41	330	30	0	44	120	41	24	51	28	3.00	0		0.012200
41	332	88	1	44	120	69	53	20	26	1.00	0		0.004700
41	326	10	0	43	108	95	20	58	21	3.48	0		0.015000
41	327	10	0	43	108	116	20	58	21	3.48	0		0.015000
7	52	60	0	127	60	0	97	60	60	5.98	0		0.005100
7	53	66	0	91	0	60	53	45	52	1.89	0		0.004000
7	50	16	0	57	0	119	44	39	58	4.18	0		0.012200
7	54	69	0	101	120	0	30	53	59	1.32	0		0.004200
7	55	76	0	101	0	112	49	48	35	1.76	0		0.003700
7	49	1	1	101	120	59	41	34	57	4.56	0		0.016400
7	51	39	0	101	0	147	60	28	25	2.32	0		0.006900
7	56	84	1	101	120	116	48	32	24	2.82	0		0.009200
7	58	88	1	43	108	137	53	20	26	1.00	0		0.004700
7	57	87	1	43	108	163	40	24	23	4.15	0		0.021600
39	316	58	0	127	48	60	103	60	60	3.34	0		0.002700
39	314	9	0	123	48	120	72	60	60	19.09	0		0.022100
39	313	2	1	135	120	0	33	58	56	2.62	0		0.006800
39	317	68	0	135	120	56	52	32	52	3.49	0		0.010500
39	315	20	0	101	120	140	20	47	39	3.61	0		0.019200
38	308	22	0	230	0	0	74	60	60	19.28	0		0.021700
38	309	65	0	230	60	0	64	60	60	14.67	0		0.019100
38	310	65	0	230	0	60	64	60	60	14.67	0		0.019100
38	312	98	0	135	120	108	50	40	53	3.60	0		0.009000
38	306	1	0	161	0	60	41	34	57	4.56	0		0.016400
38	311	74	1	161	0	117	24	46	34	1.03	0		0.004700
38	307	21	1	135	153	0	21	32	32	1.85	0		0.013700
31	252	13	0	230	60	60	60	60	60	9.03	0		0.012500
31	255	28	0	193	120	0	57	22	41	3.70	0		0.014800
31	254	23	0	161	0	151	56	22	39	1.32	0		0.005300
31	253	21	0	193	142	0	21	32	32	1.85	0		0.013700
31	256	37	0	193	120	41	58	23	49	2.03	1		0.001500
31	257	51	0	195	24	120	104	60	60	12.16	0		0.009700


