Name:				6_Manual_n50_m100_bt100_1
Problem:			3L-VRPTW
Number_of_used_Vehicles:	3
Total_Travel_Distance:		71.5845
Total_Unloading_Effort:		14.496
Total_Travel_Time:		336.08
Calculation_Time:			3600
Total_Iterations:		1155
ConstraintSet:			P22

-------------------------------------------------------------------------------------------------------------------
Tour_Id:			1
No_of_Customers:		10
No_of_Items:			23
Customer_Sequence:		3 22 31 45 2 10 36 9 11 4 

CustId	Id	TypeId	Rotated	x	y	z	Length	Width	Height	mass	Fragility	LoadBearingStrength
4	9	84	0	0	0	0	59	51	53	2.79	0		0.004600
4	8	55	0	0	51	0	49	51	29	3.81	0		0.007600
4	5	5	0	0	102	0	30	25	59	2.86	0		0.019100
4	7	42	0	0	127	0	23	33	20	3.57	0		0.023500
4	6	14	0	30	102	0	85	60	60	18.28	1		0.003600
11	19	12	0	0	51	29	58	33	38	1.90	0		0.005000
11	20	50	0	0	0	53	39	22	41	4.35	0		0.025400
9	15	20	0	59	0	0	76	60	60	21.11	0		0.023100
9	14	10	0	58	0	60	50	47	41	4.35	0		0.009300
9	16	98	0	0	22	53	53	26	42	2.80	0		0.010100
36	76	43	0	115	102	0	119	60	60	6.62	0		0.004600
36	75	37	1	0	51	67	31	48	26	4.35	0		0.014600
36	74	9	0	0	48	93	25	21	33	4.51	0		0.043000
10	18	19	0	58	0	101	53	43	35	1.45	0		0.003200
10	17	11	0	58	60	0	27	36	24	2.59	0		0.013300
2	3	3	0	58	0	136	40	55	54	4.53	0		0.010300
45	91	46	0	85	60	0	48	36	39	4.58	0		0.013300
31	61	15	0	85	60	39	56	24	60	3.99	0		0.014800
31	62	16	0	115	102	60	58	58	21	1.82	0		0.002700
31	63	32	0	30	102	60	53	34	54	2.22	1		0.001200
22	43	23	1	85	60	99	23	46	27	2.96	0		0.014000
22	44	44	0	85	60	126	23	26	33	1.96	0		0.016400
3	4	4	0	111	0	60	30	47	55	4.85	0		0.017200


-------------------------------------------------------------------------------------------------------------------
Tour_Id:			2
No_of_Customers:		16
No_of_Items:			35
Customer_Sequence:		30 8 16 40 5 6 27 39 38 28 35 21 33 49 20 19 

CustId	Id	TypeId	Rotated	x	y	z	Length	Width	Height	mass	Fragility	LoadBearingStrength
19	38	99	0	0	0	0	120	60	60	5.99	0		0.004200
19	34	20	0	0	60	0	76	60	60	21.11	0		0.023100
19	36	66	0	0	120	0	38	51	52	4.43	0		0.011400
19	35	56	0	0	120	52	37	43	55	3.40	0		0.010700
19	37	70	0	0	0	60	27	55	57	4.45	0		0.015000
20	40	21	0	0	55	60	97	60	60	5.00	0		0.004300
20	39	10	0	0	55	120	50	47	41	4.35	0		0.009300
49	98	100	0	0	120	107	43	44	49	1.32	0		0.003500
49	96	49	0	27	0	60	43	43	37	1.55	0		0.004200
49	97	50	1	0	0	117	39	22	41	4.35	0		0.025400
33	67	58	0	27	0	97	43	38	53	2.55	0		0.007800
33	66	34	1	43	120	0	27	57	50	4.95	0		0.016100
33	68	60	0	0	120	156	55	44	33	4.95	1		0.002000
33	69	60	0	50	55	120	55	44	33	4.95	1		0.002000
21	41	22	0	120	0	0	82	60	60	2.04	0		0.002100
21	42	74	1	0	0	158	35	20	29	3.18	0		0.022700
35	73	36	0	105	60	0	114	60	60	18.58	1		0.002700
28	57	29	1	55	120	50	27	54	58	3.57	0		0.012200
28	58	40	0	105	0	60	120	60	60	14.58	1		0.002000
38	80	47	0	109	120	0	39	46	59	2.29	0		0.006400
38	78	30	0	55	120	108	32	30	55	3.28	0		0.017100
38	79	39	0	22	0	150	37	41	32	1.86	0		0.006100
39	82	81	0	109	120	59	48	25	38	1.80	0		0.007500
39	81	40	0	105	60	60	120	60	60	14.58	1		0.002000
27	55	65	0	109	120	97	37	31	59	2.91	0		0.012700
27	56	74	0	0	55	161	35	20	29	3.18	0		0.022700
27	53	28	0	0	75	161	25	22	26	3.38	0		0.030800
27	54	62	0	50	55	153	40	57	32	1.68	1		0.000700
6	11	7	0	157	120	0	31	20	60	2.30	0		0.018500
5	10	6	1	225	0	0	112	60	60	16.69	0		0.012400
40	83	41	0	225	112	0	61	60	60	17.58	0		0.024000
16	28	17	0	225	0	60	69	60	60	16.57	0		0.020000
16	29	19	0	225	60	60	53	43	35	1.45	0		0.003200
8	13	9	0	109	120	156	25	21	33	4.51	0		0.043000
30	60	31	0	105	0	120	43	43	59	2.78	1		0.001500


-------------------------------------------------------------------------------------------------------------------
Tour_Id:			3
No_of_Customers:		24
No_of_Items:			42
Customer_Sequence:		14 7 25 26 34 37 46 17 12 18 44 32 29 41 48 42 13 50 43 1 15 47 23 24 

CustId	Id	TypeId	Rotated	x	y	z	Length	Width	Height	mass	Fragility	LoadBearingStrength
24	47	20	0	0	0	0	76	60	60	21.11	0		0.023100
24	48	25	0	0	60	0	23	30	57	3.36	0		0.024300
24	46	9	0	0	90	0	25	21	33	4.51	0		0.043000
23	45	24	0	0	111	0	114	60	60	12.76	0		0.009300
47	93	48	0	0	0	60	46	29	38	3.86	0		0.014500
47	94	60	0	0	111	60	55	44	33	4.95	1		0.002000
15	26	16	0	55	111	60	58	58	21	1.82	0		0.002700
15	27	49	0	25	60	0	43	43	37	1.55	0		0.004200
1	1	2	0	76	0	0	108	60	60	16.03	0		0.012400
1	2	56	1	0	29	60	37	43	55	3.40	0		0.010700
43	89	90	0	46	0	60	69	60	60	19.29	0		0.023300
43	87	18	0	46	0	120	41	60	45	1.35	0		0.002700
43	88	44	0	0	66	57	23	26	33	1.96	0		0.016400
50	99	51	0	55	111	81	46	54	57	1.52	0		0.003100
18	33	95	0	55	111	138	58	33	52	1.27	0		0.003300
13	23	14	0	114	111	0	85	60	60	18.28	1		0.003600
42	85	43	0	184	0	0	119	60	60	6.62	0		0.004600
42	86	46	0	68	60	0	48	36	39	4.58	0		0.013300
48	95	49	0	68	60	39	43	43	37	1.55	0		0.004200
41	84	42	0	0	66	90	23	33	20	3.57	0		0.023500
29	59	30	1	0	66	110	32	30	55	3.28	0		0.017100
32	65	82	0	68	60	76	42	42	43	2.59	0		0.007400
32	64	33	1	55	144	138	24	49	31	3.02	0		0.012800
44	90	45	0	115	0	60	58	49	50	3.81	0		0.006700
50	100	81	1	87	0	120	48	25	38	1.80	0		0.007500
18	31	19	0	68	60	119	53	43	35	1.45	0		0.003200
18	32	80	0	68	60	154	55	28	27	2.69	0		0.008700
12	21	13	0	115	0	110	42	38	40	4.90	0		0.015300
12	22	57	0	123	60	0	57	31	30	2.81	0		0.007900
17	30	18	0	173	0	60	41	60	45	1.35	0		0.002700
46	92	47	1	123	60	30	39	46	59	2.29	0		0.006400
37	77	38	0	112	0	150	35	40	33	1.77	0		0.006300
34	70	10	0	123	60	89	50	47	41	4.35	0		0.009300
34	72	35	0	123	60	130	57	28	36	4.06	0		0.012700
34	71	32	0	113	107	60	53	34	54	2.22	1		0.001200
26	52	51	0	173	0	105	46	54	57	1.52	0		0.003100
26	51	27	1	121	88	130	23	25	56	1.41	0		0.012300
25	49	6	0	199	111	0	112	60	60	16.69	0		0.012400
25	50	26	0	173	0	162	57	30	21	3.28	0		0.009600
7	12	8	1	180	60	0	47	57	33	3.25	0		0.006100
14	25	15	0	180	60	33	56	24	60	3.99	0		0.014800
14	24	2	0	199	111	60	108	60	60	16.03	0		0.012400


