Name:				71_Manual_n150_m200_bt10_1
Problem:			3L-VRPTW
Number_of_used_Vehicles:	8
Total_Travel_Distance:		155.884
Total_Unloading_Effort:		30.216
Total_Travel_Time:		967.403
Calculation_Time:			3600
Total_Iterations:		246
ConstraintSet:			P22

-------------------------------------------------------------------------------------------------------------------
Tour_Id:			1
No_of_Customers:		17
No_of_Items:			24
Customer_Sequence:		109 25 148 121 16 53 45 97 136 146 75 128 1 137 123 88 120 

CustId	Id	TypeId	Rotated	x	y	z	Length	Width	Height	mass	Fragility	LoadBearingStrength
120	155	7	0	0	0	0	120	60	60	15.66	0		0.010900
88	117	9	0	0	60	0	108	60	60	4.11	0		0.003200
88	116	4	0	0	120	0	58	51	50	3.95	0		0.006700
123	159	8	0	0	120	50	49	50	56	2.77	0		0.005700
123	158	6	0	0	0	60	48	50	51	2.04	0		0.004200
137	178	9	0	0	50	60	108	60	60	4.11	0		0.003200
137	177	4	0	0	120	106	58	51	50	3.95	0		0.006700
1	2	7	0	0	50	120	120	60	60	15.66	0		0.010900
1	1	3	0	108	60	0	119	60	60	21.79	0		0.015300
128	165	1	0	0	0	111	22	47	41	3.04	0		0.014700
75	96	9	0	120	0	0	108	60	60	4.11	0		0.003200
75	95	8	0	48	0	60	49	50	56	2.77	0		0.005700
146	192	7	0	120	0	60	120	60	60	15.66	0		0.010900
136	176	3	0	120	60	60	119	60	60	21.79	0		0.015300
97	127	10	0	120	0	120	105	60	60	4.20	0		0.003300
45	58	10	0	120	60	120	105	60	60	4.20	0		0.003300
45	57	6	0	58	120	0	48	50	51	2.04	0		0.004200
53	67	3	1	240	0	0	119	60	60	21.79	0		0.015300
16	19	9	1	240	0	60	108	60	60	4.11	0		0.003200
121	156	1	0	58	120	51	22	47	41	3.04	0		0.014700
148	196	7	1	225	0	120	120	60	60	15.66	0		0.010900
148	195	4	0	106	120	0	58	51	50	3.95	0		0.006700
25	32	8	0	106	120	50	49	50	56	2.77	0		0.005700
109	143	6	0	106	120	106	48	50	51	2.04	0		0.004200


-------------------------------------------------------------------------------------------------------------------
Tour_Id:			2
No_of_Customers:		23
No_of_Items:			28
Customer_Sequence:		100 6 119 56 66 2 138 131 118 141 92 113 15 105 38 18 117 142 107 127 84 83 50 

CustId	Id	TypeId	Rotated	x	y	z	Length	Width	Height	mass	Fragility	LoadBearingStrength
50	63	9	0	0	0	0	108	60	60	4.11	0		0.003200
83	109	9	0	0	60	0	108	60	60	4.11	0		0.003200
83	108	8	0	0	120	0	49	50	56	2.77	0		0.005700
84	110	3	0	0	0	60	119	60	60	21.79	0		0.015300
84	111	6	0	0	120	56	48	50	51	2.04	0		0.004200
127	164	1	0	0	60	60	22	47	41	3.04	0		0.014700
107	141	4	0	0	120	107	58	51	50	3.95	0		0.006700
142	185	7	0	0	0	120	120	60	60	15.66	0		0.010900
117	152	2	0	22	60	60	93	60	60	15.42	1		0.002800
18	22	7	0	115	60	0	120	60	60	15.66	0		0.010900
38	47	10	0	115	60	60	105	60	60	4.20	0		0.003300
38	46	6	0	58	120	0	48	50	51	2.04	0		0.004200
105	139	7	0	115	60	120	120	60	60	15.66	0		0.010900
15	18	2	0	120	0	0	93	60	60	15.42	1		0.002800
113	147	2	0	120	0	60	93	60	60	15.42	1		0.002800
92	122	6	0	58	120	51	48	50	51	2.04	0		0.004200
141	184	3	1	235	0	0	119	60	60	21.79	0		0.015300
118	153	10	1	235	0	60	105	60	60	4.20	0		0.003300
131	169	2	0	120	0	120	93	60	60	15.42	1		0.002800
138	180	8	0	58	120	102	49	50	56	2.77	0		0.005700
138	179	1	0	106	120	0	22	47	41	3.04	0		0.014700
2	3	4	0	128	120	0	58	51	50	3.95	0		0.006700
66	83	9	1	235	0	120	108	60	60	4.11	0		0.003200
66	82	1	0	128	120	50	22	47	41	3.04	0		0.014700
56	70	8	0	186	120	0	49	50	56	2.77	0		0.005700
119	154	8	0	186	120	56	49	50	56	2.77	0		0.005700
6	7	4	0	186	120	112	58	51	50	3.95	0		0.006700
100	131	6	0	244	119	0	48	50	51	2.04	0		0.004200


-------------------------------------------------------------------------------------------------------------------
Tour_Id:			3
No_of_Customers:		16
No_of_Items:			23
Customer_Sequence:		93 23 11 33 62 22 42 80 132 104 60 95 89 103 47 143 

CustId	Id	TypeId	Rotated	x	y	z	Length	Width	Height	mass	Fragility	LoadBearingStrength
143	188	7	0	0	0	0	120	60	60	15.66	0		0.010900
143	186	3	0	0	60	0	119	60	60	21.79	0		0.015300
143	189	8	0	0	120	0	49	50	56	2.77	0		0.005700
143	187	6	0	0	120	56	48	50	51	2.04	0		0.004200
47	60	9	0	0	0	60	108	60	60	4.11	0		0.003200
103	135	2	0	0	60	60	93	60	60	15.42	1		0.002800
103	136	2	0	0	0	120	93	60	60	15.42	1		0.002800
89	118	3	0	119	60	0	119	60	60	21.79	0		0.015300
95	125	5	0	93	60	60	70	60	60	17.79	0		0.021200
60	76	4	0	0	120	107	58	51	50	3.95	0		0.006700
104	138	8	0	58	120	0	49	50	56	2.77	0		0.005700
104	137	2	0	0	60	120	93	60	60	15.42	1		0.002800
132	171	7	0	120	0	0	120	60	60	15.66	0		0.010900
132	170	2	0	93	60	120	93	60	60	15.42	1		0.002800
80	105	5	0	108	0	60	70	60	60	17.79	0		0.021200
42	52	8	0	58	120	56	49	50	56	2.77	0		0.005700
22	29	4	0	58	120	112	58	51	50	3.95	0		0.006700
22	28	2	0	93	0	120	93	60	60	15.42	1		0.002800
62	78	1	0	116	120	0	22	47	41	3.04	0		0.014700
33	41	7	1	186	0	60	120	60	60	15.66	0		0.010900
11	12	9	1	186	0	120	108	60	60	4.11	0		0.003200
23	30	10	1	246	0	0	105	60	60	4.20	0		0.003300
93	123	6	0	138	120	0	48	50	51	2.04	0		0.004200


-------------------------------------------------------------------------------------------------------------------
Tour_Id:			4
No_of_Customers:		14
No_of_Items:			22
Customer_Sequence:		106 102 150 34 129 69 91 130 139 59 49 147 115 82 

CustId	Id	TypeId	Rotated	x	y	z	Length	Width	Height	mass	Fragility	LoadBearingStrength
82	107	7	0	0	0	0	120	60	60	15.66	0		0.010900
115	150	7	0	0	60	0	120	60	60	15.66	0		0.010900
115	149	2	0	0	0	60	93	60	60	15.42	1		0.002800
147	193	4	0	0	120	0	58	51	50	3.95	0		0.006700
147	194	6	0	0	120	50	48	50	51	2.04	0		0.004200
49	62	3	0	0	60	60	119	60	60	21.79	0		0.015300
59	73	3	0	0	60	120	119	60	60	21.79	0		0.015300
59	75	9	0	120	0	0	108	60	60	4.11	0		0.003200
59	74	5	0	93	0	60	70	60	60	17.79	0		0.021200
139	181	8	0	0	120	101	49	50	56	2.77	0		0.005700
130	168	6	0	58	120	0	48	50	51	2.04	0		0.004200
91	121	5	0	93	0	120	70	60	60	17.79	0		0.021200
69	87	3	0	120	60	0	119	60	60	21.79	0		0.015300
69	88	5	0	119	60	60	70	60	60	17.79	0		0.021200
129	167	6	0	58	120	51	48	50	51	2.04	0		0.004200
129	166	1	1	49	120	102	22	47	41	3.04	0		0.014700
34	42	8	0	106	120	0	49	50	56	2.77	0		0.005700
150	200	8	0	106	120	56	49	50	56	2.77	0		0.005700
150	199	1	1	49	142	102	22	47	41	3.04	0		0.014700
102	133	3	1	239	0	0	119	60	60	21.79	0		0.015300
102	134	5	0	119	60	120	70	60	60	17.79	0		0.021200
106	140	10	0	163	0	60	105	60	60	4.20	0		0.003300


-------------------------------------------------------------------------------------------------------------------
Tour_Id:			5
No_of_Customers:		23
No_of_Items:			27
Customer_Sequence:		26 20 58 126 8 140 48 54 65 30 5 98 10 71 122 133 72 96 57 110 39 14 52 

CustId	Id	TypeId	Rotated	x	y	z	Length	Width	Height	mass	Fragility	LoadBearingStrength
52	66	3	0	0	0	0	119	60	60	21.79	0		0.015300
52	65	2	0	0	60	0	93	60	60	15.42	1		0.002800
14	16	2	0	0	0	60	93	60	60	15.42	1		0.002800
14	17	2	0	0	60	60	93	60	60	15.42	1		0.002800
39	48	10	0	93	60	0	105	60	60	4.20	0		0.003300
110	144	4	0	0	120	0	58	51	50	3.95	0		0.006700
57	71	7	0	93	60	60	120	60	60	15.66	0		0.010900
96	126	3	0	93	60	120	119	60	60	21.79	0		0.015300
72	92	9	0	119	0	0	108	60	60	4.11	0		0.003200
133	172	2	0	0	0	120	93	60	60	15.42	1		0.002800
122	157	4	0	0	120	50	58	51	50	3.95	0		0.006700
71	91	6	0	0	120	100	48	50	51	2.04	0		0.004200
10	11	1	0	58	120	0	22	47	41	3.04	0		0.014700
98	128	7	0	93	0	60	120	60	60	15.66	0		0.010900
5	6	5	0	93	0	120	70	60	60	17.79	0		0.021200
30	38	1	0	58	120	41	22	47	41	3.04	0		0.014700
65	81	4	0	80	120	0	58	51	50	3.95	0		0.006700
54	68	5	0	227	0	0	70	60	60	17.79	0		0.021200
48	61	6	0	80	120	50	48	50	51	2.04	0		0.004200
140	182	8	0	80	120	101	49	50	56	2.77	0		0.005700
140	183	8	0	138	120	0	49	50	56	2.77	0		0.005700
8	9	6	0	138	120	56	48	50	51	2.04	0		0.004200
126	163	4	0	129	120	107	58	51	50	3.95	0		0.006700
58	72	9	1	213	60	0	108	60	60	4.11	0		0.003200
20	26	10	1	213	0	60	105	60	60	4.20	0		0.003300
20	25	2	0	163	0	120	93	60	60	15.42	1		0.002800
26	33	6	0	212	60	120	48	50	51	2.04	0		0.004200


-------------------------------------------------------------------------------------------------------------------
Tour_Id:			6
No_of_Customers:		20
No_of_Items:			26
Customer_Sequence:		63 19 55 27 74 73 32 7 64 28 125 112 41 79 114 36 51 99 13 116 

CustId	Id	TypeId	Rotated	x	y	z	Length	Width	Height	mass	Fragility	LoadBearingStrength
116	151	4	0	0	0	0	58	51	50	3.95	0		0.006700
13	15	2	0	0	51	0	93	60	60	15.42	1		0.002800
99	129	1	0	0	111	0	22	47	41	3.04	0		0.014700
99	130	2	0	0	51	60	93	60	60	15.42	1		0.002800
51	64	5	0	22	111	0	70	60	60	17.79	0		0.021200
36	44	6	0	0	0	50	48	50	51	2.04	0		0.004200
114	148	5	0	22	111	60	70	60	60	17.79	0		0.021200
79	104	10	0	92	111	0	105	60	60	4.20	0		0.003300
79	103	2	0	0	51	120	93	60	60	15.42	1		0.002800
41	51	5	0	22	111	120	70	60	60	17.79	0		0.021200
41	50	2	0	92	111	60	93	60	60	15.42	1		0.002800
112	146	7	0	93	0	0	120	60	60	15.66	0		0.010900
125	162	7	0	93	0	60	120	60	60	15.66	0		0.010900
125	161	6	0	0	0	101	48	50	51	2.04	0		0.004200
28	36	9	0	93	0	120	108	60	60	4.11	0		0.003200
28	35	5	0	197	111	0	70	60	60	17.79	0		0.021200
64	80	1	0	93	60	0	22	47	41	3.04	0		0.014700
7	8	9	0	185	111	60	108	60	60	4.11	0		0.003200
32	40	6	0	115	60	0	48	50	51	2.04	0		0.004200
73	93	8	0	115	60	51	49	50	56	2.77	0		0.005700
74	94	6	0	115	60	107	48	50	51	2.04	0		0.004200
27	34	2	0	92	111	120	93	60	60	15.42	1		0.002800
55	69	8	0	164	60	0	49	50	56	2.77	0		0.005700
19	24	9	0	185	111	120	108	60	60	4.11	0		0.003200
19	23	1	0	164	60	56	22	47	41	3.04	0		0.014700
63	79	5	0	213	0	0	70	60	60	17.79	0		0.021200


-------------------------------------------------------------------------------------------------------------------
Tour_Id:			7
No_of_Customers:		19
No_of_Items:			26
Customer_Sequence:		149 94 135 86 70 78 134 37 108 101 44 24 85 9 31 87 144 40 12 

CustId	Id	TypeId	Rotated	x	y	z	Length	Width	Height	mass	Fragility	LoadBearingStrength
12	13	3	0	0	0	0	119	60	60	21.79	0		0.015300
12	14	10	0	0	60	0	105	60	60	4.20	0		0.003300
40	49	3	0	0	0	60	119	60	60	21.79	0		0.015300
144	190	7	0	0	60	60	120	60	60	15.66	0		0.010900
87	115	1	0	0	120	0	22	47	41	3.04	0		0.014700
31	39	3	0	0	0	120	119	60	60	21.79	0		0.015300
9	10	9	0	0	60	120	108	60	60	4.11	0		0.003200
85	113	3	0	119	0	0	119	60	60	21.79	0		0.015300
85	112	1	0	0	120	41	22	47	41	3.04	0		0.014700
24	31	6	0	22	120	0	48	50	51	2.04	0		0.004200
44	56	5	0	119	0	60	70	60	60	17.79	0		0.021200
44	55	1	0	0	120	82	22	47	41	3.04	0		0.014700
101	132	1	0	0	120	123	22	47	41	3.04	0		0.014700
108	142	4	0	22	120	51	58	51	50	3.95	0		0.006700
37	45	5	0	119	0	120	70	60	60	17.79	0		0.021200
134	173	4	0	22	120	101	58	51	50	3.95	0		0.006700
78	102	8	0	80	120	0	49	50	56	2.77	0		0.005700
78	101	6	0	80	120	56	48	50	51	2.04	0		0.004200
70	89	3	0	129	60	0	119	60	60	21.79	0		0.015300
70	90	6	0	80	120	107	48	50	51	2.04	0		0.004200
86	114	5	0	120	60	60	70	60	60	17.79	0		0.021200
135	175	4	0	108	60	120	58	51	50	3.95	0		0.006700
135	174	2	1	190	0	60	93	60	60	15.42	1		0.002800
94	124	3	1	250	0	0	119	60	60	21.79	0		0.015300
149	197	7	1	250	0	60	120	60	60	15.66	0		0.010900
149	198	9	1	250	0	120	108	60	60	4.11	0		0.003200


-------------------------------------------------------------------------------------------------------------------
Tour_Id:			8
No_of_Customers:		18
No_of_Items:			24
Customer_Sequence:		81 21 43 17 76 67 46 68 90 35 3 111 77 29 145 61 4 124 

CustId	Id	TypeId	Rotated	x	y	z	Length	Width	Height	mass	Fragility	LoadBearingStrength
124	160	2	0	0	0	0	93	60	60	15.42	1		0.002800
4	5	3	0	0	60	0	119	60	60	21.79	0		0.015300
61	77	2	0	0	0	60	93	60	60	15.42	1		0.002800
145	191	5	0	0	60	60	70	60	60	17.79	0		0.021200
29	37	6	0	0	120	0	48	50	51	2.04	0		0.004200
77	100	3	0	93	0	0	119	60	60	21.79	0		0.015300
111	145	4	0	0	120	51	58	51	50	3.95	0		0.006700
3	4	2	0	0	0	120	93	60	60	15.42	1		0.002800
35	43	1	0	0	120	101	22	47	41	3.04	0		0.014700
90	120	8	0	0	60	120	49	50	56	2.77	0		0.005700
90	119	2	0	93	0	60	93	60	60	15.42	1		0.002800
68	86	9	0	119	60	0	108	60	60	4.11	0		0.003200
68	85	5	0	70	60	60	70	60	60	17.79	0		0.021200
46	59	7	0	49	60	120	120	60	60	15.66	0		0.010900
67	84	4	0	58	120	0	58	51	50	3.95	0		0.006700
76	99	9	1	227	0	0	108	60	60	4.11	0		0.003200
76	98	4	0	58	120	50	58	51	50	3.95	0		0.006700
76	97	2	0	93	0	120	93	60	60	15.42	1		0.002800
17	20	4	0	58	120	100	58	51	50	3.95	0		0.006700
17	21	8	0	116	120	0	49	50	56	2.77	0		0.005700
43	54	7	0	169	60	60	120	60	60	15.66	0		0.010900
43	53	2	0	169	60	120	93	60	60	15.42	1		0.002800
21	27	4	0	116	120	56	58	51	50	3.95	0		0.006700
81	106	8	0	116	120	106	49	50	56	2.77	0		0.005700


