Name:				004_n020_m200_bt3_336
Problem:			3L-VRPTW
Number_of_used_Vehicles:	1
Total_Travel_Distance:		199.57
Calculation_Time:		2.38
Total_Iterations:		1
ConstraintSet:			P1

-------------------------------------------------------------------------------------------------------------------
Tour_Id:			1
No_of_Customers:		4
No_of_Items:			41
Customer_Sequence:		5 1 6 3 

CustId	Id	TypeId	Rotated	x	y	z	Length	Width	Height	mass	Fragility	LoadBearingStrength
3	18	1	0	0	0	0	17	7	8	180.99	0		3.528697
3	19	1	0	0	7	0	17	7	8	180.99	0		3.528697
3	20	1	0	0	14	0	17	7	8	180.99	0		3.528697
3	21	1	0	0	0	8	17	7	8	180.99	0		3.528697
3	24	3	0	0	21	0	13	3	6	103.95	0		21.118934
3	25	3	0	0	21	6	13	3	6	103.95	0		21.118934
3	26	3	0	0	7	8	13	3	6	103.95	0		21.118934
3	22	2	0	0	10	8	6	4	8	42.11	1		2.203044
3	23	2	0	0	14	8	6	4	8	42.11	1		2.203044
6	48	1	0	0	0	16	17	7	8	180.99	0		3.528697
6	49	1	0	17	0	0	17	7	8	180.99	0		3.528697
6	50	1	0	17	7	0	17	7	8	180.99	0		3.528697
6	55	3	0	0	18	8	13	3	6	103.95	0		21.118934
6	56	3	0	0	21	12	13	3	6	103.95	0		21.118934
6	57	3	0	0	7	14	13	3	6	103.95	0		21.118934
6	58	3	0	0	18	14	13	3	6	103.95	0		21.118934
6	59	3	0	0	21	18	13	3	6	103.95	0		21.118934
6	51	2	0	0	10	16	6	4	8	42.11	1		2.203044
6	52	2	0	0	14	16	6	4	8	42.11	1		2.203044
6	53	2	0	6	10	8	6	4	8	42.11	1		2.203044
6	54	2	0	6	14	8	6	4	8	42.11	1		2.203044
1	1	1	0	13	7	8	17	7	8	180.99	0		3.528697
1	2	1	0	13	7	16	17	7	8	180.99	0		3.528697
1	4	3	0	0	7	20	13	3	6	103.95	0		21.118934
1	5	3	0	0	18	20	13	3	6	103.95	0		21.118934
1	6	3	0	0	0	24	13	3	6	103.95	0		21.118934
1	7	3	0	0	3	24	13	3	6	103.95	0		21.118934
1	8	3	0	0	21	24	13	3	6	103.95	0		21.118934
1	3	2	0	6	10	16	6	4	8	42.11	1		2.203044
5	36	1	0	17	14	0	17	7	8	180.99	0		3.528697
5	37	1	0	13	14	8	17	7	8	180.99	0		3.528697
5	38	1	0	13	14	16	17	7	8	180.99	0		3.528697
5	39	1	0	17	0	8	17	7	8	180.99	0		3.528697
5	40	1	0	17	0	16	17	7	8	180.99	0		3.528697
5	44	3	0	13	21	0	13	3	6	103.95	0		21.118934
5	45	3	0	13	21	6	13	3	6	103.95	0		21.118934
5	46	3	0	13	21	12	13	3	6	103.95	0		21.118934
5	47	3	0	13	21	18	13	3	6	103.95	0		21.118934
5	41	2	0	6	14	16	6	4	8	42.11	1		2.203044
5	42	2	0	26	21	0	6	4	8	42.11	1		2.203044
5	43	2	0	26	21	8	6	4	8	42.11	1		2.203044


