Name:				049_n020_m200_bt3_4981
Problem:			3L-VRPTW
Number_of_used_Vehicles:	1
Total_Travel_Distance:		200.06
Calculation_Time:		6.28
Total_Iterations:		1
ConstraintSet:			P1

-------------------------------------------------------------------------------------------------------------------
Tour_Id:			1
No_of_Customers:		5
No_of_Items:			52
Customer_Sequence:		10 9 12 2 7 

CustId	Id	TypeId	Rotated	x	y	z	Length	Width	Height	mass	Fragility	LoadBearingStrength
7	53	1	0	0	0	0	14	3	4	61.89	0		8.716482
7	54	1	0	0	3	0	14	3	4	61.89	0		8.716482
12	116	3	0	0	6	0	17	5	8	406.28	1		6.051330
9	82	2	0	0	11	0	9	4	3	33.84	0		10.042675
7	57	1	0	0	15	0	14	3	4	61.89	0		8.716482
7	58	2	0	0	18	0	9	4	3	33.84	0		10.042675
7	59	2	0	0	18	3	9	4	3	33.84	0		10.042675
7	60	2	0	0	0	4	9	4	3	33.84	0		10.042675
7	61	3	0	9	18	0	17	5	8	406.28	1		6.051330
7	62	3	0	9	18	8	17	5	8	406.28	1		6.051330
7	63	3	0	9	18	16	17	5	8	406.28	1		6.051330
7	64	3	0	14	0	0	17	5	8	406.28	1		6.051330
7	65	3	0	14	0	8	17	5	8	406.28	1		6.051330
7	66	3	0	14	0	16	17	5	8	406.28	1		6.051330
2	11	1	0	0	15	4	14	3	4	61.89	0		8.716482
2	12	1	0	0	15	8	14	3	4	61.89	0		8.716482
2	13	1	0	0	15	12	14	3	4	61.89	0		8.716482
2	14	1	0	0	15	16	14	3	4	61.89	0		8.716482
2	15	2	0	26	18	0	9	4	3	33.84	0		10.042675
2	16	3	0	31	0	0	17	5	8	406.28	1		6.051330
2	17	3	0	31	0	8	17	5	8	406.28	1		6.051330
2	18	3	0	31	0	16	17	5	8	406.28	1		6.051330
2	19	3	0	35	18	0	17	5	8	406.28	1		6.051330
12	108	1	0	0	15	20	14	3	4	61.89	0		8.716482
12	109	2	0	0	15	24	9	4	3	33.84	0		10.042675
12	110	2	0	0	15	27	9	4	3	33.84	0		10.042675
12	111	2	0	17	6	0	9	4	3	33.84	0		10.042675
12	112	2	0	17	6	3	9	4	3	33.84	0		10.042675
12	113	2	0	17	6	6	9	4	3	33.84	0		10.042675
12	114	2	0	17	6	9	9	4	3	33.84	0		10.042675
12	115	3	0	0	6	8	17	5	8	406.28	1		6.051330
7	55	1	0	14	15	0	14	3	4	61.89	0		8.716482
12	117	3	0	0	6	16	17	5	8	406.28	1		6.051330
12	118	3	0	26	6	0	17	5	8	406.28	1		6.051330
9	78	1	0	9	11	0	14	3	4	61.89	0		8.716482
9	79	1	0	9	11	4	14	3	4	61.89	0		8.716482
9	80	2	0	0	11	3	9	4	3	33.84	0		10.042675
9	81	2	0	0	11	6	9	4	3	33.84	0		10.042675
7	56	1	0	28	15	0	14	3	4	61.89	0		8.716482
9	83	3	0	26	6	8	17	5	8	406.28	1		6.051330
9	84	3	0	26	6	16	17	5	8	406.28	1		6.051330
10	85	1	0	9	11	8	14	3	4	61.89	0		8.716482
10	86	1	0	9	11	12	14	3	4	61.89	0		8.716482
10	87	2	0	0	11	9	9	4	3	33.84	0		10.042675
10	88	2	0	0	11	12	9	4	3	33.84	0		10.042675
10	89	2	0	0	11	15	9	4	3	33.84	0		10.042675
10	90	3	0	35	18	8	17	5	8	406.28	1		6.051330
10	91	3	0	35	18	16	17	5	8	406.28	1		6.051330
10	92	3	0	43	6	0	17	5	8	406.28	1		6.051330
10	93	3	0	43	11	0	17	5	8	406.28	1		6.051330
10	94	3	0	43	6	8	17	5	8	406.28	1		6.051330
10	95	3	0	43	11	8	17	5	8	406.28	1		6.051330


