Name:				056_n020_m200_bt100_5675
Problem:			3L-VRPTW
Number_of_used_Vehicles:	1
Total_Travel_Distance:		220.48
Calculation_Time:		3.50
Total_Iterations:		1
ConstraintSet:			P1

-------------------------------------------------------------------------------------------------------------------
Tour_Id:			1
No_of_Customers:		6
No_of_Items:			58
Customer_Sequence:		9 12 1 6 5 2 

CustId	Id	TypeId	Rotated	x	y	z	Length	Width	Height	mass	Fragility	LoadBearingStrength
2	16	85	0	0	0	0	17	6	8	123.29	0		8.972564
2	13	71	0	0	6	0	17	5	8	123.59	0		17.624437
2	11	30	0	0	11	0	14	7	4	51.58	0		2.135787
2	17	88	0	0	18	0	15	3	6	45.68	0		11.801330
2	12	38	0	0	21	0	11	4	6	36.03	0		2.186148
2	14	78	0	0	11	4	12	6	3	35.11	0		9.107865
2	10	7	0	0	18	6	6	6	4	55.45	0		29.868414
2	15	84	0	0	11	7	13	3	3	19.70	0		7.168763
2	9	1	0	0	0	8	12	6	5	38.25	1		1.904338
5	37	36	0	14	11	0	15	6	8	127.40	0		37.354176
5	35	23	0	14	11	8	10	7	8	109.04	0		4.141843
5	40	66	0	14	11	16	9	7	5	38.55	0		2.997378
5	42	78	0	14	11	21	12	6	3	35.11	0		9.107865
5	38	37	0	0	6	8	15	2	7	26.61	0		13.608948
5	34	14	0	0	14	7	8	2	5	12.63	0		7.516627
5	36	34	0	0	8	8	6	3	4	55.80	0		34.620527
5	39	64	0	14	11	24	12	7	5	408.49	1		58.378013
5	41	68	0	0	18	10	7	4	6	32.99	1		10.196105
5	33	3	0	11	21	0	17	3	3	18.23	1		7.999600
6	51	92	0	17	0	0	16	7	7	104.86	0		4.264684
6	46	17	0	17	0	7	8	7	8	59	0		5.340486
6	47	33	0	17	0	15	10	5	8	43.10	0		21.829551
6	50	78	0	29	11	0	12	6	3	35.11	0		9.107865
6	48	37	0	0	6	15	15	2	7	26.61	0		13.608948
6	49	39	0	29	17	0	14	5	3	69.76	0		18.515540
6	44	7	0	17	0	23	6	6	4	55.45	0		29.868414
6	45	7	0	25	0	7	6	6	4	55.45	0		29.868414
6	43	4	0	0	0	13	8	6	8	129.58	1		3.740259
1	6	60	0	29	11	3	14	5	6	59.46	0		3.851888
1	3	22	0	17	7	0	11	4	8	61.15	0		19.481080
1	4	37	0	0	6	22	15	2	7	26.61	0		13.608948
1	8	67	0	29	16	3	12	5	3	23.02	0		11.030350
1	2	12	0	17	7	8	9	4	4	26.27	0		6.403465
1	5	56	0	6	8	8	9	3	5	142.94	0		65.592385
1	7	62	0	33	0	0	13	7	6	56.42	1		1.230129
1	1	4	0	29	16	6	8	6	8	129.58	1		3.740259
12	104	36	0	43	17	0	15	6	8	127.40	0		37.354176
12	105	36	0	43	17	8	15	6	8	127.40	0		37.354176
12	107	60	0	29	11	9	14	5	6	59.46	0		3.851888
12	108	60	0	29	11	15	14	5	6	59.46	0		3.851888
12	112	78	0	29	11	21	12	6	3	35.11	0		9.107865
12	109	69	0	26	11	24	13	5	3	31.54	0		6.403980
12	110	69	0	26	11	27	13	5	3	31.54	0		6.403980
12	113	99	0	28	7	0	13	3	5	36.47	0		20.862925
12	114	99	0	28	7	5	13	3	5	36.47	0		20.862925
12	106	51	0	28	7	10	13	3	4	16.60	0		9.140189
12	103	12	0	17	7	12	9	4	4	26.27	0		6.403465
12	102	8	0	6	8	13	10	3	4	18.26	0		4.244663
12	111	76	0	17	7	16	8	4	3	19.18	0		9.207488
9	75	21	0	43	17	16	15	5	8	290.95	0		17.827201
9	77	23	0	46	0	0	10	7	8	109.04	0		4.141843
9	78	30	0	46	7	0	14	7	4	51.58	0		2.135787
9	76	22	0	28	7	14	11	4	8	61.15	0		19.481080
9	80	50	0	43	17	24	6	6	6	31.95	0		10.543526
9	79	44	0	46	7	4	8	5	4	18.37	0		2.705838
9	81	51	0	28	7	22	13	3	4	16.60	0		9.140189
9	74	14	0	17	7	19	8	2	5	12.63	0		7.516627
9	82	64	0	33	0	6	12	7	5	408.49	1		58.378013


