Name:				304_n020_m400_bt3_29499
Problem:			3L-VRPTW
Number_of_used_Vehicles:	1
Total_Travel_Distance:		183.87
Calculation_Time:		13.42
Total_Iterations:		1
ConstraintSet:			P1

-------------------------------------------------------------------------------------------------------------------
Tour_Id:			1
No_of_Customers:		4
No_of_Items:			86
Customer_Sequence:		7 15 4 2 

CustId	Id	TypeId	Rotated	x	y	z	Length	Width	Height	mass	Fragility	LoadBearingStrength
2	26	2	0	0	0	0	10	3	7	70.29	0		11.706376
2	27	2	0	0	3	0	10	3	7	70.29	0		11.706376
2	28	2	0	0	6	0	10	3	7	70.29	0		11.706376
2	29	2	0	0	9	0	10	3	7	70.29	0		11.706376
2	30	2	0	0	12	0	10	3	7	70.29	0		11.706376
2	31	2	0	0	15	0	10	3	7	70.29	0		11.706376
2	32	2	0	0	18	0	10	3	7	70.29	0		11.706376
2	33	2	0	0	21	0	10	3	7	70.29	0		11.706376
7	122	1	0	0	0	7	13	5	5	76.10	1		1.546798
2	40	3	0	0	5	7	6	5	4	32.93	0		4.961138
2	39	3	0	0	10	7	6	5	4	32.93	0		4.961138
2	38	3	0	0	15	7	6	5	4	32.93	0		4.961138
2	37	3	0	0	20	7	6	5	4	32.93	0		4.961138
2	36	3	0	0	5	11	6	5	4	32.93	0		4.961138
2	35	3	0	0	10	11	6	5	4	32.93	0		4.961138
2	34	3	0	0	15	11	6	5	4	32.93	0		4.961138
2	25	1	1	0	5	15	13	5	5	76.10	1		1.546798
2	24	1	1	0	5	20	13	5	5	76.10	1		1.546798
2	23	1	1	0	5	25	13	5	5	76.10	1		1.546798
2	22	1	1	6	5	7	13	5	5	76.10	1		1.546798
2	21	1	1	6	5	12	13	5	5	76.10	1		1.546798
2	20	1	1	6	5	17	13	5	5	76.10	1		1.546798
4	74	2	0	10	0	0	10	3	7	70.29	0		11.706376
4	73	2	0	10	18	0	10	3	7	70.29	0		11.706376
4	72	2	0	6	18	7	10	3	7	70.29	0		11.706376
4	71	2	0	6	18	14	10	3	7	70.29	0		11.706376
4	70	2	0	6	18	21	10	3	7	70.29	0		11.706376
4	69	2	0	10	21	0	10	3	7	70.29	0		11.706376
4	79	3	0	0	20	11	6	5	4	32.93	0		4.961138
4	78	3	0	0	18	15	6	5	4	32.93	0		4.961138
4	77	3	0	0	18	19	6	5	4	32.93	0		4.961138
4	76	3	0	0	18	23	6	5	4	32.93	0		4.961138
4	75	3	1	16	18	7	6	5	4	32.93	0		4.961138
4	68	1	1	6	5	22	13	5	5	76.10	1		1.546798
4	67	1	0	20	0	0	13	5	5	76.10	1		1.546798
4	66	1	0	20	5	0	13	5	5	76.10	1		1.546798
4	65	1	0	20	10	0	13	5	5	76.10	1		1.546798
4	64	1	0	20	15	0	13	5	5	76.10	1		1.546798
4	63	1	0	20	20	0	13	5	5	76.10	1		1.546798
4	62	1	0	20	5	5	13	5	5	76.10	1		1.546798
4	61	1	0	20	10	5	13	5	5	76.10	1		1.546798
4	60	1	0	20	5	10	13	5	5	76.10	1		1.546798
4	59	1	0	20	10	10	13	5	5	76.10	1		1.546798
15	290	2	0	33	0	0	10	3	7	70.29	0		11.706376
15	291	2	0	33	3	0	10	3	7	70.29	0		11.706376
15	292	2	0	33	6	0	10	3	7	70.29	0		11.706376
15	293	2	0	33	9	0	10	3	7	70.29	0		11.706376
15	294	2	0	33	12	0	10	3	7	70.29	0		11.706376
15	295	2	0	33	15	0	10	3	7	70.29	0		11.706376
15	296	2	0	33	18	0	10	3	7	70.29	0		11.706376
15	297	2	0	33	21	0	10	3	7	70.29	0		11.706376
15	306	3	0	16	18	11	6	5	4	32.93	0		4.961138
15	305	3	0	16	18	15	6	5	4	32.93	0		4.961138
15	304	3	0	16	18	19	6	5	4	32.93	0		4.961138
15	303	3	0	16	18	23	6	5	4	32.93	0		4.961138
15	302	3	0	33	6	7	6	5	4	32.93	0		4.961138
15	301	3	0	33	11	7	6	5	4	32.93	0		4.961138
15	300	3	0	33	16	7	6	5	4	32.93	0		4.961138
15	299	3	0	33	6	11	6	5	4	32.93	0		4.961138
15	298	3	0	33	11	11	6	5	4	32.93	0		4.961138
15	289	1	0	20	5	15	13	5	5	76.10	1		1.546798
15	288	1	0	20	10	15	13	5	5	76.10	1		1.546798
15	287	1	0	20	5	20	13	5	5	76.10	1		1.546798
15	286	1	0	20	10	20	13	5	5	76.10	1		1.546798
7	123	2	0	33	0	7	10	3	7	70.29	0		11.706376
7	124	2	0	33	3	7	10	3	7	70.29	0		11.706376
7	125	2	0	33	21	7	10	3	7	70.29	0		11.706376
7	126	2	0	33	0	14	10	3	7	70.29	0		11.706376
7	127	2	0	33	3	14	10	3	7	70.29	0		11.706376
7	128	2	0	33	21	14	10	3	7	70.29	0		11.706376
7	129	2	1	33	6	15	10	3	7	70.29	0		11.706376
7	130	2	0	33	0	21	10	3	7	70.29	0		11.706376
7	131	2	0	33	3	21	10	3	7	70.29	0		11.706376
7	132	2	0	33	21	21	10	3	7	70.29	0		11.706376
7	138	3	0	33	16	11	6	5	4	32.93	0		4.961138
7	137	3	0	33	16	15	6	5	4	32.93	0		4.961138
7	136	3	0	33	16	19	6	5	4	32.93	0		4.961138
7	135	3	0	33	16	23	6	5	4	32.93	0		4.961138
7	134	3	1	39	6	7	6	5	4	32.93	0		4.961138
7	133	3	1	39	12	7	6	5	4	32.93	0		4.961138
2	41	3	0	10	3	0	6	5	4	32.93	0		4.961138
7	121	1	0	0	0	12	13	5	5	76.10	1		1.546798
7	120	1	0	0	0	17	13	5	5	76.10	1		1.546798
7	119	1	0	0	0	22	13	5	5	76.10	1		1.546798
7	118	1	0	20	5	25	13	5	5	76.10	1		1.546798
7	117	1	0	20	10	25	13	5	5	76.10	1		1.546798


