Name:				306_n020_m400_bt10_29805
Problem:			3L-VRPTW
Number_of_used_Vehicles:	1
Total_Travel_Distance:		176.02
Calculation_Time:		7.82
Total_Iterations:		1
ConstraintSet:			P1

-------------------------------------------------------------------------------------------------------------------
Tour_Id:			1
No_of_Customers:		3
No_of_Items:			66
Customer_Sequence:		20 5 3 

CustId	Id	TypeId	Rotated	x	y	z	Length	Width	Height	mass	Fragility	LoadBearingStrength
3	39	1	0	0	0	0	11	6	8	130.18	0		16.862412
3	38	1	0	0	6	0	11	6	8	130.18	0		16.862412
3	59	8	0	0	12	0	17	3	7	64.71	0		2.242977
3	58	8	0	0	15	0	17	3	7	64.71	0		2.242977
3	57	8	0	0	18	0	17	3	7	64.71	0		2.242977
3	56	8	0	0	21	0	17	3	7	64.71	0		2.242977
3	42	4	0	0	12	7	12	3	7	56.71	0		6.541043
3	43	4	0	0	15	7	12	3	7	56.71	0		6.541043
3	44	4	0	0	18	7	12	3	7	56.71	0		6.541043
3	61	10	0	0	21	7	13	2	8	24.24	0		4.132605
3	60	10	0	0	0	8	13	2	8	24.24	0		4.132605
3	50	6	0	0	2	8	13	3	5	19.52	0		5.222228
20	398	9	0	0	5	8	7	7	4	55.19	0		11.631646
3	52	6	0	0	2	13	13	3	5	19.52	0		5.222228
3	53	6	0	0	12	14	13	3	5	19.52	0		5.222228
3	54	6	0	0	15	14	13	3	5	19.52	0		5.222228
3	55	6	0	0	18	14	13	3	5	19.52	0		5.222228
3	41	3	0	0	2	18	7	3	7	29.09	0		9.898698
3	40	3	0	0	12	19	7	3	7	29.09	0		9.898698
3	49	5	0	0	15	19	11	3	8	31.30	1		1.151345
3	48	5	0	0	18	19	11	3	8	31.30	1		1.151345
3	47	5	0	11	6	0	11	3	8	31.30	1		1.151345
3	46	5	0	11	9	0	11	3	8	31.30	1		1.151345
3	45	5	0	17	12	0	11	3	8	31.30	1		1.151345
5	81	1	0	17	15	0	11	6	8	130.18	0		16.862412
5	82	1	0	17	15	8	11	6	8	130.18	0		16.862412
5	80	1	0	17	15	16	11	6	8	130.18	0		16.862412
5	92	7	0	28	12	0	9	7	7	63.05	0		4.095607
5	93	7	0	28	12	7	9	7	7	63.05	0		4.095607
5	96	8	0	17	21	0	17	3	7	64.71	0		2.242977
5	94	8	0	13	21	7	17	3	7	64.71	0		2.242977
5	95	8	0	13	21	14	17	3	7	64.71	0		2.242977
5	86	4	0	13	21	21	12	3	7	56.71	0		6.541043
5	87	4	0	22	6	0	12	3	7	56.71	0		6.541043
5	88	4	0	22	9	0	12	3	7	56.71	0		6.541043
5	102	10	0	0	21	15	13	2	8	24.24	0		4.132605
5	101	10	0	0	0	16	13	2	8	24.24	0		4.132605
5	100	10	0	28	19	0	13	2	8	24.24	0		4.132605
5	99	10	0	28	19	8	13	2	8	24.24	0		4.132605
5	98	10	0	28	19	16	13	2	8	24.24	0		4.132605
5	97	9	0	28	12	14	7	7	4	55.19	0		11.631646
5	91	6	0	17	15	24	13	3	5	19.52	0		5.222228
5	90	6	0	17	18	24	13	3	5	19.52	0		5.222228
5	85	3	0	7	2	18	7	3	7	29.09	0		9.898698
5	84	3	0	7	12	19	7	3	7	29.09	0		9.898698
5	89	5	0	17	12	8	11	3	8	31.30	1		1.151345
5	83	2	0	0	15	27	12	5	3	39.88	1		5.491507
20	382	1	0	22	6	7	11	6	8	130.18	0		16.862412
20	397	8	0	34	6	0	17	3	7	64.71	0		2.242977
20	396	8	0	33	6	7	17	3	7	64.71	0		2.242977
20	395	8	0	33	6	14	17	3	7	64.71	0		2.242977
20	385	4	0	33	6	21	12	3	7	56.71	0		6.541043
20	386	4	0	34	9	0	12	3	7	56.71	0		6.541043
20	400	10	0	33	9	7	13	2	8	24.24	0		4.132605
20	399	10	0	33	9	15	13	2	8	24.24	0		4.132605
3	51	6	0	11	0	0	13	3	5	19.52	0		5.222228
20	392	6	0	0	2	25	13	3	5	19.52	0		5.222228
20	393	6	0	24	0	0	13	3	5	19.52	0		5.222228
20	394	6	0	24	3	0	13	3	5	19.52	0		5.222228
20	384	3	0	0	5	12	7	3	7	29.09	0		9.898698
20	391	5	0	7	5	8	11	3	8	31.30	1		1.151345
20	390	5	0	7	8	8	11	3	8	31.30	1		1.151345
20	389	5	0	7	5	16	11	3	8	31.30	1		1.151345
20	388	5	0	7	8	16	11	3	8	31.30	1		1.151345
20	387	5	0	22	6	15	11	3	8	31.30	1		1.151345
20	383	2	0	7	5	24	12	5	3	39.88	1		5.491507


