Name:				308_n020_m400_bt10_30016
Problem:			3L-VRPTW
Number_of_used_Vehicles:	1
Total_Travel_Distance:		131.16
Calculation_Time:		7.01
Total_Iterations:		1
ConstraintSet:			P1

-------------------------------------------------------------------------------------------------------------------
Tour_Id:			1
No_of_Customers:		3
No_of_Items:			63
Customer_Sequence:		3 2 13 

CustId	Id	TypeId	Rotated	x	y	z	Length	Width	Height	mass	Fragility	LoadBearingStrength
13	257	7	0	0	0	0	14	5	8	65.39	0		3.760167
13	256	7	0	0	5	0	14	5	8	65.39	0		3.760167
13	245	3	0	0	10	0	15	7	3	48.04	0		14.818376
13	246	3	0	0	17	0	15	7	3	48.04	0		14.818376
13	259	9	0	0	10	3	17	6	3	40.57	0		5.719009
13	251	5	0	0	16	3	14	4	5	68.71	0		20.927774
13	248	5	0	0	20	3	14	4	5	68.71	0		20.927774
13	249	5	0	0	10	6	14	4	5	68.71	0		20.927774
13	250	5	0	0	0	8	14	4	5	68.71	0		20.927774
13	262	10	0	0	4	8	8	5	6	24.11	0		4.441233
13	261	10	0	0	16	8	8	5	6	24.11	0		4.441233
13	260	10	0	0	10	11	8	5	6	24.11	0		4.441233
13	241	1	0	0	21	8	7	3	6	23.75	0		3.095759
13	240	1	0	0	0	13	7	3	6	23.75	0		3.095759
13	239	1	0	0	4	14	7	3	6	23.75	0		3.095759
13	258	8	0	0	14	6	14	2	3	16.61	0		3.145772
13	247	4	0	0	16	14	7	3	3	15.62	0		6.601438
13	252	6	0	14	0	0	11	6	7	104.90	1		5.310295
13	253	6	0	14	0	7	11	6	7	104.90	1		5.310295
13	254	6	0	14	0	14	11	6	7	104.90	1		5.310295
13	255	6	0	14	0	21	11	6	7	104.90	1		5.310295
13	244	2	0	14	6	0	12	3	8	41.56	1		4.369750
13	243	2	0	14	6	8	12	3	8	41.56	1		4.369750
13	242	2	0	14	6	16	12	3	8	41.56	1		4.369750
2	33	7	0	15	17	0	14	5	8	65.39	0		3.760167
2	31	7	0	8	16	8	14	5	8	65.39	0		3.760167
2	32	7	0	8	16	16	14	5	8	65.39	0		3.760167
2	26	3	0	26	6	0	15	7	3	48.04	0		14.818376
2	37	9	0	25	0	0	17	6	3	40.57	0		5.719009
2	27	5	0	8	16	24	14	4	5	68.71	0		20.927774
2	28	5	0	25	0	3	14	4	5	68.71	0		20.927774
2	29	5	0	25	0	8	14	4	5	68.71	0		20.927774
2	40	10	0	0	19	14	8	5	6	24.11	0		4.441233
2	39	10	0	0	10	17	8	5	6	24.11	0		4.441233
2	38	10	0	0	19	20	8	5	6	24.11	0		4.441233
2	23	1	0	0	16	17	7	3	6	23.75	0		3.095759
2	22	1	0	0	10	23	7	3	6	23.75	0		3.095759
2	34	8	0	15	22	0	14	2	3	16.61	0		3.145772
2	35	8	0	15	22	3	14	2	3	16.61	0		3.145772
2	36	8	0	15	22	6	14	2	3	16.61	0		3.145772
2	30	6	0	26	6	3	11	6	7	104.90	1		5.310295
2	25	2	0	25	0	13	12	3	8	41.56	1		4.369750
2	24	2	0	25	0	21	12	3	8	41.56	1		4.369750
3	56	7	0	29	17	0	14	5	8	65.39	0		3.760167
3	55	7	0	22	16	8	14	5	8	65.39	0		3.760167
3	54	7	0	22	16	16	14	5	8	65.39	0		3.760167
3	46	3	0	41	6	0	15	7	3	48.04	0		14.818376
3	47	3	0	37	6	3	15	7	3	48.04	0		14.818376
3	59	9	0	37	6	6	17	6	3	40.57	0		5.719009
3	58	9	0	37	6	9	17	6	3	40.57	0		5.719009
3	52	5	0	22	16	24	14	4	5	68.71	0		20.927774
3	50	5	0	26	13	0	14	4	5	68.71	0		20.927774
3	51	5	0	37	6	12	14	4	5	68.71	0		20.927774
3	60	10	0	37	6	17	8	5	6	24.11	0		4.441233
3	44	1	0	8	10	11	7	3	6	23.75	0		3.095759
3	43	1	0	8	10	17	7	3	6	23.75	0		3.095759
3	42	1	0	7	10	23	7	3	6	23.75	0		3.095759
3	41	1	0	26	13	5	7	3	6	23.75	0		3.095759
3	57	8	0	15	22	9	14	2	3	16.61	0		3.145772
3	49	4	0	26	13	11	7	3	3	15.62	0		6.601438
3	48	4	0	26	13	14	7	3	3	15.62	0		6.601438
3	53	6	0	26	6	10	11	6	7	104.90	1		5.310295
3	45	2	0	29	22	0	12	3	8	41.56	1		4.369750


