Name:				309_n020_m400_bt10_30182
Problem:			3L-VRPTW
Number_of_used_Vehicles:	1
Total_Travel_Distance:		129.54
Calculation_Time:		3.52
Total_Iterations:		1
ConstraintSet:			P1

-------------------------------------------------------------------------------------------------------------------
Tour_Id:			1
No_of_Customers:		3
No_of_Items:			58
Customer_Sequence:		7 3 15 

CustId	Id	TypeId	Rotated	x	y	z	Length	Width	Height	mass	Fragility	LoadBearingStrength
15	281	5	0	0	0	0	12	7	6	60.57	0		1.838758
15	282	5	0	0	7	0	12	7	6	60.57	0		1.838758
15	292	8	0	0	14	0	14	6	5	43.98	0		4.821763
15	291	8	0	0	14	5	14	6	5	43.98	0		4.821763
15	274	2	0	0	0	6	10	6	5	30.72	0		13.553209
15	275	2	0	0	6	6	10	6	5	30.72	0		13.553209
15	276	2	0	0	14	10	10	6	5	30.72	0		13.553209
15	277	2	0	0	0	11	10	6	5	30.72	0		13.553209
15	293	10	0	0	6	11	7	6	7	147.66	0		13.370692
15	290	7	0	0	14	15	7	7	5	43.96	0		4.692571
15	289	7	0	0	6	18	7	7	5	43.96	0		4.692571
15	288	7	0	0	14	20	7	7	5	43.96	0		4.692571
15	286	7	0	0	6	23	7	7	5	43.96	0		4.692571
15	287	7	0	0	14	25	7	7	5	43.96	0		4.692571
15	278	3	0	0	20	0	11	4	3	16.03	0		7.897886
15	273	1	0	0	20	3	6	3	6	16.36	0		3.101640
15	272	1	0	0	20	9	6	3	6	16.36	0		3.101640
15	280	4	0	12	0	0	17	7	7	88.64	1		0.896253
15	279	4	0	12	7	0	17	7	7	88.64	1		0.896253
15	285	6	0	0	0	16	13	6	3	29.63	1		0.514975
15	284	6	0	0	0	19	13	6	3	29.63	1		0.514975
15	283	6	0	0	0	22	13	6	3	29.63	1		0.514975
3	45	5	0	14	14	0	12	7	6	60.57	0		1.838758
3	51	8	0	14	14	6	14	6	5	43.98	0		4.821763
3	39	2	0	14	14	11	10	6	5	30.72	0		13.553209
3	40	2	0	14	14	16	10	6	5	30.72	0		13.553209
3	41	2	0	14	14	21	10	6	5	30.72	0		13.553209
3	55	10	0	29	0	0	7	6	7	147.66	0		13.370692
3	54	10	0	29	6	0	7	6	7	147.66	0		13.370692
3	53	9	0	14	21	0	12	4	6	52.57	0		18.438034
3	52	9	0	14	20	6	12	4	6	52.57	0		18.438034
3	50	7	0	26	14	0	7	7	5	43.96	0		4.692571
3	42	3	0	14	20	12	11	4	3	16.03	0		7.897886
3	43	3	0	14	20	15	11	4	3	16.03	0		7.897886
3	37	1	1	7	6	11	6	3	6	16.36	0		3.101640
3	38	1	1	7	14	15	6	3	6	16.36	0		3.101640
3	36	1	1	7	6	17	6	3	6	16.36	0		3.101640
3	44	4	0	12	7	7	17	7	7	88.64	1		0.896253
3	49	6	0	0	0	25	13	6	3	29.63	1		0.514975
3	48	6	0	12	7	14	13	6	3	29.63	1		0.514975
3	47	6	0	12	7	17	13	6	3	29.63	1		0.514975
3	46	6	0	12	7	20	13	6	3	29.63	1		0.514975
7	132	5	1	29	0	7	12	7	6	60.57	0		1.838758
7	133	5	1	29	0	13	12	7	6	60.57	0		1.838758
7	135	8	1	29	0	19	14	6	5	43.98	0		4.821763
7	136	8	1	29	0	24	14	6	5	43.98	0		4.821763
7	137	8	0	33	14	0	14	6	5	43.98	0		4.821763
7	129	2	0	33	14	5	10	6	5	30.72	0		13.553209
7	138	9	0	14	20	18	12	4	6	52.57	0		18.438034
7	139	9	0	14	20	24	12	4	6	52.57	0		18.438034
7	140	9	0	26	21	0	12	4	6	52.57	0		18.438034
7	141	9	0	26	20	6	12	4	6	52.57	0		18.438034
7	142	9	0	25	20	12	12	4	6	52.57	0		18.438034
7	134	7	0	36	0	0	7	7	5	43.96	0		4.692571
7	130	3	0	14	14	26	11	4	3	16.03	0		7.897886
7	127	1	1	7	6	23	6	3	6	16.36	0		3.101640
7	128	1	1	24	14	11	6	3	6	16.36	0		3.101640
7	131	4	0	36	7	0	17	7	7	88.64	1		0.896253


