Name:				310_n020_m400_bt10_30303
Problem:			3L-VRPTW
Number_of_used_Vehicles:	1
Total_Travel_Distance:		200.82
Calculation_Time:		2.79
Total_Iterations:		1
ConstraintSet:			P1

-------------------------------------------------------------------------------------------------------------------
Tour_Id:			1
No_of_Customers:		3
No_of_Items:			53
Customer_Sequence:		13 3 4 

CustId	Id	TypeId	Rotated	x	y	z	Length	Width	Height	mass	Fragility	LoadBearingStrength
4	64	3	0	0	0	0	16	7	6	107.41	0		8.055076
4	65	3	0	0	7	0	16	7	6	107.41	0		8.055076
4	61	2	0	0	14	0	10	5	8	66.50	0		6.560611
4	62	2	0	0	19	0	10	5	8	66.50	0		6.560611
4	63	2	0	0	0	6	10	5	8	66.50	0		6.560611
4	70	7	0	0	5	6	14	4	7	65.17	0		5.835611
4	68	7	0	0	9	6	14	4	7	65.17	0		5.835611
4	69	7	0	0	5	13	14	4	7	65.17	0		5.835611
4	67	6	0	0	14	8	13	5	6	83.33	0		4.126139
4	75	10	0	0	19	8	13	4	7	145.06	0		13.239944
4	74	10	0	0	9	13	13	4	7	145.06	0		13.239944
4	72	9	0	0	0	14	9	5	4	41.03	0		10.336386
4	73	9	0	0	14	14	9	5	4	41.03	0		10.336386
4	66	5	0	0	19	15	6	5	5	24.76	0		4.175824
4	71	8	0	0	5	20	7	6	3	20.40	0		15.571704
4	60	1	0	10	14	0	15	4	7	52.78	1		1.648576
4	59	1	0	10	18	0	15	4	7	52.78	1		1.648576
3	43	3	0	16	0	0	16	7	6	107.41	0		8.055076
3	42	2	0	0	0	18	10	5	8	66.50	0		6.560611
3	54	7	0	10	0	6	14	4	7	65.17	0		5.835611
3	53	7	0	10	0	13	14	4	7	65.17	0		5.835611
3	52	6	0	10	0	20	13	5	6	83.33	0		4.126139
3	51	6	0	16	7	0	13	5	6	83.33	0		4.126139
3	58	10	0	14	5	6	13	4	7	145.06	0		13.239944
3	57	10	0	14	9	6	13	4	7	145.06	0		13.239944
3	56	10	0	13	9	13	13	4	7	145.06	0		13.239944
3	55	10	0	13	9	20	13	4	7	145.06	0		13.239944
3	50	5	0	0	14	18	6	5	5	24.76	0		4.175824
3	49	5	0	0	19	20	6	5	5	24.76	0		4.175824
3	48	5	0	0	5	23	6	5	5	24.76	0		4.175824
3	47	4	0	0	11	20	6	2	7	17.23	1		1.545034
3	46	4	0	0	14	23	6	2	7	17.23	1		1.545034
3	45	4	0	0	16	23	6	2	7	17.23	1		1.545034
3	44	4	0	6	19	15	6	2	7	17.23	1		1.545034
13	244	3	0	25	14	0	16	7	6	107.41	0		8.055076
13	245	3	0	25	14	6	16	7	6	107.41	0		8.055076
13	246	3	0	25	14	12	16	7	6	107.41	0		8.055076
13	247	3	0	25	14	18	16	7	6	107.41	0		8.055076
13	257	7	0	14	5	13	14	4	7	65.17	0		5.835611
13	256	7	0	7	5	20	14	4	7	65.17	0		5.835611
13	255	7	0	25	21	0	14	4	7	65.17	0		5.835611
13	254	6	0	25	14	24	13	5	6	83.33	0		4.126139
13	251	6	0	29	7	0	13	5	6	83.33	0		4.126139
13	252	6	0	27	5	6	13	5	6	83.33	0		4.126139
13	253	6	0	32	0	0	13	5	6	83.33	0		4.126139
13	260	10	0	24	0	6	13	4	7	145.06	0		13.239944
13	259	9	0	0	0	26	9	5	4	41.03	0		10.336386
13	250	5	0	0	19	25	6	5	5	24.76	0		4.175824
13	258	8	0	41	14	0	7	6	3	20.40	0		15.571704
13	243	1	0	24	0	13	15	4	7	52.78	1		1.648576
13	242	1	0	23	0	20	15	4	7	52.78	1		1.648576
13	249	4	0	6	21	15	6	2	7	17.23	1		1.545034
13	248	4	0	6	19	22	6	2	7	17.23	1		1.545034


