Name:				314_n020_m400_bt100_30719
Problem:			3L-VRPTW
Number_of_used_Vehicles:	1
Total_Travel_Distance:		172.87
Calculation_Time:		5.70
Total_Iterations:		1
ConstraintSet:			P1

-------------------------------------------------------------------------------------------------------------------
Tour_Id:			1
No_of_Customers:		3
No_of_Items:			61
Customer_Sequence:		6 1 7 

CustId	Id	TypeId	Rotated	x	y	z	Length	Width	Height	mass	Fragility	LoadBearingStrength
7	128	25	0	0	0	0	17	6	7	85.23	0		4.644315
7	135	49	0	0	6	0	9	7	8	49.17	0		3.664865
7	124	9	0	0	13	0	17	4	7	74.12	0		11.805257
7	139	59	0	0	17	0	12	6	5	36.90	0		7.219530
7	138	52	0	0	17	5	16	3	7	36.01	0		5.973695
7	130	28	0	0	6	8	8	7	6	32.55	0		12.727951
7	136	50	0	0	0	7	8	6	3	16.78	0		27.623673
7	129	26	0	0	0	10	8	6	7	54.21	0		11.029085
7	132	35	0	0	6	14	10	5	6	47.85	0		8.935708
7	126	23	0	0	0	17	7	6	7	45.81	0		10.313414
7	127	23	0	0	6	20	7	6	7	45.81	0		10.313414
7	137	51	0	0	20	5	9	3	8	18.12	0		11.764997
7	125	22	0	9	6	0	10	7	3	33.43	0		4.201934
7	142	74	0	8	0	7	10	6	3	20.29	0		7.270857
7	131	28	0	9	6	3	8	7	6	32.55	0		12.727951
7	134	46	0	0	0	24	6	6	4	12.23	0		7.233435
7	133	46	0	8	0	10	6	6	4	12.23	0		7.233435
7	140	61	0	0	13	7	8	3	4	12.87	0		5.356414
7	141	66	0	0	6	27	8	6	3	10.83	1		0.973047
1	11	39	0	17	13	0	14	6	8	97.41	0		9.496761
1	15	48	0	17	19	0	16	4	8	52.50	0		2.688488
1	16	49	0	17	13	8	9	7	8	49.17	0		3.664865
1	7	27	0	0	17	12	17	3	8	39.18	0		1.691014
1	14	41	0	17	13	16	9	6	7	63.57	0		4.341709
1	17	59	0	17	13	23	12	6	5	36.90	0		7.219530
1	9	32	0	0	17	20	17	3	7	36.23	0		2.587905
1	24	90	0	19	6	0	12	5	5	48.57	0		32.150940
1	10	35	0	19	6	5	10	5	6	47.85	0		8.935708
1	22	84	0	19	6	11	11	6	4	34.49	0		8.592487
1	5	21	0	19	6	15	10	5	5	21.35	0		8.937061
1	6	22	1	26	13	8	10	7	3	33.43	0		4.201934
1	4	20	0	0	23	0	16	2	6	26.19	0		15.557839
1	8	30	0	8	0	14	8	6	4	24.48	0		2.998533
1	21	76	0	19	6	20	11	4	4	29.79	0		4.225270
1	12	40	0	0	13	11	7	3	7	24.72	0		8.691403
1	13	40	0	0	20	13	7	3	7	24.72	0		8.691403
1	19	65	0	0	23	6	9	2	8	12	0		2.811441
1	2	3	0	16	23	0	13	2	5	14.62	0		4.540108
1	20	75	0	16	23	5	13	2	5	11.64	0		3.701710
1	1	3	0	16	23	10	13	2	5	14.62	0		4.540108
1	18	61	0	0	13	18	8	3	4	12.87	0		5.356414
1	23	88	0	0	23	14	10	2	4	7.83	0		11.527481
1	25	99	0	31	6	0	14	5	4	47.75	1		2.865516
1	3	12	0	0	20	20	6	4	6	15.08	1		1.485612
6	108	13	0	33	19	0	15	6	5	55.38	0		14.659922
6	114	37	0	8	0	18	9	5	8	40.40	0		5.837612
6	112	32	0	33	19	5	17	3	7	36.23	0		2.587905
6	116	52	0	33	22	5	16	3	7	36.01	0		5.973695
6	111	26	0	33	19	12	8	6	7	54.21	0		11.029085
6	120	84	0	41	19	12	11	6	4	34.49	0		8.592487
6	122	97	0	19	6	24	13	3	6	35.77	0		6.058437
6	119	72	0	45	6	0	15	5	3	25.06	0		3.730662
6	118	72	0	45	11	0	15	5	3	25.06	0		3.730662
6	115	38	0	33	19	19	7	4	7	15.66	0		2.145159
6	109	20	0	16	23	15	16	2	6	26.19	0		15.557839
6	117	57	0	45	16	0	15	3	4	28.81	0		4.611559
6	107	3	0	16	23	21	13	2	5	14.62	0		4.540108
6	113	34	0	8	0	26	9	3	4	9.06	0		5.565461
6	121	86	0	31	6	4	17	4	8	89.95	1		1.683056
6	123	99	0	31	6	12	14	5	4	47.75	1		2.865516
6	110	24	0	8	3	26	10	2	3	7.14	1		1.023085


