Name:				324_n020_m400_bt10_31748
Problem:			3L-VRPTW
Number_of_used_Vehicles:	1
Total_Travel_Distance:		99.58
Calculation_Time:		12.30
Total_Iterations:		1
ConstraintSet:			P1

-------------------------------------------------------------------------------------------------------------------
Tour_Id:			1
No_of_Customers:		3
No_of_Items:			58
Customer_Sequence:		11 14 5 

CustId	Id	TypeId	Rotated	x	y	z	Length	Width	Height	mass	Fragility	LoadBearingStrength
5	87	4	0	0	0	0	13	7	6	49.75	0		3.600507
5	85	4	0	0	7	0	13	7	6	49.75	0		3.600507
14	267	2	0	0	14	0	13	4	8	60.17	0		9.041591
5	82	2	0	0	18	0	13	4	8	60.17	0		9.041591
5	83	2	0	0	0	6	13	4	8	60.17	0		9.041591
5	89	6	0	0	4	6	16	5	5	33.22	0		4.427741
5	84	3	0	0	9	6	13	5	5	27.46	0		6.050456
5	80	1	0	0	22	0	12	3	7	22.03	0		1.237398
5	81	1	0	0	22	7	12	3	7	22.03	0		1.237398
5	79	1	0	0	18	8	12	3	7	22.03	0		1.237398
5	88	5	0	0	4	11	8	5	5	18.09	0		10.028748
5	90	7	0	0	9	11	7	5	5	21.84	0		4.863515
5	91	7	0	0	4	16	7	5	5	21.84	0		4.863515
11	201	2	0	0	14	8	13	4	8	60.17	0		9.041591
5	93	7	0	0	9	16	7	5	5	21.84	0		4.863515
5	94	7	0	0	4	21	7	5	5	21.84	0		4.863515
5	95	8	0	13	18	0	14	6	8	75.87	1		1.758874
5	96	9	0	0	0	14	17	3	5	40.78	1		1.363845
5	97	9	0	0	0	19	17	3	5	40.78	1		1.363845
5	98	9	0	0	0	24	17	3	5	40.78	1		1.363845
14	269	4	0	27	18	0	13	7	6	49.75	0		3.600507
14	270	4	0	27	18	6	13	7	6	49.75	0		3.600507
14	271	4	0	27	18	12	13	7	6	49.75	0		3.600507
14	266	2	0	13	14	0	13	4	8	60.17	0		9.041591
5	86	4	0	13	0	0	13	7	6	49.75	0		3.600507
14	274	6	0	26	0	0	16	5	5	33.22	0		4.427741
14	273	6	0	26	5	0	16	5	5	33.22	0		4.427741
14	268	3	0	26	10	0	13	5	5	27.46	0		6.050456
11	206	5	0	0	9	21	8	5	5	18.09	0		10.028748
14	265	1	0	0	22	14	12	3	7	22.03	0		1.237398
14	263	1	0	0	18	15	12	3	7	22.03	0		1.237398
14	272	5	0	7	9	11	8	5	5	18.09	0		10.028748
14	275	7	0	7	9	16	7	5	5	21.84	0		4.863515
14	276	7	0	8	4	11	7	5	5	21.84	0		4.863515
14	277	7	0	7	4	16	7	5	5	21.84	0		4.863515
14	278	7	0	7	4	21	7	5	5	21.84	0		4.863515
14	282	10	0	0	22	21	6	2	4	8.23	0		5.428621
14	279	8	0	12	18	8	14	6	8	75.87	1		1.758874
14	280	8	0	12	18	16	14	6	8	75.87	1		1.758874
14	281	8	0	26	0	5	14	6	8	75.87	1		1.758874
11	204	4	0	26	6	5	13	7	6	49.75	0		3.600507
11	205	4	0	26	6	11	13	7	6	49.75	0		3.600507
5	92	7	0	13	7	0	7	5	5	21.84	0		4.863515
11	208	6	0	26	6	17	16	5	5	33.22	0		4.427741
11	207	6	0	26	6	22	16	5	5	33.22	0		4.427741
11	202	3	0	27	18	18	13	5	5	27.46	0		6.050456
11	203	3	0	27	18	23	13	5	5	27.46	0		6.050456
11	200	1	0	0	14	16	12	3	7	22.03	0		1.237398
11	199	1	0	0	14	23	12	3	7	22.03	0		1.237398
14	264	1	0	0	18	22	12	3	7	22.03	0		1.237398
11	209	7	0	8	9	21	7	5	5	21.84	0		4.863515
11	213	10	0	0	22	25	6	2	4	8.23	0		5.428621
11	214	10	0	0	4	26	6	2	4	8.23	0		5.428621
11	215	10	0	0	6	26	6	2	4	8.23	0		5.428621
11	216	10	0	0	8	26	6	2	4	8.23	0		5.428621
11	210	8	0	26	0	13	14	6	8	75.87	1		1.758874
11	211	9	0	13	14	8	17	3	5	40.78	1		1.363845
11	212	9	0	13	14	13	17	3	5	40.78	1		1.363845


