Name:				325_n020_m400_bt10_31825
Problem:			3L-VRPTW
Number_of_used_Vehicles:	1
Total_Travel_Distance:		116.79
Calculation_Time:		4.14
Total_Iterations:		1
ConstraintSet:			P1

-------------------------------------------------------------------------------------------------------------------
Tour_Id:			1
No_of_Customers:		3
No_of_Items:			63
Customer_Sequence:		5 8 14 

CustId	Id	TypeId	Rotated	x	y	z	Length	Width	Height	mass	Fragility	LoadBearingStrength
14	277	8	0	0	0	0	14	6	7	100.16	0		2.574903
14	276	8	0	0	6	0	14	6	7	100.16	0		2.574903
14	263	3	0	0	12	0	16	5	6	59.41	0		10.369826
14	264	3	0	0	17	0	16	5	6	59.41	0		10.369826
14	259	1	0	0	12	6	10	5	7	44.53	0		2.328649
14	258	1	0	0	17	6	10	5	7	44.53	0		2.328649
14	265	4	0	0	0	7	11	6	4	30.84	0		2.411353
14	275	7	0	0	22	0	8	3	7	27.75	0		7.148205
14	274	7	0	0	6	7	8	3	7	27.75	0		7.148205
14	260	2	0	0	9	7	9	3	6	19.09	0		3.741785
14	261	2	0	0	22	7	9	3	6	19.09	0		3.741785
14	262	2	0	0	0	11	9	3	6	19.09	0		3.741785
14	269	5	0	0	9	13	7	4	4	11.62	0		10.596865
14	270	5	0	0	13	13	7	4	4	11.62	0		10.596865
14	268	5	0	0	17	13	7	4	4	11.62	0		10.596865
14	267	5	0	0	21	13	7	4	4	11.62	0		10.596865
14	266	5	0	0	0	17	7	4	4	11.62	0		10.596865
14	271	6	1	0	9	17	15	2	7	38.86	1		3.938385
14	272	6	1	2	9	17	15	2	7	38.86	1		3.938385
14	273	6	1	4	9	17	15	2	7	38.86	1		3.938385
14	278	9	0	0	9	24	7	6	5	35.79	1		1.346165
14	279	9	0	0	15	24	7	6	5	35.79	1		1.346165
8	157	8	0	14	0	0	14	6	7	100.16	0		2.574903
8	156	8	0	11	0	7	14	6	7	100.16	0		2.574903
8	143	3	0	11	0	14	16	5	6	59.41	0		10.369826
8	144	3	0	11	0	20	16	5	6	59.41	0		10.369826
8	145	3	0	14	6	0	16	5	6	59.41	0		10.369826
8	146	3	0	14	6	6	16	5	6	59.41	0		10.369826
8	141	1	1	10	12	6	10	5	7	44.53	0		2.328649
8	140	1	1	7	9	13	10	5	7	44.53	0		2.328649
8	147	4	1	7	9	20	11	6	4	30.84	0		2.411353
8	148	4	1	7	9	24	11	6	4	30.84	0		2.411353
8	155	7	0	0	6	14	8	3	7	27.75	0		7.148205
8	154	7	0	0	0	21	8	3	7	27.75	0		7.148205
8	142	2	0	0	6	21	9	3	6	19.09	0		3.741785
8	151	5	0	7	19	13	7	4	4	11.62	0		10.596865
8	152	5	0	11	0	26	7	4	4	11.62	0		10.596865
8	150	5	0	14	6	12	7	4	4	11.62	0		10.596865
8	149	5	0	14	6	16	7	4	4	11.62	0		10.596865
8	153	6	0	16	12	0	15	2	7	38.86	1		3.938385
8	158	9	0	16	14	0	7	6	5	35.79	1		1.346165
8	159	9	0	16	14	5	7	6	5	35.79	1		1.346165
8	160	9	0	16	14	10	7	6	5	35.79	1		1.346165
8	161	9	0	16	14	15	7	6	5	35.79	1		1.346165
5	96	8	0	23	14	0	14	6	7	100.16	0		2.574903
5	86	3	0	16	20	0	16	5	6	59.41	0		10.369826
5	87	3	0	16	20	6	16	5	6	59.41	0		10.369826
5	88	3	0	16	20	12	16	5	6	59.41	0		10.369826
5	100	10	0	16	20	18	17	3	8	54.63	0		4.036011
5	99	10	0	23	14	7	17	3	8	54.63	0		4.036011
5	83	1	0	21	6	12	10	5	7	44.53	0		2.328649
5	84	1	0	21	6	19	10	5	7	44.53	0		2.328649
5	82	1	0	28	0	0	10	5	7	44.53	0		2.328649
5	89	4	0	21	6	26	11	6	4	30.84	0		2.411353
5	90	4	0	28	0	7	11	6	4	30.84	0		2.411353
5	95	7	0	23	17	7	8	3	7	27.75	0		7.148205
5	85	2	0	23	17	14	9	3	6	19.09	0		3.741785
5	91	5	0	14	6	20	7	4	4	11.62	0		10.596865
5	92	6	0	16	12	7	15	2	7	38.86	1		3.938385
5	93	6	0	16	12	14	15	2	7	38.86	1		3.938385
5	94	6	0	16	23	18	15	2	7	38.86	1		3.938385
5	97	9	0	16	14	20	7	6	5	35.79	1		1.346165
5	98	9	0	16	14	25	7	6	5	35.79	1		1.346165


