Name:				337_n020_m400_bt10_33339
Problem:			3L-VRPTW
Number_of_used_Vehicles:	1
Total_Travel_Distance:		245.90
Calculation_Time:		19.99
Total_Iterations:		1
ConstraintSet:			P1

-------------------------------------------------------------------------------------------------------------------
Tour_Id:			1
No_of_Customers:		4
No_of_Items:			86
Customer_Sequence:		2 9 11 4 

CustId	Id	TypeId	Rotated	x	y	z	Length	Width	Height	mass	Fragility	LoadBearingStrength
4	67	2	0	0	0	0	13	3	8	41.94	0		6.357081
4	68	2	0	0	3	0	13	3	8	41.94	0		6.357081
4	78	8	0	0	6	0	11	4	7	39.18	0		1.647596
4	77	8	0	0	10	0	11	4	7	39.18	0		1.647596
4	75	8	0	0	14	0	11	4	7	39.18	0		1.647596
4	81	9	0	0	18	0	6	5	6	61.76	0		6.571891
4	72	7	0	0	6	7	14	6	3	40.86	0		11.155341
4	73	7	0	0	12	7	14	6	3	40.86	0		11.155341
4	74	7	0	0	0	8	14	6	3	40.86	0		11.155341
4	76	8	0	0	6	10	11	4	7	39.18	0		1.647596
4	80	9	0	0	18	6	6	5	6	61.76	0		6.571891
4	79	9	0	0	10	10	6	5	6	61.76	0		6.571891
4	70	3	0	0	23	0	15	2	4	13.97	0		3.645134
4	69	3	0	0	23	4	15	2	4	13.97	0		3.645134
4	82	10	0	0	23	8	14	2	4	56.44	0		11.405893
4	83	10	0	0	15	10	14	2	4	56.44	0		11.405893
4	84	10	0	0	0	11	14	2	4	56.44	0		11.405893
4	66	1	0	0	2	11	12	3	3	21.65	0		3.189078
9	180	8	0	0	2	14	11	4	7	39.18	0		1.647596
4	71	4	0	6	18	0	15	4	8	53.06	1		1.746280
11	222	8	0	0	6	17	11	4	7	39.18	0		1.647596
11	221	8	0	21	18	0	11	4	7	39.18	0		1.647596
11	220	8	0	21	18	7	11	4	7	39.18	0		1.647596
11	219	8	0	21	18	14	11	4	7	39.18	0		1.647596
11	217	8	0	21	18	21	11	4	7	39.18	0		1.647596
11	218	8	0	32	18	0	11	4	7	39.18	0		1.647596
11	212	5	0	21	22	0	15	3	6	28.48	0		4.924769
11	213	5	0	21	22	6	15	3	6	28.48	0		4.924769
11	215	7	0	43	18	0	14	6	3	40.86	0		11.155341
11	214	5	0	21	22	12	15	3	6	28.48	0		4.924769
11	216	7	0	43	18	3	14	6	3	40.86	0		11.155341
11	225	9	0	0	18	12	6	5	6	61.76	0		6.571891
11	224	9	0	0	10	16	6	5	6	61.76	0		6.571891
11	223	9	0	0	18	18	6	5	6	61.76	0		6.571891
11	210	3	0	0	23	12	15	2	4	13.97	0		3.645134
11	209	3	0	0	15	14	15	2	4	13.97	0		3.645134
11	208	3	0	0	0	15	15	2	4	13.97	0		3.645134
11	227	10	0	0	23	16	14	2	4	56.44	0		11.405893
11	228	10	0	0	15	18	14	2	4	56.44	0		11.405893
11	229	10	0	0	0	19	14	2	4	56.44	0		11.405893
11	230	10	0	0	23	20	14	2	4	56.44	0		11.405893
11	226	10	0	0	15	22	14	2	4	56.44	0		11.405893
11	207	1	0	0	6	24	12	3	3	21.65	0		3.189078
11	206	1	0	0	6	27	12	3	3	21.65	0		3.189078
11	205	1	0	21	22	18	12	3	3	21.65	0		3.189078
11	211	4	0	6	18	8	15	4	8	53.06	1		1.746280
9	170	2	0	0	2	21	13	3	8	41.94	0		6.357081
9	171	2	0	21	22	21	13	3	8	41.94	0		6.357081
9	172	2	0	32	18	7	13	3	8	41.94	0		6.357081
9	173	2	0	32	18	15	13	3	8	41.94	0		6.357081
4	65	1	0	11	6	0	12	3	3	21.65	0		3.189078
9	176	5	0	23	6	0	15	3	6	28.48	0		4.924769
9	177	5	0	23	9	0	15	3	6	28.48	0		4.924769
9	179	7	0	23	12	0	14	6	3	40.86	0		11.155341
9	181	9	0	0	10	22	6	5	6	61.76	0		6.571891
9	184	10	0	0	0	23	14	2	4	56.44	0		11.405893
9	183	10	0	0	23	24	14	2	4	56.44	0		11.405893
9	182	10	0	0	15	26	14	2	4	56.44	0		11.405893
9	169	1	0	23	12	3	12	3	3	21.65	0		3.189078
9	168	1	0	23	15	3	12	3	3	21.65	0		3.189078
9	167	1	0	23	6	6	12	3	3	21.65	0		3.189078
9	175	4	0	23	9	6	15	4	8	53.06	1		1.746280
9	174	4	0	23	13	6	15	4	8	53.06	1		1.746280
9	178	6	0	6	10	10	10	3	7	40.07	1		1.068636
2	23	2	0	23	6	9	13	3	8	41.94	0		6.357081
2	24	2	0	23	6	17	13	3	8	41.94	0		6.357081
2	36	8	0	32	18	23	11	4	7	39.18	0		1.647596
2	29	5	0	38	6	0	15	3	6	28.48	0		4.924769
2	35	7	0	38	9	0	14	6	3	40.86	0		11.155341
2	34	7	0	38	9	3	14	6	3	40.86	0		11.155341
2	39	9	0	38	6	6	6	5	6	61.76	0		6.571891
2	38	9	0	38	11	6	6	5	6	61.76	0		6.571891
2	37	9	0	38	6	12	6	5	6	61.76	0		6.571891
2	40	10	0	23	6	25	14	2	4	56.44	0		11.405893
2	20	1	0	38	15	0	12	3	3	21.65	0		3.189078
2	22	1	0	38	15	3	12	3	3	21.65	0		3.189078
2	21	1	0	44	6	6	12	3	3	21.65	0		3.189078
2	19	1	0	44	6	9	12	3	3	21.65	0		3.189078
2	28	4	0	23	9	14	15	4	8	53.06	1		1.746280
2	27	4	0	23	13	14	15	4	8	53.06	1		1.746280
2	26	4	0	23	9	22	15	4	8	53.06	1		1.746280
2	25	4	0	23	13	22	15	4	8	53.06	1		1.746280
2	30	6	0	6	10	17	10	3	7	40.07	1		1.068636
2	31	6	0	44	9	6	10	3	7	40.07	1		1.068636
2	32	6	0	44	12	6	10	3	7	40.07	1		1.068636
2	33	6	0	44	6	12	10	3	7	40.07	1		1.068636


