Name:				337_n020_m400_bt10_33306
Problem:			3L-VRPTW
Number_of_used_Vehicles:	1
Total_Travel_Distance:		249.22
Calculation_Time:		13.15
Total_Iterations:		1
ConstraintSet:			P1

-------------------------------------------------------------------------------------------------------------------
Tour_Id:			1
No_of_Customers:		4
No_of_Items:			86
Customer_Sequence:		6 2 1 11 

CustId	Id	TypeId	Rotated	x	y	z	Length	Width	Height	mass	Fragility	LoadBearingStrength
11	222	8	0	0	0	0	11	4	7	39.18	0		1.647596
11	221	8	0	0	4	0	11	4	7	39.18	0		1.647596
11	220	8	0	0	8	0	11	4	7	39.18	0		1.647596
11	219	8	0	0	12	0	11	4	7	39.18	0		1.647596
11	217	8	0	0	16	0	11	4	7	39.18	0		1.647596
11	218	8	0	0	20	0	11	4	7	39.18	0		1.647596
11	212	5	1	0	0	7	15	3	6	28.48	0		4.924769
11	229	10	0	0	15	7	14	2	4	56.44	0		11.405893
11	214	5	1	0	0	13	15	3	6	28.48	0		4.924769
11	215	7	0	0	17	7	14	6	3	40.86	0		11.155341
11	216	7	0	0	17	10	14	6	3	40.86	0		11.155341
11	225	9	0	0	17	13	6	5	6	61.76	0		6.571891
11	224	9	0	0	17	19	6	5	6	61.76	0		6.571891
11	223	9	0	3	0	7	6	5	6	61.76	0		6.571891
11	210	3	0	0	15	11	15	2	4	13.97	0		3.645134
11	209	3	0	0	15	15	15	2	4	13.97	0		3.645134
11	208	3	1	0	0	19	15	2	4	13.97	0		3.645134
11	227	10	0	0	15	19	14	2	4	56.44	0		11.405893
11	228	10	1	0	0	23	14	2	4	56.44	0		11.405893
11	213	5	0	11	0	0	15	3	6	28.48	0		4.924769
11	230	10	0	0	15	23	14	2	4	56.44	0		11.405893
11	226	10	1	9	0	7	14	2	4	56.44	0		11.405893
11	207	1	0	11	3	0	12	3	3	21.65	0		3.189078
11	206	1	0	11	6	0	12	3	3	21.65	0		3.189078
11	205	1	0	11	9	0	12	3	3	21.65	0		3.189078
11	211	4	0	11	3	3	15	4	8	53.06	1		1.746280
1	4	2	0	11	12	0	13	3	8	41.94	0		6.357081
1	5	2	0	11	7	3	13	3	8	41.94	0		6.357081
1	12	8	0	11	7	11	11	4	7	39.18	0		1.647596
1	13	8	0	11	7	18	11	4	7	39.18	0		1.647596
1	7	5	0	11	0	6	15	3	6	28.48	0		4.924769
1	8	5	0	11	12	8	15	3	6	28.48	0		4.924769
1	9	5	0	11	0	12	15	3	6	28.48	0		4.924769
1	10	7	0	24	12	0	14	6	3	40.86	0		11.155341
1	11	7	0	24	18	0	14	6	3	40.86	0		11.155341
1	14	9	0	3	0	13	6	5	6	61.76	0		6.571891
1	6	3	1	9	0	11	15	2	4	13.97	0		3.645134
1	18	10	1	9	0	15	14	2	4	56.44	0		11.405893
1	17	10	1	9	0	19	14	2	4	56.44	0		11.405893
1	16	10	1	9	0	23	14	2	4	56.44	0		11.405893
1	15	10	0	11	10	3	14	2	4	56.44	0		11.405893
1	3	1	0	11	12	14	12	3	3	21.65	0		3.189078
1	2	1	0	11	12	17	12	3	3	21.65	0		3.189078
1	1	1	0	11	0	18	12	3	3	21.65	0		3.189078
2	23	2	0	11	12	20	13	3	8	41.94	0		6.357081
2	24	2	0	11	0	21	13	3	8	41.94	0		6.357081
2	36	8	0	24	18	3	11	4	7	39.18	0		1.647596
2	29	5	0	26	0	0	15	3	6	28.48	0		4.924769
2	35	7	0	26	3	0	14	6	3	40.86	0		11.155341
2	34	7	0	26	3	3	14	6	3	40.86	0		11.155341
2	39	9	0	6	17	13	6	5	6	61.76	0		6.571891
2	38	9	0	6	17	19	6	5	6	61.76	0		6.571891
2	37	9	0	24	18	10	6	5	6	61.76	0		6.571891
2	40	10	0	0	17	25	14	2	4	56.44	0		11.405893
2	20	1	0	0	19	25	12	3	3	21.65	0		3.189078
2	22	1	0	11	7	25	12	3	3	21.65	0		3.189078
2	21	1	0	26	9	0	12	3	3	21.65	0		3.189078
2	19	1	0	26	9	3	12	3	3	21.65	0		3.189078
2	28	4	0	11	3	11	15	4	8	53.06	1		1.746280
2	27	4	0	11	3	19	15	4	8	53.06	1		1.746280
2	26	4	0	26	12	3	15	4	8	53.06	1		1.746280
2	25	4	0	26	0	6	15	4	8	53.06	1		1.746280
2	30	6	0	26	4	6	10	3	7	40.07	1		1.068636
2	31	6	0	26	7	6	10	3	7	40.07	1		1.068636
2	32	6	0	26	12	11	10	3	7	40.07	1		1.068636
2	33	6	0	26	4	13	10	3	7	40.07	1		1.068636
6	108	2	0	38	9	0	13	3	8	41.94	0		6.357081
6	122	8	0	38	18	0	11	4	7	39.18	0		1.647596
6	117	5	0	38	22	0	15	3	6	28.48	0		4.924769
6	118	5	0	38	22	6	15	3	6	28.48	0		4.924769
6	120	7	0	41	0	0	14	6	3	40.86	0		11.155341
6	121	7	0	41	0	3	14	6	3	40.86	0		11.155341
6	123	9	0	24	18	16	6	5	6	61.76	0		6.571891
6	124	9	0	24	18	22	6	5	6	61.76	0		6.571891
6	111	3	0	26	16	3	15	2	4	13.97	0		3.645134
6	112	3	0	26	16	7	15	2	4	13.97	0		3.645134
6	113	3	0	26	16	11	15	2	4	13.97	0		3.645134
6	110	3	0	26	16	15	15	2	4	13.97	0		3.645134
6	109	3	0	26	16	19	15	2	4	13.97	0		3.645134
6	125	10	0	26	16	23	14	2	4	56.44	0		11.405893
6	126	10	0	36	4	6	14	2	4	56.44	0		11.405893
6	107	1	0	38	18	7	12	3	3	21.65	0		3.189078
6	114	4	0	26	0	14	15	4	8	53.06	1		1.746280
6	115	4	0	26	0	22	15	4	8	53.06	1		1.746280
6	116	4	0	41	0	6	15	4	8	53.06	1		1.746280
6	119	6	0	26	7	13	10	3	7	40.07	1		1.068636


