Name:				342_n020_m400_bt100_33928
Problem:			3L-VRPTW
Number_of_used_Vehicles:	1
Total_Travel_Distance:		153.97
Calculation_Time:		30.97
Total_Iterations:		1
ConstraintSet:			P1

-------------------------------------------------------------------------------------------------------------------
Tour_Id:			1
No_of_Customers:		3
No_of_Items:			66
Customer_Sequence:		4 9 16 

CustId	Id	TypeId	Rotated	x	y	z	Length	Width	Height	mass	Fragility	LoadBearingStrength
16	305	22	0	0	0	0	14	7	8	47.96	0		1.772501
16	317	95	0	0	7	0	17	6	7	33.08	0		1.774881
16	311	63	0	0	13	0	13	4	8	24.70	0		6.060037
16	301	5	0	0	17	0	12	4	7	23.10	0		10.186035
16	304	15	0	0	7	7	7	6	8	26.87	0		2.627906
16	313	69	0	0	21	0	10	4	8	41.54	0		6.206800
9	153	22	0	0	0	8	14	7	8	47.96	0		1.772501
16	315	81	0	7	7	7	13	6	4	16.49	0		1.999227
16	300	2	0	0	17	7	14	3	7	24.12	0		7.715917
16	303	9	0	0	13	8	13	3	7	15.18	0		4.453053
16	312	66	0	0	21	8	11	3	8	20.33	0		5.904908
16	308	49	0	0	17	14	10	4	6	26.18	0		5.362145
16	309	49	1	0	7	15	10	4	6	26.18	0		5.362145
16	307	40	0	7	7	11	14	4	4	17.38	0		2.874301
16	316	84	0	4	7	15	7	7	4	12.33	0		5.056667
16	302	7	0	0	21	16	12	2	8	12.99	0		2.548772
16	306	33	0	0	17	20	6	4	4	10.53	0		8.927928
16	310	61	0	0	21	24	12	2	6	15.11	1		0.912665
16	314	69	1	0	7	21	10	4	8	41.54	0		6.206800
9	170	85	0	0	0	16	14	7	7	85.29	0		40.730337
9	162	51	0	0	0	23	17	3	3	7.86	0		9.121927
9	156	35	0	14	0	0	11	6	7	34.99	0		2.904330
9	155	35	0	14	0	7	11	6	7	34.99	0		2.904330
9	164	63	0	11	7	15	13	4	8	24.70	0		6.060037
9	158	39	0	0	3	23	15	3	7	41.98	0		2.808736
9	148	12	1	4	7	19	9	5	7	35.04	0		3.202331
9	145	2	0	11	7	23	14	3	7	24.12	0		7.715917
9	147	9	0	13	13	0	13	3	7	15.18	0		4.453053
9	167	80	0	13	13	7	10	3	8	14.05	0		2.080907
9	151	19	0	14	0	14	11	6	3	14.76	0		2.479910
9	169	84	0	14	0	17	7	7	4	12.33	0		5.056667
9	159	42	0	0	0	26	16	3	4	9.20	0		3.415730
9	173	92	1	4	7	26	12	4	4	13.17	0		2.834913
9	146	6	0	13	13	15	10	4	4	17.78	0		2.995107
9	163	56	0	13	13	19	8	5	4	20.17	0		4.032691
4	61	29	1	21	0	17	7	4	8	19.67	0		8.455246
9	172	88	0	13	13	23	6	6	4	14.76	0		3.445852
9	171	88	0	25	0	0	6	6	4	14.76	0		3.445852
9	154	32	0	25	6	0	11	3	3	10.73	0		2.708610
9	174	96	0	26	13	0	15	7	7	67.36	1		1.019624
9	152	21	0	23	13	7	16	3	5	33.18	1		2.308030
9	161	45	0	23	13	12	11	2	8	15.80	1		0.885891
9	160	45	0	23	13	20	11	2	8	15.80	1		0.885891
9	168	83	0	36	6	0	7	7	3	7.38	1		1.090466
9	150	18	0	25	9	0	6	3	7	16.06	1		1.088419
9	149	18	0	25	6	3	6	3	7	16.06	1		1.088419
9	166	79	0	25	0	4	6	4	4	12.26	1		1.002395
9	165	67	0	4	14	15	7	2	3	3.51	1		1.824237
4	65	52	0	26	20	0	15	5	8	41.07	0		2.877518
4	63	38	0	26	20	8	13	5	7	26.93	0		6.640790
4	68	57	0	26	20	15	15	3	8	26.97	0		1.878729
4	76	100	0	31	0	0	12	5	6	31.15	0		4.611900
4	62	37	0	41	13	0	17	5	4	22.52	0		3.419650
4	72	78	0	41	18	0	12	7	4	29.10	0		4.238183
4	60	24	0	31	0	6	13	5	5	26.54	0		2.514106
4	66	53	0	31	0	11	6	6	7	12.81	0		9.753960
4	71	76	0	23	16	7	14	4	7	48.34	1		1.778648
9	157	35	0	43	6	0	11	6	7	34.99	0		2.904330
4	69	59	0	26	20	23	9	4	5	20.81	0		5.109018
4	75	98	0	31	0	18	6	6	5	25.09	0		5.165456
4	67	56	0	31	0	23	8	5	4	20.17	0		4.032691
4	74	91	0	35	20	23	6	4	6	8.37	0		4.149105
4	59	23	0	37	0	11	8	4	6	11.31	0		4.000889
4	64	45	0	23	16	14	11	2	8	15.80	1		0.885891
4	73	83	0	41	13	4	7	7	3	7.38	1		1.090466
4	70	67	1	21	0	25	7	2	3	3.51	1		1.824237


