Name:				353_n020_m400_bt10_35101
Problem:			3L-VRPTW
Number_of_used_Vehicles:	1
Total_Travel_Distance:		115.90
Calculation_Time:		9.67
Total_Iterations:		1
ConstraintSet:			P1

-------------------------------------------------------------------------------------------------------------------
Tour_Id:			1
No_of_Customers:		4
No_of_Items:			85
Customer_Sequence:		3 11 12 14 

CustId	Id	TypeId	Rotated	x	y	z	Length	Width	Height	mass	Fragility	LoadBearingStrength
14	272	8	0	0	0	0	11	4	8	49.76	0		4.555780
14	271	8	0	0	4	0	11	4	8	49.76	0		4.555780
14	270	8	0	0	8	0	11	4	8	49.76	0		4.555780
14	278	10	0	0	12	0	6	6	7	36.81	0		3.852086
14	274	9	0	0	18	0	7	3	6	17.63	0		3.143659
14	257	1	0	0	0	8	10	5	5	36.60	0		2.686003
14	268	5	0	0	21	0	13	3	5	34.07	0		4.854394
14	267	5	0	0	21	5	13	3	5	34.07	0		4.854394
14	266	5	0	0	5	8	13	3	5	34.07	0		4.854394
14	265	5	0	0	8	8	13	3	5	34.07	0		4.854394
14	264	4	0	0	12	7	7	6	4	32	0		11.807221
14	263	4	0	0	12	11	7	6	4	32	0		11.807221
14	269	6	0	0	21	10	17	3	3	16.07	0		3.998976
14	273	9	0	0	18	6	7	3	6	17.63	0		3.143659
14	277	10	0	0	0	13	6	6	7	36.81	0		3.852086
14	275	9	0	0	18	12	7	3	6	17.63	0		3.143659
14	276	9	0	0	6	13	7	3	6	17.63	0		3.143659
14	260	2	0	0	21	13	10	4	6	34.05	1		6.073335
14	259	2	0	0	21	19	10	4	6	34.05	1		6.073335
14	258	2	0	6	12	0	10	4	6	34.05	1		6.073335
14	262	3	0	0	12	15	8	4	3	10.22	1		1.948690
14	261	3	0	0	12	18	8	4	3	10.22	1		1.948690
12	236	8	0	11	0	0	11	4	8	49.76	0		4.555780
12	235	8	0	10	0	8	11	4	8	49.76	0		4.555780
12	234	8	0	10	0	16	11	4	8	49.76	0		4.555780
12	239	10	0	0	0	20	6	6	7	36.81	0		3.852086
12	238	10	0	7	6	13	6	6	7	36.81	0		3.852086
12	237	10	0	7	6	20	6	6	7	36.81	0		3.852086
12	222	1	0	10	0	24	10	5	5	36.60	0		2.686003
12	231	5	0	7	18	0	13	3	5	34.07	0		4.854394
12	232	5	0	7	18	5	13	3	5	34.07	0		4.854394
12	230	5	0	7	18	10	13	3	5	34.07	0		4.854394
12	229	4	0	16	12	0	7	6	4	32	0		11.807221
12	233	6	0	7	18	15	17	3	3	16.07	0		3.998976
12	225	2	0	0	12	21	10	4	6	34.05	1		6.073335
12	224	2	0	20	18	0	10	4	6	34.05	1		6.073335
12	223	2	0	20	18	6	10	4	6	34.05	1		6.073335
12	228	3	0	0	21	25	8	4	3	10.22	1		1.948690
12	227	3	0	0	0	27	8	4	3	10.22	1		1.948690
12	226	3	0	0	12	27	8	4	3	10.22	1		1.948690
11	215	8	0	22	0	0	11	4	8	49.76	0		4.555780
11	214	8	0	21	0	8	11	4	8	49.76	0		4.555780
11	213	7	0	16	12	4	8	5	7	30.66	0		3.317259
11	212	7	0	16	12	11	8	5	7	30.66	0		3.317259
11	221	10	0	16	12	18	6	6	7	36.81	0		3.852086
11	220	10	0	22	4	0	6	6	7	36.81	0		3.852086
11	219	10	0	22	4	7	6	6	7	36.81	0		3.852086
11	218	10	0	22	4	14	6	6	7	36.81	0		3.852086
11	217	10	0	22	4	21	6	6	7	36.81	0		3.852086
11	196	1	0	28	4	0	10	5	5	36.60	0		2.686003
11	195	1	0	28	9	0	10	5	5	36.60	0		2.686003
11	197	1	0	28	4	5	10	5	5	36.60	0		2.686003
11	198	1	0	28	9	5	10	5	5	36.60	0		2.686003
11	199	1	0	28	4	10	10	5	5	36.60	0		2.686003
11	200	1	0	28	9	10	10	5	5	36.60	0		2.686003
11	208	5	0	0	18	18	13	3	5	34.07	0		4.854394
11	206	4	0	16	12	25	7	6	4	32	0		11.807221
11	207	4	0	28	4	15	7	6	4	32	0		11.807221
11	211	6	0	0	18	23	17	3	3	16.07	0		3.998976
11	210	6	0	0	18	26	17	3	3	16.07	0		3.998976
11	209	6	0	20	22	0	17	3	3	16.07	0		3.998976
11	216	9	0	10	21	13	7	3	6	17.63	0		3.143659
11	203	2	0	21	0	16	10	4	6	34.05	1		6.073335
11	202	2	0	21	0	22	10	4	6	34.05	1		6.073335
11	201	2	0	28	14	0	10	4	6	34.05	1		6.073335
11	204	3	0	7	6	27	8	4	3	10.22	1		1.948690
11	205	3	0	28	14	6	8	4	3	10.22	1		1.948690
3	58	8	0	28	10	15	11	4	8	49.76	0		4.555780
3	57	7	0	28	4	19	8	5	7	30.66	0		3.317259
3	56	7	0	28	10	23	8	5	7	30.66	0		3.317259
3	55	7	0	38	4	0	8	5	7	30.66	0		3.317259
3	60	10	0	38	9	0	6	6	7	36.81	0		3.852086
3	43	1	0	38	15	0	10	5	5	36.60	0		2.686003
3	52	5	0	20	22	3	13	3	5	34.07	0		4.854394
3	53	5	0	20	22	8	13	3	5	34.07	0		4.854394
3	51	4	0	28	4	26	7	6	4	32	0		11.807221
3	50	4	0	38	15	5	7	6	4	32	0		11.807221
3	49	4	0	38	4	7	7	6	4	32	0		11.807221
3	54	6	0	20	22	13	17	3	3	16.07	0		3.998976
3	59	9	0	10	21	19	7	3	6	17.63	0		3.143659
3	45	2	0	28	14	9	10	4	6	34.05	1		6.073335
3	44	2	0	28	14	15	10	4	6	34.05	1		6.073335
3	48	3	0	8	21	25	8	4	3	10.22	1		1.948690
3	47	3	0	30	18	0	8	4	3	10.22	1		1.948690
3	46	3	0	30	18	3	8	4	3	10.22	1		1.948690


