Name:				357_n020_m400_bt100_35609
Problem:			3L-VRPTW
Number_of_used_Vehicles:	1
Total_Travel_Distance:		226.79
Calculation_Time:		4.34
Total_Iterations:		1
ConstraintSet:			P1

-------------------------------------------------------------------------------------------------------------------
Tour_Id:			1
No_of_Customers:		3
No_of_Items:			63
Customer_Sequence:		9 14 12 

CustId	Id	TypeId	Rotated	x	y	z	Length	Width	Height	mass	Fragility	LoadBearingStrength
12	230	44	0	0	0	0	13	7	8	42.34	0		3.203151
12	238	82	0	0	7	0	11	6	8	22.95	0		1.308436
12	237	82	0	0	13	0	11	6	8	22.95	0		1.308436
12	239	90	0	0	19	0	13	5	8	47.40	0		2.479982
12	229	37	0	0	0	8	17	5	6	18.52	0		8.451092
12	236	74	0	0	5	8	11	6	5	40.52	0		10.883508
12	233	61	0	0	11	8	13	6	4	12.59	0		1.677572
12	222	13	0	0	17	8	15	4	5	18.36	0		2.980124
12	227	33	0	0	11	12	8	5	7	35.98	0		3.965113
12	241	99	0	0	5	13	9	5	6	11.80	0		9.052821
12	240	99	0	0	17	13	9	5	6	11.80	0		9.052821
12	221	7	0	0	5	19	6	6	7	29.91	0		3.831637
12	234	66	0	0	0	14	17	2	7	25.15	0		2.188119
12	220	4	0	0	2	14	14	2	8	16.97	0		2.461046
12	231	53	0	0	11	19	7	6	4	17.88	0		4.363958
12	235	68	0	0	21	8	8	4	4	11.56	0		5.470030
12	225	24	0	0	17	19	12	3	3	4.52	0		2.064009
12	223	19	0	0	0	21	17	2	3	12.62	0		8.688309
12	224	22	0	0	20	19	7	2	6	8.69	0		2.233784
12	226	27	0	0	2	22	8	2	4	7.69	0		5.096130
12	232	58	0	11	7	0	11	5	6	22.03	1		3.840512
12	228	34	0	11	12	0	10	4	5	12.80	1		1.040794
14	272	43	0	21	12	0	12	5	7	36.91	0		7.830513
14	270	42	0	21	17	0	17	4	6	41.37	0		2.838283
14	271	42	0	21	21	0	17	4	6	41.37	0		2.838283
14	266	16	0	21	17	6	16	4	6	19.46	0		1.138024
14	284	95	0	21	21	6	11	4	8	36.03	0		1.797115
14	279	78	0	21	12	7	14	5	5	46.59	0		3.845289
14	280	81	0	0	17	22	13	3	8	15.32	0		1.918962
14	275	53	0	0	11	23	7	6	4	17.88	0		4.363958
14	274	48	0	8	11	12	6	5	5	10.56	0		3.321895
14	268	21	0	0	2	26	6	6	4	18.11	0		3.190178
14	283	94	1	6	5	19	6	3	8	11.14	0		14.546900
14	276	68	0	8	11	17	8	4	4	11.56	0		5.470030
14	281	86	0	8	11	21	10	4	3	12.44	0		6.394970
14	267	19	0	0	0	24	17	2	3	12.62	0		8.688309
14	269	27	0	0	20	25	8	2	4	7.69	0		5.096130
14	273	45	0	21	12	12	12	6	5	41.91	1		2.479720
14	278	77	0	21	18	12	16	2	7	25.36	1		2.158499
14	282	89	0	0	11	27	6	6	3	5.94	1		0.408159
14	277	69	0	8	11	24	6	3	5	11.35	1		1.167336
9	161	37	0	22	7	0	17	5	6	18.52	0		8.451092
9	176	100	0	21	21	14	13	4	8	32.89	0		11.650407
9	175	100	0	21	21	22	13	4	8	32.89	0		11.650407
9	159	26	0	22	7	6	13	5	6	24.66	0		2.347922
9	168	62	0	22	7	12	16	3	7	34.05	0		4.615543
9	162	39	0	38	17	0	8	5	8	14.09	0		3.290357
9	166	61	0	39	7	0	13	6	4	12.59	0		1.677572
9	167	61	0	39	7	4	13	6	4	12.59	0		1.677572
9	172	80	0	38	17	8	9	5	6	29.47	0		4.182087
9	155	4	0	22	10	12	14	2	8	16.97	0		2.461046
9	173	88	0	22	7	19	14	2	7	25.08	0		3.867374
9	160	30	0	38	17	14	9	4	5	23.84	0		11.231340
9	170	70	0	22	10	20	15	2	4	14.34	0		5.186404
9	169	63	0	38	17	19	6	5	4	9.34	0		7.148241
9	158	24	0	38	22	0	12	3	3	4.52	0		2.064009
9	163	54	0	22	10	24	9	2	4	9.16	0		24.099159
9	156	8	0	0	0	27	8	2	3	5.19	0		2.209568
9	174	92	0	39	7	8	8	7	8	48.19	1		4.827671
9	171	75	1	52	7	0	16	7	3	27.59	1		2.892607
9	165	58	0	21	12	17	11	5	6	22.03	1		3.840512
9	164	55	0	11	7	6	10	4	7	26.48	1		1.797828
9	157	11	0	21	18	19	16	2	3	9.89	1		2.021236


