Name:				358_n020_m400_bt100_35822
Problem:			3L-VRPTW
Number_of_used_Vehicles:	1
Total_Travel_Distance:		93.08
Calculation_Time:		3.70
Total_Iterations:		1
ConstraintSet:			P1

-------------------------------------------------------------------------------------------------------------------
Tour_Id:			1
No_of_Customers:		3
No_of_Items:			59
Customer_Sequence:		8 17 3 

CustId	Id	TypeId	Rotated	x	y	z	Length	Width	Height	mass	Fragility	LoadBearingStrength
3	52	43	0	0	0	0	17	6	8	29.89	0		1.622903
3	55	57	0	0	6	0	14	7	8	30.66	0		1.630817
3	53	54	0	0	13	0	12	7	7	38.87	0		1.814958
3	48	33	0	0	13	7	16	7	5	19.85	0		1.347143
3	44	8	0	0	20	0	11	4	8	33.77	0		1.387817
3	45	11	0	0	0	8	14	3	7	15.30	0		11.571547
3	61	100	0	0	3	8	12	3	8	22.24	0		4.700702
3	47	24	0	0	6	8	14	5	4	17.31	0		1.597123
3	59	90	0	0	20	8	10	5	5	12.38	0		2.724764
3	58	84	0	0	6	12	15	3	5	13.73	0		2.426760
3	51	42	0	0	13	12	13	4	4	10.10	0		0.847099
3	60	93	0	0	20	13	13	4	4	22.33	0		8.696546
3	50	40	0	12	13	0	8	6	3	11.78	0		3.223527
3	56	75	0	12	19	0	6	6	4	13	0		10.754569
3	57	75	0	12	13	3	6	6	4	13	0		10.754569
3	49	34	0	0	13	16	6	5	3	4.74	0		3.222844
3	54	55	0	14	6	0	15	6	8	42.70	1		2.087618
3	46	21	0	14	6	8	11	7	3	20.97	1		0.761067
17	342	98	0	17	0	0	12	6	8	61.89	0		9.796705
17	334	72	0	14	0	8	16	5	7	57.93	0		6.434376
17	327	26	0	20	13	0	10	7	7	16.33	0		1.729190
17	324	3	0	0	0	15	15	3	8	14.52	0		1.612125
17	323	3	0	0	3	16	15	3	8	14.52	0		1.612125
17	335	74	0	0	20	17	11	5	6	14.43	0		0.966428
17	333	66	0	0	20	23	13	5	5	10.33	0		1.037790
17	328	36	0	15	0	15	13	6	4	17.53	0		4.625141
17	343	100	0	0	6	17	12	3	8	22.24	0		4.700702
17	338	81	0	15	0	19	8	7	4	6.88	0		1.631686
17	341	95	0	0	6	25	11	4	5	20.32	0		2.060547
17	330	42	0	16	13	7	13	4	4	10.10	0		0.847099
17	332	58	0	0	13	19	8	4	5	15.26	0		12.523709
17	339	89	0	0	13	24	9	4	4	14	0		3.210523
17	336	75	0	15	0	23	6	6	4	13	0		10.754569
17	325	10	0	0	0	23	9	3	4	13.58	0		4.037741
17	340	91	0	0	3	24	10	3	3	6.25	0		3.683751
17	337	78	0	0	0	27	6	3	3	6.35	0		2.809528
17	326	22	0	29	0	0	17	7	4	46.65	1		0.681895
17	329	41	0	16	13	11	17	4	7	20.51	1		1.051649
17	331	56	1	13	13	12	9	3	8	24	1		2.429327
8	147	43	0	29	7	0	17	6	8	29.89	0		1.622903
8	149	49	1	46	0	0	16	7	7	76.04	0		5.961384
8	150	50	0	29	7	8	13	6	7	35.50	0		10.600698
8	152	63	0	46	16	0	9	7	7	52.82	0		6.388592
8	144	38	0	20	20	0	14	4	7	23.01	0		1.999282
8	145	38	0	16	17	7	14	4	7	23.01	0		1.999282
8	146	38	0	16	17	14	14	4	7	23.01	0		1.999282
8	155	83	0	16	17	21	13	4	7	32.49	0		2.231403
8	140	3	0	29	7	15	15	3	8	14.52	0		1.612125
8	151	60	1	46	0	7	16	6	3	13.61	0		1.413758
8	156	84	0	29	10	15	15	3	5	13.73	0		2.426760
8	158	94	0	29	10	20	10	3	5	5.38	0		4.885422
8	157	89	0	29	10	25	9	4	4	14	0		3.210523
8	153	69	1	23	0	19	7	3	5	7.83	0		3.775476
8	141	4	0	15	0	27	8	4	3	4.62	0		1.450037
8	159	96	1	23	0	24	7	2	5	2.22	0		3.972524
8	148	44	0	0	3	27	9	2	3	4.84	0		2.320268
8	154	76	1	46	0	10	13	6	5	46.66	1		1.343628
8	142	9	0	46	16	7	11	6	3	14.20	1		0.587053
8	143	16	1	13	13	20	9	3	4	11.18	1		6.302923


