Name:				359_n020_m400_bt100_35985
Problem:			3L-VRPTW
Number_of_used_Vehicles:	1
Total_Travel_Distance:		152.86
Calculation_Time:		11.10
Total_Iterations:		1
ConstraintSet:			P1

-------------------------------------------------------------------------------------------------------------------
Tour_Id:			1
No_of_Customers:		3
No_of_Items:			65
Customer_Sequence:		11 14 9 

CustId	Id	TypeId	Rotated	x	y	z	Length	Width	Height	mass	Fragility	LoadBearingStrength
9	170	51	0	0	0	0	17	6	8	71.16	0		4.424737
9	178	83	0	0	6	0	14	4	8	53.48	0		3.456967
11	218	64	0	0	10	0	17	2	8	11.38	0		1.830046
9	167	45	0	0	12	0	15	6	3	12.96	0		1.057341
9	179	95	0	0	18	0	15	3	6	21.86	0		2.742953
9	159	12	0	0	21	0	16	2	8	30.07	0		7.696050
9	162	16	0	0	12	3	8	6	5	17.28	0		1.463978
9	161	16	0	0	0	8	8	6	5	17.28	0		1.463978
9	171	55	0	0	6	8	7	4	7	16.81	0		1.601057
9	165	33	0	0	18	6	6	3	7	15.06	0		4.433577
9	175	68	0	0	23	0	12	2	8	19.51	0		6.010851
9	172	61	0	0	21	8	12	3	5	19.65	0		12.129487
9	158	7	0	0	21	13	13	2	6	11.43	0		2.945852
9	163	20	0	0	12	8	8	4	4	5.50	0		2.649918
9	174	68	0	0	21	19	12	2	8	19.51	0		6.010851
9	160	15	0	0	12	12	6	5	4	10.36	0		2.656326
9	173	67	0	6	18	6	12	3	3	14.77	0		9.842435
9	177	78	0	15	12	0	14	6	7	48.69	1		1.007374
9	176	69	0	14	6	0	14	4	8	41.33	1		0.862910
9	168	47	0	7	6	8	11	4	6	11.99	1		1.273898
9	169	47	0	7	6	14	11	4	6	11.99	1		1.273898
9	164	26	0	6	18	9	14	2	6	13.83	1		1.184684
14	267	40	0	17	0	0	13	6	6	30.76	0		2.697269
14	268	40	0	17	0	6	13	6	6	30.76	0		2.697269
14	261	28	0	29	12	0	11	7	6	51.30	0		12.687553
14	277	83	0	16	21	0	14	4	8	53.48	0		3.456967
14	274	57	0	29	12	6	9	7	6	23.79	0		7.086863
14	273	57	0	29	12	12	9	7	6	23.79	0		7.086863
14	272	57	0	29	12	18	9	7	6	23.79	0		7.086863
14	257	8	0	17	0	12	12	6	5	47.21	0		14.536728
14	266	37	0	16	21	8	14	3	8	43.34	0		13.095055
14	269	45	0	17	0	17	15	6	3	12.96	0		1.057341
14	260	18	0	0	0	13	9	5	6	12.12	0		4.297088
14	279	93	0	17	0	20	14	6	3	23.64	0		19.384315
14	259	16	0	0	0	19	8	6	5	17.28	0		1.463978
14	275	60	0	16	21	16	11	4	5	17.58	0		1.969894
14	278	90	0	16	21	21	14	3	5	18.08	0		2.287914
14	271	55	0	0	12	16	7	4	7	16.81	0		1.601057
14	276	61	0	17	0	23	12	3	5	19.65	0		12.129487
14	265	35	0	0	0	24	8	5	4	21.53	0		8.035000
14	263	29	0	0	12	23	8	2	7	5.32	0		2.671037
14	262	29	0	0	14	23	8	2	7	5.32	0		2.671037
14	258	10	0	15	12	7	10	6	7	45.69	1		4.273017
14	264	34	0	7	6	20	14	3	8	17.11	1		0.581123
14	270	47	0	15	12	14	11	4	6	11.99	1		1.273898
11	213	28	0	29	12	24	11	7	6	51.30	0		12.687553
11	214	28	0	40	12	0	11	7	6	51.30	0		12.687553
11	208	14	0	38	12	6	13	7	5	30.12	0		9.751954
9	166	41	0	28	6	0	13	4	8	34.09	0		7.560885
11	209	18	0	28	6	8	9	5	6	12.12	0		4.297088
11	207	12	0	0	10	8	16	2	8	30.07	0		7.696050
11	224	93	0	38	12	11	14	6	3	23.64	0		19.384315
11	220	74	0	28	6	14	10	4	6	24.50	0		14.068993
11	219	74	0	28	6	20	10	4	6	24.50	0		14.068993
11	223	91	0	38	12	14	6	6	6	24.63	0		10.476321
11	210	20	0	16	21	26	8	4	4	5.50	0		2.649918
11	215	29	0	0	10	16	8	2	7	5.32	0		2.671037
11	205	2	0	17	3	23	8	3	3	6.63	0		6.803782
11	216	46	0	40	19	0	15	6	8	45.29	1		2.203907
11	206	10	0	40	19	8	10	6	7	45.69	1		4.273017
11	222	87	0	41	6	0	14	4	5	37.96	1		6.210976
11	217	47	0	40	19	15	11	4	6	11.99	1		1.273898
11	221	75	0	41	6	5	17	3	5	35.06	1		6.711369
11	212	26	0	17	10	0	14	2	6	13.83	1		1.184684
11	211	24	0	0	10	23	10	2	3	5.85	1		1.770585


