Name:				446_n060_m400_bt100_42910
Problem:			3L-VRPTW
Number_of_used_Vehicles:	1
Total_Travel_Distance:		383.72
Calculation_Time:		15.38
Total_Iterations:		1
ConstraintSet:			P1

-------------------------------------------------------------------------------------------------------------------
Tour_Id:			1
No_of_Customers:		7
No_of_Items:			54
Customer_Sequence:		6 14 17 12 7 21 3 

CustId	Id	TypeId	Rotated	x	y	z	Length	Width	Height	mass	Fragility	LoadBearingStrength
3	14	55	0	0	0	0	17	6	6	281.13	0		11.024836
3	11	3	0	0	6	0	9	2	6	35.95	0		25.473887
3	12	4	0	0	8	0	12	4	8	63.25	0		5.094139
3	13	40	0	0	12	0	16	3	7	139.23	0		57.720629
3	16	72	0	0	15	0	9	4	7	84.15	0		13.678115
3	18	88	0	0	19	0	12	2	6	109.11	0		96.975132
3	17	79	0	0	0	6	10	5	8	99.20	0		5.387205
3	15	71	0	16	12	0	17	7	6	206.19	1		3.696045
3	19	98	0	0	21	0	14	4	5	209.06	1		19.318328
21	129	79	0	0	12	7	10	5	8	99.20	0		5.387205
21	127	60	0	0	5	6	13	3	8	60.72	0		20.327156
21	123	26	0	0	0	14	10	5	6	35.64	0		3.837607
21	130	90	0	0	8	8	9	3	7	63.72	0		31.501590
21	122	24	0	0	8	15	6	6	4	42.34	0		5.528523
21	125	53	0	0	5	14	6	3	8	178.91	0		153.482106
21	126	58	0	0	19	6	7	2	7	23.87	0		9.335622
21	128	76	0	16	19	0	10	6	8	50.01	1		1.499775
21	124	46	0	0	21	5	11	2	6	13.65	1		1.017659
7	37	1	0	17	0	0	15	6	6	207.68	0		6.110252
7	42	75	0	17	6	0	11	6	7	135.17	0		101.574608
7	39	10	0	17	0	6	10	6	7	62.04	0		7.927337
7	40	15	0	26	19	0	17	4	4	82.45	0		11.898164
7	38	8	0	0	8	19	8	5	6	74.27	0		13.654531
7	43	78	0	17	6	7	14	2	6	75.95	0		45.485377
7	41	61	0	16	12	6	16	3	3	67.51	1		8.443069
12	67	17	0	17	0	13	13	7	7	221.06	0		36.286052
12	66	10	0	17	0	20	10	6	7	62.04	0		7.927337
12	68	23	0	0	0	20	13	5	3	58.46	0		27.566223
12	74	100	0	0	0	23	6	6	3	10.83	0		26.798113
12	71	71	0	32	0	0	17	7	6	206.19	1		3.696045
12	72	71	0	32	0	6	17	7	6	206.19	1		3.696045
12	69	25	0	16	15	6	14	4	8	78.29	1		4.861874
12	70	70	0	32	0	12	16	7	3	105.78	1		2.991906
12	73	73	0	16	15	14	14	5	4	226.93	1		45.263576
17	98	28	0	32	7	0	15	4	8	225.08	0		16.105508
17	100	50	0	33	12	0	15	6	5	50.93	0		15.243487
17	99	33	0	32	7	8	15	5	5	245.78	0		21.527268
17	101	58	0	17	8	7	7	2	7	23.87	0		9.335622
17	102	85	0	16	15	18	13	6	7	130.07	1		4.072745
14	81	1	0	32	7	13	15	6	6	207.68	0		6.110252
14	84	33	0	32	7	19	15	5	5	245.78	0		21.527268
14	82	5	0	33	12	5	9	5	8	92.66	0		10.126834
14	83	15	0	32	7	24	17	4	4	82.45	0		11.898164
14	88	92	0	0	8	25	10	4	5	23.56	0		17.568130
14	87	84	0	17	0	27	10	6	3	103.85	0		19.428214
14	86	80	0	32	13	13	8	4	4	38.60	0		38.884465
14	85	61	0	16	12	9	16	3	3	67.51	1		8.443069
6	34	55	0	43	19	0	17	6	6	281.13	0		11.024836
6	32	41	0	43	19	6	10	6	7	181.97	0		18.084338
6	31	33	1	49	0	0	15	5	5	245.78	0		21.527268
6	35	65	1	49	0	5	17	5	4	143.57	0		43.070650
6	30	26	0	43	19	13	10	5	6	35.64	0		3.837607
6	36	72	0	32	13	17	9	4	7	84.15	0		13.678115
6	33	48	0	32	11	24	7	5	5	57.06	0		15.802914


