Name:				Inst_20_1_5
Problem:			3L-CVRP
Number_of_used_Vehicles:	6
Total_Travel_Distance:		75.45
Calculation_Time:		0.95
Total_Iterations:		9914
ConstraintSet:			P16

-------------------------------------------------------------------------------------------------------------------
Tour_Id:			1
No_of_Customers:		4
No_of_Items:			22
Customer_Sequence:		12 9 16 13 

CustId	Id	TypeId	Rotated	x	y	z	Length	Width	Height	mass	Fragility	LoadBearingStrength
13	70	13	0	0	0	0	80	120	244	1116	0		0.000000
13	71	13	0	0	120	0	80	120	244	1116	0		0.000000
13	72	13	0	80	0	0	80	120	244	1116	0		0.000000
13	73	13	0	80	120	0	80	120	244	1116	0		0.000000
13	74	13	0	160	0	0	80	120	244	1116	0		0.000000
13	75	13	0	160	120	0	80	120	244	1116	0		0.000000
13	76	13	0	240	0	0	80	120	244	1116	0		0.000000
16	88	16	0	240	120	0	80	120	244	1294	0		0.000000
16	89	16	0	320	0	0	80	120	244	1294	0		0.000000
16	90	16	0	320	120	0	80	120	244	1294	0		0.000000
16	91	16	0	400	0	0	80	120	244	1294	0		0.000000
16	92	16	0	400	120	0	80	120	244	1294	0		0.000000
16	93	16	0	480	0	0	80	120	244	1294	0		0.000000
9	47	9	0	480	120	0	80	120	244	1017	0		0.000000
9	48	9	0	560	0	0	80	120	244	1017	0		0.000000
9	49	9	0	560	120	0	80	120	244	1017	0		0.000000
9	50	9	0	640	0	0	80	120	244	1017	0		0.000000
12	65	12	0	640	120	0	80	120	244	1416	0		0.000000
12	66	12	0	720	0	0	80	120	244	1416	0		0.000000
12	67	12	0	720	120	0	80	120	244	1416	0		0.000000
12	68	12	0	800	0	0	80	120	244	1416	0		0.000000
12	69	12	0	800	120	0	80	120	244	1416	0		0.000000


-------------------------------------------------------------------------------------------------------------------
Tour_Id:			2
No_of_Customers:		4
No_of_Items:			20
Customer_Sequence:		15 19 3 7 

CustId	Id	TypeId	Rotated	x	y	z	Length	Width	Height	mass	Fragility	LoadBearingStrength
7	35	7	0	0	0	0	80	120	244	1061	0		0.000000
7	36	7	0	0	120	0	80	120	244	1061	0		0.000000
7	37	7	0	80	0	0	80	120	244	1061	0		0.000000
7	38	7	0	80	120	0	80	120	244	1061	0		0.000000
7	39	7	0	160	0	0	80	120	244	1061	0		0.000000
3	10	3	0	160	120	0	80	120	244	1392	0		0.000000
3	11	3	0	240	0	0	80	120	244	1392	0		0.000000
3	12	3	0	240	120	0	80	120	244	1392	0		0.000000
3	13	3	0	320	0	0	80	120	244	1392	0		0.000000
3	14	3	0	320	120	0	80	120	244	1392	0		0.000000
3	15	3	0	400	0	0	80	120	244	1392	0		0.000000
3	16	3	0	400	120	0	80	120	244	1392	0		0.000000
19	108	19	0	480	0	0	80	120	244	1070	0		0.000000
19	109	19	0	480	120	0	80	120	244	1070	0		0.000000
19	110	19	0	560	0	0	80	120	244	1070	0		0.000000
19	111	19	0	560	120	0	80	120	244	1070	0		0.000000
15	84	15	0	640	0	0	80	120	244	1404	0		0.000000
15	85	15	0	640	120	0	80	120	244	1404	0		0.000000
15	86	15	0	720	0	0	80	120	244	1404	0		0.000000
15	87	15	0	720	120	0	80	120	244	1404	0		0.000000


-------------------------------------------------------------------------------------------------------------------
Tour_Id:			3
No_of_Customers:		3
No_of_Items:			21
Customer_Sequence:		8 10 14 

CustId	Id	TypeId	Rotated	x	y	z	Length	Width	Height	mass	Fragility	LoadBearingStrength
14	77	14	0	0	0	0	80	120	244	1112	0		0.000000
14	78	14	0	0	120	0	80	120	244	1112	0		0.000000
14	79	14	0	80	0	0	80	120	244	1112	0		0.000000
14	80	14	0	80	120	0	80	120	244	1112	0		0.000000
14	81	14	0	160	0	0	80	120	244	1112	0		0.000000
14	82	14	0	160	120	0	80	120	244	1112	0		0.000000
14	83	14	0	240	0	0	80	120	244	1112	0		0.000000
10	51	10	0	240	120	0	80	120	244	1327	0		0.000000
10	52	10	0	320	0	0	80	120	244	1327	0		0.000000
10	53	10	0	320	120	0	80	120	244	1327	0		0.000000
10	54	10	0	400	0	0	80	120	244	1327	0		0.000000
10	55	10	0	400	120	0	80	120	244	1327	0		0.000000
10	56	10	0	480	0	0	80	120	244	1327	0		0.000000
10	57	10	0	480	120	0	80	120	244	1327	0		0.000000
8	40	8	0	560	0	0	80	120	244	1440	0		0.000000
8	41	8	0	560	120	0	80	120	244	1440	0		0.000000
8	42	8	0	640	0	0	80	120	244	1440	0		0.000000
8	43	8	0	640	120	0	80	120	244	1440	0		0.000000
8	44	8	0	720	0	0	80	120	244	1440	0		0.000000
8	45	8	0	720	120	0	80	120	244	1440	0		0.000000
8	46	8	0	800	0	0	80	120	244	1440	0		0.000000


-------------------------------------------------------------------------------------------------------------------
Tour_Id:			4
No_of_Customers:		4
No_of_Items:			22
Customer_Sequence:		5 4 20 18 

CustId	Id	TypeId	Rotated	x	y	z	Length	Width	Height	mass	Fragility	LoadBearingStrength
18	101	18	0	0	0	0	80	120	244	1190	0		0.000000
18	102	18	0	0	120	0	80	120	244	1190	0		0.000000
18	103	18	0	80	0	0	80	120	244	1190	0		0.000000
18	104	18	0	80	120	0	80	120	244	1190	0		0.000000
18	105	18	0	160	0	0	80	120	244	1190	0		0.000000
18	106	18	0	160	120	0	80	120	244	1190	0		0.000000
18	107	18	0	240	0	0	80	120	244	1190	0		0.000000
20	112	20	0	240	120	0	80	120	244	1131	0		0.000000
20	113	20	0	320	0	0	80	120	244	1131	0		0.000000
20	114	20	0	320	120	0	80	120	244	1131	0		0.000000
20	115	20	0	400	0	0	80	120	244	1131	0		0.000000
4	17	4	0	400	120	0	80	120	244	1416	0		0.000000
4	18	4	0	480	0	0	80	120	244	1416	0		0.000000
4	19	4	0	480	120	0	80	120	244	1416	0		0.000000
4	20	4	0	560	0	0	80	120	244	1416	0		0.000000
4	21	4	0	560	120	0	80	120	244	1416	0		0.000000
4	22	4	0	640	0	0	80	120	244	1416	0		0.000000
4	23	4	0	640	120	0	80	120	244	1416	0		0.000000
5	24	5	0	720	0	0	80	120	244	1055	0		0.000000
5	25	5	0	720	120	0	80	120	244	1055	0		0.000000
5	26	5	0	800	0	0	80	120	244	1055	0		0.000000
5	27	5	0	800	120	0	80	120	244	1055	0		0.000000


-------------------------------------------------------------------------------------------------------------------
Tour_Id:			5
No_of_Customers:		3
No_of_Items:			19
Customer_Sequence:		6 1 17 

CustId	Id	TypeId	Rotated	x	y	z	Length	Width	Height	mass	Fragility	LoadBearingStrength
17	94	17	0	0	0	0	80	120	244	1028	0		0.000000
17	95	17	0	0	120	0	80	120	244	1028	0		0.000000
17	96	17	0	80	0	0	80	120	244	1028	0		0.000000
17	97	17	0	80	120	0	80	120	244	1028	0		0.000000
17	98	17	0	160	0	0	80	120	244	1028	0		0.000000
17	99	17	0	160	120	0	80	120	244	1028	0		0.000000
17	100	17	0	240	0	0	80	120	244	1028	0		0.000000
1	1	1	0	240	120	0	80	120	244	1293	0		0.000000
1	2	1	0	320	0	0	80	120	244	1293	0		0.000000
1	3	1	0	320	120	0	80	120	244	1293	0		0.000000
1	4	1	0	400	0	0	80	120	244	1293	0		0.000000
1	5	1	0	400	120	0	80	120	244	1293	0		0.000000
6	28	6	0	480	0	0	80	120	244	1345	0		0.000000
6	29	6	0	480	120	0	80	120	244	1345	0		0.000000
6	30	6	0	560	0	0	80	120	244	1345	0		0.000000
6	31	6	0	560	120	0	80	120	244	1345	0		0.000000
6	32	6	0	640	0	0	80	120	244	1345	0		0.000000
6	33	6	0	640	120	0	80	120	244	1345	0		0.000000
6	34	6	0	720	0	0	80	120	244	1345	0		0.000000


-------------------------------------------------------------------------------------------------------------------
Tour_Id:			6
No_of_Customers:		2
No_of_Items:			11
Customer_Sequence:		2 11 

CustId	Id	TypeId	Rotated	x	y	z	Length	Width	Height	mass	Fragility	LoadBearingStrength
11	58	11	0	0	0	0	80	120	244	1261	0		0.000000
11	59	11	0	0	120	0	80	120	244	1261	0		0.000000
11	60	11	0	80	0	0	80	120	244	1261	0		0.000000
11	61	11	0	80	120	0	80	120	244	1261	0		0.000000
11	62	11	0	160	0	0	80	120	244	1261	0		0.000000
11	63	11	0	160	120	0	80	120	244	1261	0		0.000000
11	64	11	0	240	0	0	80	120	244	1261	0		0.000000
2	6	2	0	240	120	0	80	120	244	1487	0		0.000000
2	7	2	0	320	0	0	80	120	244	1487	0		0.000000
2	8	2	0	320	120	0	80	120	244	1487	0		0.000000
2	9	2	0	400	0	0	80	120	244	1487	0		0.000000


