Name:				Inst_20_2_4
Problem:			3L-CVRP
Number_of_used_Vehicles:	12
Total_Travel_Distance:		116.78
Calculation_Time:		3.39
Total_Iterations:		25001
ConstraintSet:			P16

-------------------------------------------------------------------------------------------------------------------
Tour_Id:			1
No_of_Customers:		3
No_of_Items:			20
Customer_Sequence:		10 2 17 

CustId	Id	TypeId	Rotated	x	y	z	Length	Width	Height	mass	Fragility	LoadBearingStrength
17	142	17	0	0	0	0	80	120	244	1259	0		0.000000
17	143	17	0	0	120	0	80	120	244	1259	0		0.000000
17	144	17	0	80	0	0	80	120	244	1259	0		0.000000
17	145	17	0	80	120	0	80	120	244	1259	0		0.000000
17	146	17	0	160	0	0	80	120	244	1259	0		0.000000
17	147	17	0	160	120	0	80	120	244	1259	0		0.000000
2	13	2	0	240	0	0	80	120	244	1049	0		0.000000
2	14	2	0	240	120	0	80	120	244	1049	0		0.000000
2	15	2	0	320	0	0	80	120	244	1049	0		0.000000
2	16	2	0	320	120	0	80	120	244	1049	0		0.000000
2	17	2	0	400	0	0	80	120	244	1049	0		0.000000
2	18	2	0	400	120	0	80	120	244	1049	0		0.000000
2	19	2	0	480	0	0	80	120	244	1049	0		0.000000
2	20	2	0	480	120	0	80	120	244	1049	0		0.000000
2	21	2	0	560	0	0	80	120	244	1049	0		0.000000
2	22	2	0	560	120	0	80	120	244	1049	0		0.000000
2	23	2	0	640	0	0	80	120	244	1049	0		0.000000
10	71	10	0	640	120	0	80	120	244	1293	0		0.000000
10	72	10	0	720	0	0	80	120	244	1293	0		0.000000
10	73	10	0	720	120	0	80	120	244	1293	0		0.000000


-------------------------------------------------------------------------------------------------------------------
Tour_Id:			2
No_of_Customers:		3
No_of_Items:			15
Customer_Sequence:		16 5 18 

CustId	Id	TypeId	Rotated	x	y	z	Length	Width	Height	mass	Fragility	LoadBearingStrength
18	148	18	0	0	0	0	80	120	244	1296	0		0.000000
18	149	18	0	0	120	0	80	120	244	1296	0		0.000000
18	150	18	0	80	0	0	80	120	244	1296	0		0.000000
18	151	18	0	80	120	0	80	120	244	1296	0		0.000000
18	152	18	0	160	0	0	80	120	244	1296	0		0.000000
18	153	18	0	160	120	0	80	120	244	1296	0		0.000000
5	41	5	0	240	0	0	80	120	244	1079	0		0.000000
5	42	5	0	240	120	0	80	120	244	1079	0		0.000000
5	43	5	0	320	0	0	80	120	244	1079	0		0.000000
5	44	5	0	320	120	0	80	120	244	1079	0		0.000000
5	45	5	0	400	0	0	80	120	244	1079	0		0.000000
5	46	5	0	400	120	0	80	120	244	1079	0		0.000000
5	47	5	0	480	0	0	80	120	244	1079	0		0.000000
5	48	5	0	480	120	0	80	120	244	1079	0		0.000000
16	141	16	0	560	0	0	80	120	244	1042	0		0.000000


-------------------------------------------------------------------------------------------------------------------
Tour_Id:			3
No_of_Customers:		2
No_of_Items:			22
Customer_Sequence:		6 14 

CustId	Id	TypeId	Rotated	x	y	z	Length	Width	Height	mass	Fragility	LoadBearingStrength
14	115	14	0	0	0	0	80	120	244	1162	0		0.000000
14	116	14	0	0	120	0	80	120	244	1162	0		0.000000
14	117	14	0	80	0	0	80	120	244	1162	0		0.000000
14	118	14	0	80	120	0	80	120	244	1162	0		0.000000
14	119	14	0	160	0	0	80	120	244	1162	0		0.000000
14	120	14	0	160	120	0	80	120	244	1162	0		0.000000
14	121	14	0	240	0	0	80	120	244	1162	0		0.000000
14	122	14	0	240	120	0	80	120	244	1162	0		0.000000
14	123	14	0	320	0	0	80	120	244	1162	0		0.000000
14	124	14	0	320	120	0	80	120	244	1162	0		0.000000
14	125	14	0	400	0	0	80	120	244	1162	0		0.000000
6	49	6	0	400	120	0	80	120	244	1107	0		0.000000
6	50	6	0	480	0	0	80	120	244	1107	0		0.000000
6	51	6	0	480	120	0	80	120	244	1107	0		0.000000
6	52	6	0	560	0	0	80	120	244	1107	0		0.000000
6	53	6	0	560	120	0	80	120	244	1107	0		0.000000
6	54	6	0	640	0	0	80	120	244	1107	0		0.000000
6	55	6	0	640	120	0	80	120	244	1107	0		0.000000
6	56	6	0	720	0	0	80	120	244	1107	0		0.000000
6	57	6	0	720	120	0	80	120	244	1107	0		0.000000
6	58	6	0	800	0	0	80	120	244	1107	0		0.000000
6	59	6	0	800	120	0	80	120	244	1107	0		0.000000


-------------------------------------------------------------------------------------------------------------------
Tour_Id:			4
No_of_Customers:		3
No_of_Items:			13
Customer_Sequence:		7 9 3 

CustId	Id	TypeId	Rotated	x	y	z	Length	Width	Height	mass	Fragility	LoadBearingStrength
3	24	3	0	0	0	0	80	120	244	1180	0		0.000000
3	25	3	0	0	120	0	80	120	244	1180	0		0.000000
3	26	3	0	80	0	0	80	120	244	1180	0		0.000000
3	27	3	0	80	120	0	80	120	244	1180	0		0.000000
9	66	9	0	160	0	0	80	120	244	1196	0		0.000000
9	67	9	0	160	120	0	80	120	244	1196	0		0.000000
9	68	9	0	240	0	0	80	120	244	1196	0		0.000000
9	69	9	0	240	120	0	80	120	244	1196	0		0.000000
9	70	9	0	320	0	0	80	120	244	1196	0		0.000000
7	60	7	0	320	120	0	80	120	244	1375	0		0.000000
7	61	7	0	400	0	0	80	120	244	1375	0		0.000000
7	62	7	0	400	120	0	80	120	244	1375	0		0.000000
7	63	7	0	480	0	0	80	120	244	1375	0		0.000000


-------------------------------------------------------------------------------------------------------------------
Tour_Id:			5
No_of_Customers:		2
No_of_Items:			16
Customer_Sequence:		8 12 

CustId	Id	TypeId	Rotated	x	y	z	Length	Width	Height	mass	Fragility	LoadBearingStrength
12	86	12	0	0	0	0	80	120	244	1047	0		0.000000
12	87	12	0	0	120	0	80	120	244	1047	0		0.000000
12	88	12	0	80	0	0	80	120	244	1047	0		0.000000
12	89	12	0	80	120	0	80	120	244	1047	0		0.000000
12	90	12	0	160	0	0	80	120	244	1047	0		0.000000
12	91	12	0	160	120	0	80	120	244	1047	0		0.000000
12	92	12	0	240	0	0	80	120	244	1047	0		0.000000
12	93	12	0	240	120	0	80	120	244	1047	0		0.000000
12	94	12	0	320	0	0	80	120	244	1047	0		0.000000
12	95	12	0	320	120	0	80	120	244	1047	0		0.000000
12	96	12	0	400	0	0	80	120	244	1047	0		0.000000
12	97	12	0	400	120	0	80	120	244	1047	0		0.000000
12	98	12	0	480	0	0	80	120	244	1047	0		0.000000
12	99	12	0	480	120	0	80	120	244	1047	0		0.000000
8	64	8	0	560	0	0	80	120	244	1064	0		0.000000
8	65	8	0	560	120	0	80	120	244	1064	0		0.000000


-------------------------------------------------------------------------------------------------------------------
Tour_Id:			6
No_of_Customers:		1
No_of_Items:			0
Customer_Sequence:		13 

-------------------------------------------------------------------------------------------------------------------
Tour_Id:			7
No_of_Customers:		1
No_of_Items:			0
Customer_Sequence:		15 

-------------------------------------------------------------------------------------------------------------------
Tour_Id:			8
No_of_Customers:		1
No_of_Items:			0
Customer_Sequence:		19 

-------------------------------------------------------------------------------------------------------------------
Tour_Id:			9
No_of_Customers:		1
No_of_Items:			0
Customer_Sequence:		20 

-------------------------------------------------------------------------------------------------------------------
Tour_Id:			10
No_of_Customers:		1
No_of_Items:			0
Customer_Sequence:		1 

-------------------------------------------------------------------------------------------------------------------
Tour_Id:			11
No_of_Customers:		1
No_of_Items:			0
Customer_Sequence:		4 

-------------------------------------------------------------------------------------------------------------------
Tour_Id:			12
No_of_Customers:		1
No_of_Items:			0
Customer_Sequence:		11 

