Name:				078_n060_m200_bt3_2361
Problem:			3L-VRPTW
Number_of_used_Vehicles:	1
Total_Travel_Distance:		1342.39
Calculation_Time:		22.56
Total_Iterations:		1
ConstraintSet:			P1

-------------------------------------------------------------------------------------------------------------------
Tour_Id:			1
No_of_Customers:		36
No_of_Items:			123
Customer_Sequence:		4 17 25 13 29 24 34 35 19 28 27 33 14 22 26 31 8 1 21 7 11 18 37 20 12 2 15 23 3 9 36 30 10 16 32 38 

CustId	Id	TypeId	Rotated	x	y	z	Length	Width	Height	mass	Fragility	LoadBearingStrength
38	127	1	0	0	0	0	11	2	7	125.73	0		11.554654
38	128	2	0	0	2	0	15	3	8	145.75	1		30.643323
38	129	2	0	0	5	0	15	3	8	145.75	1		30.643323
32	107	2	0	0	8	0	15	3	8	145.75	1		30.643323
32	108	2	0	0	11	0	15	3	8	145.75	1		30.643323
16	50	1	0	0	14	0	11	2	7	125.73	0		11.554654
16	51	2	0	0	16	0	15	3	8	145.75	1		30.643323
16	52	2	0	0	19	0	15	3	8	145.75	1		30.643323
10	28	3	0	15	2	0	9	4	6	90.56	0		53.319790
10	29	3	0	15	6	0	9	4	6	90.56	0		53.319790
10	30	3	0	15	10	0	9	4	6	90.56	0		53.319790
10	26	1	0	0	22	0	11	2	7	125.73	0		11.554654
10	27	1	0	0	0	7	11	2	7	125.73	0		11.554654
30	102	3	0	15	14	0	9	4	6	90.56	0		53.319790
30	101	2	0	0	2	8	15	3	8	145.75	1		30.643323
36	122	3	0	15	18	0	9	4	6	90.56	0		53.319790
36	121	2	0	0	5	8	15	3	8	145.75	1		30.643323
9	25	3	0	15	2	6	9	4	6	90.56	0		53.319790
9	22	1	0	0	14	7	11	2	7	125.73	0		11.554654
9	23	2	0	0	8	8	15	3	8	145.75	1		30.643323
9	24	2	0	0	11	8	15	3	8	145.75	1		30.643323
3	7	3	0	15	6	6	9	4	6	90.56	0		53.319790
3	6	2	0	0	16	8	15	3	8	145.75	1		30.643323
23	78	3	0	15	10	6	9	4	6	90.56	0		53.319790
23	76	1	0	0	22	7	11	2	7	125.73	0		11.554654
23	77	2	0	0	19	8	15	3	8	145.75	1		30.643323
15	49	3	0	15	14	6	9	4	6	90.56	0		53.319790
15	47	2	0	0	2	16	15	3	8	145.75	1		30.643323
15	48	2	0	0	5	16	15	3	8	145.75	1		30.643323
2	3	1	0	0	0	14	11	2	7	125.73	0		11.554654
2	4	2	0	0	8	16	15	3	8	145.75	1		30.643323
2	5	2	0	0	11	16	15	3	8	145.75	1		30.643323
12	40	3	0	15	18	6	9	4	6	90.56	0		53.319790
12	36	1	0	0	14	14	11	2	7	125.73	0		11.554654
12	37	1	0	0	22	14	11	2	7	125.73	0		11.554654
12	38	2	0	0	16	16	15	3	8	145.75	1		30.643323
12	39	2	0	0	19	16	15	3	8	145.75	1		30.643323
20	67	3	0	15	2	12	9	4	6	90.56	0		53.319790
20	64	1	0	0	0	21	11	2	7	125.73	0		11.554654
20	65	1	0	0	14	21	11	2	7	125.73	0		11.554654
20	66	1	0	0	22	21	11	2	7	125.73	0		11.554654
37	125	3	0	15	6	12	9	4	6	90.56	0		53.319790
37	126	3	0	15	10	12	9	4	6	90.56	0		53.319790
37	123	2	0	11	22	0	15	3	8	145.75	1		30.643323
37	124	2	0	11	22	8	15	3	8	145.75	1		30.643323
18	60	3	0	15	14	12	9	4	6	90.56	0		53.319790
18	58	1	0	11	0	0	11	2	7	125.73	0		11.554654
18	59	1	0	11	0	7	11	2	7	125.73	0		11.554654
11	33	3	0	15	18	12	9	4	6	90.56	0		53.319790
11	34	3	0	15	2	18	9	4	6	90.56	0		53.319790
11	35	3	0	15	6	18	9	4	6	90.56	0		53.319790
11	31	1	0	11	0	14	11	2	7	125.73	0		11.554654
11	32	1	0	11	0	21	11	2	7	125.73	0		11.554654
7	19	3	0	15	10	18	9	4	6	90.56	0		53.319790
7	17	1	0	15	14	18	11	2	7	125.73	0		11.554654
7	18	2	0	11	22	16	15	3	8	145.75	1		30.643323
21	68	3	0	15	16	18	9	4	6	90.56	0		53.319790
21	69	3	0	15	2	24	9	4	6	90.56	0		53.319790
21	70	3	0	15	6	24	9	4	6	90.56	0		53.319790
1	1	1	0	15	20	18	11	2	7	125.73	0		11.554654
1	2	2	0	24	2	0	15	3	8	145.75	1		30.643323
8	21	3	0	15	10	24	9	4	6	90.56	0		53.319790
8	20	1	0	22	0	0	11	2	7	125.73	0		11.554654
31	106	3	0	15	16	24	9	4	6	90.56	0		53.319790
31	103	1	0	22	0	7	11	2	7	125.73	0		11.554654
31	104	1	0	22	0	14	11	2	7	125.73	0		11.554654
31	105	2	0	24	5	0	15	3	8	145.75	1		30.643323
26	89	3	0	24	8	0	9	4	6	90.56	0		53.319790
26	90	3	0	24	8	6	9	4	6	90.56	0		53.319790
26	86	2	0	24	2	8	15	3	8	145.75	1		30.643323
26	87	2	0	24	5	8	15	3	8	145.75	1		30.643323
26	88	2	0	24	2	16	15	3	8	145.75	1		30.643323
22	75	3	0	24	8	12	9	4	6	90.56	0		53.319790
22	71	2	0	24	5	16	15	3	8	145.75	1		30.643323
22	72	2	0	26	22	0	15	3	8	145.75	1		30.643323
22	73	2	0	26	22	8	15	3	8	145.75	1		30.643323
22	74	2	0	26	22	16	15	3	8	145.75	1		30.643323
14	46	3	0	24	8	18	9	4	6	90.56	0		53.319790
14	44	2	0	33	8	0	15	3	8	145.75	1		30.643323
14	45	2	0	33	11	0	15	3	8	145.75	1		30.643323
33	111	3	0	24	8	24	9	4	6	90.56	0		53.319790
33	109	1	0	22	0	21	11	2	7	125.73	0		11.554654
33	110	2	0	33	14	0	15	3	8	145.75	1		30.643323
27	94	3	0	33	17	0	9	4	6	90.56	0		53.319790
27	91	1	0	33	0	0	11	2	7	125.73	0		11.554654
27	92	1	0	33	17	6	11	2	7	125.73	0		11.554654
27	93	2	0	33	8	8	15	3	8	145.75	1		30.643323
28	97	3	0	39	2	0	9	4	6	90.56	0		53.319790
28	95	1	0	33	19	6	11	2	7	125.73	0		11.554654
28	96	2	0	33	11	8	15	3	8	145.75	1		30.643323
19	63	3	0	33	17	13	9	4	6	90.56	0		53.319790
19	61	1	0	33	0	7	11	2	7	125.73	0		11.554654
19	62	1	0	33	0	14	11	2	7	125.73	0		11.554654
35	118	3	0	33	17	19	9	4	6	90.56	0		53.319790
35	119	3	0	39	2	6	9	4	6	90.56	0		53.319790
35	120	3	0	39	2	12	9	4	6	90.56	0		53.319790
35	116	2	0	33	14	8	15	3	8	145.75	1		30.643323
35	117	2	0	33	8	16	15	3	8	145.75	1		30.643323
34	115	3	0	39	2	18	9	4	6	90.56	0		53.319790
34	112	1	0	33	0	21	11	2	7	125.73	0		11.554654
34	113	2	0	33	11	16	15	3	8	145.75	1		30.643323
34	114	2	0	33	14	16	15	3	8	145.75	1		30.643323
24	82	3	0	39	2	24	9	4	6	90.56	0		53.319790
24	79	1	0	39	6	0	11	2	7	125.73	0		11.554654
24	80	2	0	41	22	0	15	3	8	145.75	1		30.643323
24	81	2	0	41	22	8	15	3	8	145.75	1		30.643323
29	98	1	0	39	6	7	11	2	7	125.73	0		11.554654
29	99	2	0	41	22	16	15	3	8	145.75	1		30.643323
29	100	2	1	50	6	0	15	3	8	145.75	1		30.643323
13	43	3	0	48	2	0	9	4	6	90.56	0		53.319790
13	41	2	1	50	6	8	15	3	8	145.75	1		30.643323
13	42	2	1	50	6	16	15	3	8	145.75	1		30.643323
25	85	3	0	48	2	6	9	4	6	90.56	0		53.319790
25	83	2	1	53	6	0	15	3	8	145.75	1		30.643323
25	84	2	1	53	6	8	15	3	8	145.75	1		30.643323
17	56	3	0	48	2	12	9	4	6	90.56	0		53.319790
17	57	3	0	48	2	18	9	4	6	90.56	0		53.319790
17	53	1	0	44	0	0	11	2	7	125.73	0		11.554654
17	54	1	0	44	0	7	11	2	7	125.73	0		11.554654
17	55	2	1	53	6	16	15	3	8	145.75	1		30.643323
4	10	3	0	48	2	24	9	4	6	90.56	0		53.319790
4	8	1	0	44	0	14	11	2	7	125.73	0		11.554654
4	9	2	1	56	6	0	15	3	8	145.75	1		30.643323


