Name:				318_n020_m400_bt3_7157
Problem:			3L-VRPTW
Number_of_used_Vehicles:	1
Total_Travel_Distance:		191.51
Calculation_Time:		49.74
Total_Iterations:		1
ConstraintSet:			P1

-------------------------------------------------------------------------------------------------------------------
Tour_Id:			1
No_of_Customers:		4
No_of_Items:			92
Customer_Sequence:		7 2 9 6 

CustId	Id	TypeId	Rotated	x	y	z	Length	Width	Height	mass	Fragility	LoadBearingStrength
6	121	3	0	0	0	0	15	6	6	186.56	0		10.356592
6	120	3	0	0	6	0	15	6	6	186.56	0		10.356592
6	119	3	0	0	12	0	15	6	6	186.56	0		10.356592
6	118	3	0	0	18	0	15	6	6	186.56	0		10.356592
2	23	1	0	0	0	6	11	2	3	11.03	1		1.363454
6	107	1	0	0	2	6	11	2	3	11.03	1		1.363454
6	115	3	0	0	4	6	15	6	6	186.56	0		10.356592
6	114	3	0	0	10	6	15	6	6	186.56	0		10.356592
6	112	2	0	0	16	6	17	4	5	89.39	0		24.734138
6	113	2	0	0	20	6	17	4	5	89.39	0		24.734138
6	111	2	0	0	16	11	17	4	5	89.39	0		24.734138
6	110	2	0	0	20	11	17	4	5	89.39	0		24.734138
6	102	1	0	0	2	9	11	2	3	11.03	1		1.363454
6	109	1	0	0	2	12	11	2	3	11.03	1		1.363454
6	108	1	0	0	4	12	11	2	3	11.03	1		1.363454
6	116	3	0	0	6	12	15	6	6	186.56	0		10.356592
6	106	1	0	0	12	12	11	2	3	11.03	1		1.363454
6	105	1	0	0	14	12	11	2	3	11.03	1		1.363454
6	104	1	0	0	2	15	11	2	3	11.03	1		1.363454
6	103	1	0	0	4	15	11	2	3	11.03	1		1.363454
9	187	3	0	0	16	16	15	6	6	186.56	0		10.356592
9	186	3	0	0	6	18	15	6	6	186.56	0		10.356592
9	185	3	0	0	16	22	15	6	6	186.56	0		10.356592
9	184	3	0	0	6	24	15	6	6	186.56	0		10.356592
9	183	3	0	15	0	0	15	6	6	186.56	0		10.356592
9	182	3	0	15	6	0	15	6	6	186.56	0		10.356592
9	181	3	0	15	4	6	15	6	6	186.56	0		10.356592
9	180	3	0	15	4	12	15	6	6	186.56	0		10.356592
9	179	3	0	15	4	18	15	6	6	186.56	0		10.356592
9	175	2	0	15	12	0	17	4	5	89.39	0		24.734138
9	178	2	0	15	12	5	17	4	5	89.39	0		24.734138
9	177	2	0	15	12	10	17	4	5	89.39	0		24.734138
9	176	2	0	15	12	15	17	4	5	89.39	0		24.734138
9	174	2	0	15	12	20	17	4	5	89.39	0		24.734138
9	173	2	0	15	4	24	17	4	5	89.39	0		24.734138
9	172	2	0	15	12	25	17	4	5	89.39	0		24.734138
9	171	2	0	30	0	0	17	4	5	89.39	0		24.734138
9	170	2	0	30	4	0	17	4	5	89.39	0		24.734138
9	169	2	0	30	8	0	17	4	5	89.39	0		24.734138
9	163	1	0	0	12	15	11	2	3	11.03	1		1.363454
9	168	1	0	0	14	15	11	2	3	11.03	1		1.363454
9	167	1	0	0	22	16	11	2	3	11.03	1		1.363454
9	166	1	0	0	2	18	11	2	3	11.03	1		1.363454
9	165	1	0	0	4	18	11	2	3	11.03	1		1.363454
9	164	1	0	0	12	18	11	2	3	11.03	1		1.363454
2	44	3	0	32	12	0	15	6	6	186.56	0		10.356592
2	29	2	0	11	0	6	17	4	5	89.39	0		24.734138
2	42	3	0	32	18	0	15	6	6	186.56	0		10.356592
2	41	3	0	32	12	6	15	6	6	186.56	0		10.356592
2	40	3	0	32	18	6	15	6	6	186.56	0		10.356592
2	39	3	0	32	12	12	15	6	6	186.56	0		10.356592
2	38	3	0	32	18	12	15	6	6	186.56	0		10.356592
2	37	3	0	32	12	18	15	6	6	186.56	0		10.356592
2	36	3	0	32	18	18	15	6	6	186.56	0		10.356592
2	35	3	0	32	12	24	15	6	6	186.56	0		10.356592
2	32	2	0	11	0	11	17	4	5	89.39	0		24.734138
2	34	2	0	11	0	16	17	4	5	89.39	0		24.734138
2	33	2	0	11	0	21	17	4	5	89.39	0		24.734138
2	31	2	0	30	0	5	17	4	5	89.39	0		24.734138
2	30	2	0	30	8	5	17	4	5	89.39	0		24.734138
2	43	3	0	32	18	24	15	6	6	186.56	0		10.356592
2	28	2	0	30	0	10	17	4	5	89.39	0		24.734138
2	19	1	0	0	0	9	11	2	3	11.03	1		1.363454
2	27	1	0	0	0	12	11	2	3	11.03	1		1.363454
2	26	1	0	0	0	15	11	2	3	11.03	1		1.363454
2	25	1	0	0	0	18	11	2	3	11.03	1		1.363454
2	24	1	0	0	22	19	11	2	3	11.03	1		1.363454
6	117	3	0	15	16	0	15	6	6	186.56	0		10.356592
2	22	1	0	0	0	21	11	2	3	11.03	1		1.363454
2	21	1	0	0	2	21	11	2	3	11.03	1		1.363454
2	20	1	0	0	22	22	11	2	3	11.03	1		1.363454
7	142	3	1	47	0	0	15	6	6	186.56	0		10.356592
7	141	3	1	47	0	6	15	6	6	186.56	0		10.356592
7	140	3	1	47	0	12	15	6	6	186.56	0		10.356592
7	139	3	1	47	0	18	15	6	6	186.56	0		10.356592
7	138	3	1	47	0	24	15	6	6	186.56	0		10.356592
7	137	3	1	53	0	0	15	6	6	186.56	0		10.356592
7	136	3	1	53	0	6	15	6	6	186.56	0		10.356592
7	135	3	1	53	0	12	15	6	6	186.56	0		10.356592
7	134	3	1	53	0	18	15	6	6	186.56	0		10.356592
7	133	3	1	53	0	24	15	6	6	186.56	0		10.356592
7	132	2	0	30	8	10	17	4	5	89.39	0		24.734138
7	131	2	0	30	0	15	17	4	5	89.39	0		24.734138
7	130	2	0	30	8	15	17	4	5	89.39	0		24.734138
7	129	2	0	30	0	20	17	4	5	89.39	0		24.734138
7	128	2	0	30	8	20	17	4	5	89.39	0		24.734138
7	127	2	0	30	0	25	17	4	5	89.39	0		24.734138
7	122	1	0	11	0	26	11	2	3	11.03	1		1.363454
7	126	1	0	11	2	26	11	2	3	11.03	1		1.363454
7	125	1	0	15	8	24	11	2	3	11.03	1		1.363454
7	124	1	0	15	8	27	11	2	3	11.03	1		1.363454
7	123	1	0	30	8	25	11	2	3	11.03	1		1.363454


