Name:				346_n020_m400_bt3_8490
Problem:			3L-VRPTW
Number_of_used_Vehicles:	1
Total_Travel_Distance:		258.15
Calculation_Time:		91.01
Total_Iterations:		1
ConstraintSet:			P1

-------------------------------------------------------------------------------------------------------------------
Tour_Id:			1
No_of_Customers:		6
No_of_Items:			131
Customer_Sequence:		11 16 20 5 3 15 

CustId	Id	TypeId	Rotated	x	y	z	Length	Width	Height	mass	Fragility	LoadBearingStrength
15	294	3	0	0	0	0	15	5	5	174.24	0		62.559108
15	293	3	0	0	5	0	15	5	5	174.24	0		62.559108
15	292	3	0	0	10	0	15	5	5	174.24	0		62.559108
15	291	3	0	0	15	0	15	5	5	174.24	0		62.559108
15	284	1	0	0	20	0	9	3	5	23.56	0		1.764253
15	285	1	0	0	0	5	9	3	5	23.56	0		1.764253
15	274	1	0	0	3	5	9	3	5	23.56	0		1.764253
15	283	1	0	0	6	5	9	3	5	23.56	0		1.764253
15	282	1	0	0	9	5	9	3	5	23.56	0		1.764253
15	281	1	0	0	12	5	9	3	5	23.56	0		1.764253
15	280	1	0	0	15	5	9	3	5	23.56	0		1.764253
15	279	1	0	0	18	5	9	3	5	23.56	0		1.764253
15	278	1	0	0	0	10	9	3	5	23.56	0		1.764253
15	277	1	0	0	3	10	9	3	5	23.56	0		1.764253
15	276	1	0	0	6	10	9	3	5	23.56	0		1.764253
15	275	1	0	0	9	10	9	3	5	23.56	0		1.764253
15	286	2	0	0	12	10	6	5	6	36.60	1		2.107025
15	287	2	0	0	17	10	6	5	6	36.60	1		2.107025
15	288	2	0	0	0	15	6	5	6	36.60	1		2.107025
15	289	2	0	0	5	15	6	5	6	36.60	1		2.107025
15	290	2	0	0	12	16	6	5	6	36.60	1		2.107025
3	63	3	0	9	20	0	15	5	5	174.24	0		62.559108
3	62	3	1	9	0	5	15	5	5	174.24	0		62.559108
5	84	1	0	6	12	10	9	3	5	23.56	0		1.764253
3	60	3	0	9	18	5	15	5	5	174.24	0		62.559108
3	59	3	0	6	17	10	15	5	5	174.24	0		62.559108
3	58	3	0	6	17	15	15	5	5	174.24	0		62.559108
3	57	3	0	6	17	20	15	5	5	174.24	0		62.559108
3	56	3	0	6	17	25	15	5	5	174.24	0		62.559108
3	55	3	0	15	0	0	15	5	5	174.24	0		62.559108
3	54	3	0	14	0	5	15	5	5	174.24	0		62.559108
3	41	1	1	6	0	15	9	3	5	23.56	0		1.764253
3	47	1	1	6	0	20	9	3	5	23.56	0		1.764253
3	46	1	1	6	0	25	9	3	5	23.56	0		1.764253
3	45	1	0	9	0	10	9	3	5	23.56	0		1.764253
3	44	1	0	9	3	10	9	3	5	23.56	0		1.764253
3	43	1	0	9	0	15	9	3	5	23.56	0		1.764253
3	42	1	0	9	3	15	9	3	5	23.56	0		1.764253
3	40	1	0	9	0	20	9	3	5	23.56	0		1.764253
3	51	2	0	0	17	16	6	5	6	36.60	1		2.107025
3	52	2	0	0	0	21	6	5	6	36.60	1		2.107025
3	53	2	0	0	5	21	6	5	6	36.60	1		2.107025
3	50	2	0	0	12	22	6	5	6	36.60	1		2.107025
3	49	2	0	0	17	22	6	5	6	36.60	1		2.107025
3	48	2	0	9	6	10	6	5	6	36.60	1		2.107025
5	102	3	0	15	10	0	15	5	5	174.24	0		62.559108
5	101	3	0	15	10	5	15	5	5	174.24	0		62.559108
5	100	3	0	15	10	10	15	5	5	174.24	0		62.559108
5	99	3	0	15	10	15	15	5	5	174.24	0		62.559108
5	98	3	0	15	10	20	15	5	5	174.24	0		62.559108
5	97	3	0	15	10	25	15	5	5	174.24	0		62.559108
5	96	3	0	24	20	0	15	5	5	174.24	0		62.559108
5	95	3	0	24	20	5	15	5	5	174.24	0		62.559108
5	94	3	0	24	20	10	15	5	5	174.24	0		62.559108
5	85	1	0	6	12	15	9	3	5	23.56	0		1.764253
5	86	1	0	6	12	20	9	3	5	23.56	0		1.764253
3	61	3	0	15	5	0	15	5	5	174.24	0		62.559108
5	93	2	0	9	6	16	6	5	6	36.60	1		2.107025
5	92	2	0	9	6	22	6	5	6	36.60	1		2.107025
5	91	2	0	18	0	10	6	5	6	36.60	1		2.107025
5	90	2	0	18	0	16	6	5	6	36.60	1		2.107025
5	89	2	0	18	0	22	6	5	6	36.60	1		2.107025
5	88	2	0	24	0	10	6	5	6	36.60	1		2.107025
5	87	2	0	24	20	15	6	5	6	36.60	1		2.107025
20	400	3	0	30	0	0	15	5	5	174.24	0		62.559108
20	399	3	0	30	5	0	15	5	5	174.24	0		62.559108
16	307	2	0	24	0	16	6	5	6	36.60	1		2.107025
20	397	3	0	30	10	0	15	5	5	174.24	0		62.559108
20	396	3	0	30	15	0	15	5	5	174.24	0		62.559108
20	395	3	0	30	0	5	15	5	5	174.24	0		62.559108
20	394	3	0	30	5	5	15	5	5	174.24	0		62.559108
20	393	3	0	30	10	5	15	5	5	174.24	0		62.559108
20	392	3	0	30	15	5	15	5	5	174.24	0		62.559108
20	391	3	0	30	0	10	15	5	5	174.24	0		62.559108
20	378	1	0	30	5	10	9	3	5	23.56	0		1.764253
20	384	1	0	30	8	10	9	3	5	23.56	0		1.764253
20	383	1	0	30	11	10	9	3	5	23.56	0		1.764253
20	382	1	0	30	14	10	9	3	5	23.56	0		1.764253
20	381	1	0	30	17	10	9	3	5	23.56	0		1.764253
20	380	1	0	30	5	15	9	3	5	23.56	0		1.764253
20	379	1	0	30	8	15	9	3	5	23.56	0		1.764253
20	377	1	0	30	11	15	9	3	5	23.56	0		1.764253
20	388	2	0	24	20	21	6	5	6	36.60	1		2.107025
20	389	2	0	30	14	15	6	5	6	36.60	1		2.107025
20	390	2	0	30	19	15	6	5	6	36.60	1		2.107025
20	387	2	0	30	5	20	6	5	6	36.60	1		2.107025
20	386	2	0	30	14	21	6	5	6	36.60	1		2.107025
20	385	2	0	30	19	21	6	5	6	36.60	1		2.107025
16	315	3	0	30	0	15	15	5	5	174.24	0		62.559108
16	314	3	0	30	0	20	15	5	5	174.24	0		62.559108
16	313	3	0	30	0	25	15	5	5	174.24	0		62.559108
16	312	3	0	39	20	0	15	5	5	174.24	0		62.559108
16	311	3	0	39	20	5	15	5	5	174.24	0		62.559108
16	310	3	1	39	5	10	15	5	5	174.24	0		62.559108
16	309	3	0	39	20	10	15	5	5	174.24	0		62.559108
16	308	3	0	36	19	15	15	5	5	174.24	0		62.559108
16	296	1	0	30	10	20	9	3	5	23.56	0		1.764253
16	298	1	0	30	10	25	9	3	5	23.56	0		1.764253
16	297	1	0	36	14	15	9	3	5	23.56	0		1.764253
16	295	1	0	36	14	20	9	3	5	23.56	0		1.764253
16	304	2	0	24	0	22	6	5	6	36.60	1		2.107025
16	305	2	0	36	19	20	6	5	6	36.60	1		2.107025
16	306	2	0	39	5	15	6	5	6	36.60	1		2.107025
20	398	3	0	45	0	0	15	5	5	174.24	0		62.559108
16	303	2	0	39	5	21	6	5	6	36.60	1		2.107025
16	302	2	0	42	19	20	6	5	6	36.60	1		2.107025
16	301	2	0	45	5	0	6	5	6	36.60	1		2.107025
16	300	2	0	45	10	0	6	5	6	36.60	1		2.107025
16	299	2	0	45	15	0	6	5	6	36.60	1		2.107025
11	215	3	0	45	0	5	15	5	5	174.24	0		62.559108
11	214	3	0	45	0	10	15	5	5	174.24	0		62.559108
11	213	3	0	45	0	15	15	5	5	174.24	0		62.559108
11	212	3	0	45	0	20	15	5	5	174.24	0		62.559108
11	211	3	0	45	0	25	15	5	5	174.24	0		62.559108
11	210	3	1	51	5	0	15	5	5	174.24	0		62.559108
11	209	3	1	51	5	5	15	5	5	174.24	0		62.559108
11	208	3	1	51	5	10	15	5	5	174.24	0		62.559108
11	207	3	1	51	5	15	15	5	5	174.24	0		62.559108
11	195	1	0	36	14	25	9	3	5	23.56	0		1.764253
11	198	1	1	51	5	20	9	3	5	23.56	0		1.764253
11	197	1	1	51	5	25	9	3	5	23.56	0		1.764253
11	196	1	1	56	5	0	9	3	5	23.56	0		1.764253
11	194	1	1	56	14	0	9	3	5	23.56	0		1.764253
11	204	2	0	45	5	6	6	5	6	36.60	1		2.107025
11	205	2	0	45	10	6	6	5	6	36.60	1		2.107025
11	206	2	0	45	5	12	6	5	6	36.60	1		2.107025
11	203	2	0	45	10	12	6	5	6	36.60	1		2.107025
11	202	2	0	45	5	18	6	5	6	36.60	1		2.107025
11	201	2	0	45	10	18	6	5	6	36.60	1		2.107025
11	200	2	0	45	5	24	6	5	6	36.60	1		2.107025
11	199	2	0	45	10	24	6	5	6	36.60	1		2.107025


